2 0.0117208 -2.78274e-06 4.67924e-08 
3 0.00934699 1.91545e-06 4.39425e-08 
4 0.00761185 3.26215e-06 4.18105e-08 
5 0.0077471 2.35963e-06 4.01015e-08 
6 0.00963814 2.7048e-07 3.86623e-08 
7 0.0127539 -2.22051e-06 3.74151e-08 
8 0.0166405 -4.65821e-06 3.63119e-08 
9 0.021087 -6.82632e-06 3.53e-08 
10 0.0260128 -8.58699e-06 3.44178e-08 
11 0.0314058 -1.00179e-05 3.35828e-08 
12 0.037228 -1.11625e-05 3.28178e-08 
13 0.0434285 -1.20976e-05 3.20712e-08 
14 0.0499718 -1.28583e-05 3.13933e-08 
15 0.0568344 -1.34907e-05 3.07828e-08 
16 0.0639991 -1.40679e-05 3.01451e-08 
17 0.0714445 -1.46177e-05 2.95138e-08 
18 0.0791509 -1.51512e-05 2.89437e-08 
19 0.0871046 -1.56771e-05 2.84505e-08 
20 0.0952988 -1.62002e-05 2.80007e-08 
21 0.103732 -1.67224e-05 2.75307e-08 
22 0.112395 -1.72484e-05 2.70479e-08 
23 0.121281 -1.77816e-05 2.65746e-08 
24 0.130382 -1.83221e-05 2.61215e-08 
25 0.139697 -1.88658e-05 2.5686e-08 
26 0.149227 -1.94061e-05 2.52567e-08 
27 0.158967 -1.99426e-05 2.48388e-08 
28 0.168918 -2.04755e-05 2.44378e-08 
29 0.179079 -2.10035e-05 2.40516e-08 
30 0.189453 -2.1523e-05 2.36699e-08 
31 0.200043 -2.203e-05 2.32793e-08 
32 0.210844 -2.25248e-05 2.28845e-08 
33 0.221852 -2.30087e-05 2.24945e-08 
34 0.23306 -2.34829e-05 2.21165e-08 
35 0.24446 -2.39479e-05 2.17558e-08 
36 0.256045 -2.44037e-05 2.14153e-08 
37 0.267806 -2.48496e-05 2.10952e-08 
38 0.279732 -2.52843e-05 2.0793e-08 
39 0.291813 -2.57057e-05 2.0503e-08 
40 0.304034 -2.61109e-05 2.02158e-08 
41 0.316384 -2.64967e-05 1.99218e-08 
42 0.328854 -2.68632e-05 1.96216e-08 
43 0.341438 -2.72111e-05 1.93185e-08 
44 0.354131 -2.7541e-05 1.90154e-08 
45 0.366924 -2.78538e-05 1.87144e-08 
46 0.379813 -2.815e-05 1.84172e-08 
47 0.392792 -2.843e-05 1.81249e-08 
48 0.405854 -2.86944e-05 1.78377e-08 
49 0.418993 -2.89433e-05 1.75552e-08 
50 0.432204 -2.91772e-05 1.72761e-08 
51 0.445481 -2.93959e-05 1.69987e-08 
52 0.45882 -2.96001e-05 1.67241e-08 
53 0.472218 -2.97902e-05 1.64534e-08 
54 0.485672 -2.99667e-05 1.61876e-08 
55 0.49918 -3.01298e-05 1.59273e-08 
56 0.512738 -3.02799e-05 1.56727e-08 
57 0.526346 -3.04171e-05 1.54237e-08 
58 0.540002 -3.05412e-05 1.51794e-08 
59 0.553705 -3.06523e-05 1.49389e-08 
60 0.567455 -3.07499e-05 1.47005e-08 
61 0.58125 -3.08339e-05 1.44627e-08 
62 0.595091 -3.09045e-05 1.42257e-08 
63 0.608974 -3.09622e-05 1.39902e-08 
64 0.622897 -3.10076e-05 1.3757e-08 
65 0.63686 -3.10411e-05 1.35264e-08 
66 0.650861 -3.10629e-05 1.32987e-08 
67 0.664898 -3.10735e-05 1.3074e-08 
68 0.678971 -3.1073e-05 1.28524e-08 
69 0.693078 -3.10617e-05 1.26335e-08 
70 0.707218 -3.10397e-05 1.24169e-08 
71 0.72139 -3.10071e-05 1.22022e-08 
72 0.735595 -3.09643e-05 1.19897e-08 
73 0.749831 -3.09117e-05 1.17796e-08 
74 0.7641 -3.08497e-05 1.15723e-08 
75 0.7784 -3.07786e-05 1.13678e-08 
76 0.792733 -3.06989e-05 1.11663e-08 
77 0.807099 -3.06107e-05 1.09676e-08 
78 0.821498 -3.05143e-05 1.07717e-08 
79 0.835932 -3.04098e-05 1.05783e-08 
80 0.850401 -3.02973e-05 1.03869e-08 
81 0.864906 -3.01771e-05 1.01971e-08 
82 0.879448 -3.00494e-05 1.00092e-08 
83 0.894028 -2.99146e-05 9.82338e-09 
84 0.908647 -2.97732e-05 9.63974e-09 
85 0.923306 -2.96256e-05 9.45845e-09 
86 0.938007 -2.9472e-05 9.27959e-09 
87 0.95275 -2.93128e-05 9.10315e-09 
88 0.967537 -2.91483e-05 8.92911e-09 
89 0.98237 -2.89787e-05 8.75735e-09 
90 0.997249 -2.88042e-05 8.58771e-09 
91 1.01218 -2.8625e-05 8.42001e-09 
92 1.02716 -2.84415e-05 8.25433e-09 
93 1.04219 -2.82539e-05 8.09074e-09 
94 1.05728 -2.80626e-05 7.92932e-09 
95 1.07242 -2.78679e-05 7.77007e-09 
96 1.08763 -2.767e-05 7.61298e-09 
97 1.1029 -2.74691e-05 7.45798e-09 
98 1.11824 -2.72655e-05 7.30498e-09 
99 1.13364 -2.70593e-05 7.15383e-09 
100 1.14912 -2.68506e-05 7.00434e-09 
101 1.16467 -2.66397e-05 6.85635e-09 
102 1.1803 -2.64267e-05 6.70994e-09 
103 1.19601 -2.62121e-05 6.56528e-09 
104 1.21179 -2.59963e-05 6.4225e-09 
105 1.22766 -2.57795e-05 6.28172e-09 
106 1.24362 -2.55622e-05 6.14305e-09 
107 1.25966 -2.53447e-05 6.00658e-09 
108 1.27578 -2.51272e-05 5.87238e-09 
109 1.292 -2.491e-05 5.7405e-09 
110 1.30831 -2.46934e-05 5.61097e-09 
111 1.3247 -2.44777e-05 5.48382e-09 
112 1.34119 -2.4263e-05 5.35903e-09 
113 1.35778 -2.40495e-05 5.23657e-09 
114 1.37446 -2.38375e-05 5.11641e-09 
115 1.39124 -2.3627e-05 4.99846e-09 
116 1.40812 -2.34183e-05 4.88263e-09 
117 1.4251 -2.32113e-05 4.76881e-09 
118 1.44218 -2.30062e-05 4.65685e-09 
119 1.45937 -2.2803e-05 4.54659e-09 
120 1.47665 -2.26018e-05 4.43783e-09 
121 1.49404 -2.24026e-05 4.33041e-09 
122 1.51154 -2.22055e-05 4.22434e-09 
123 1.52914 -2.20109e-05 4.11972e-09 
124 1.54684 -2.1819e-05 4.0166e-09 
125 1.56466 -2.16301e-05 3.91505e-09 
126 1.58258 -2.14443e-05 3.81511e-09 
127 1.6006 -2.12619e-05 3.71683e-09 
128 1.61874 -2.1083e-05 3.62026e-09 
129 1.63698 -2.09079e-05 3.52542e-09 
130 1.65533 -2.07367e-05 3.43232e-09 
131 1.67378 -2.05695e-05 3.341e-09 
132 1.69234 -2.04065e-05 3.25144e-09 
133 1.71101 -2.02479e-05 3.16366e-09 
134 1.72978 -2.00936e-05 3.07763e-09 
135 1.74866 -1.99439e-05 2.99333e-09 
136 1.76764 -1.97987e-05 2.91073e-09 
137 1.78673 -1.96582e-05 2.82979e-09 
138 1.80591 -1.95223e-05 2.75046e-09 
139 1.8252 -1.9391e-05 2.67268e-09 
140 1.84458 -1.92644e-05 2.59637e-09 
141 1.86406 -1.91425e-05 2.52148e-09 
142 1.88364 -1.90253e-05 2.44801e-09 
143 1.90332 -1.8913e-05 2.376e-09 
144 1.92309 -1.88057e-05 2.30546e-09 
145 1.94297 -1.87036e-05 2.23643e-09 
146 1.96294 -1.86068e-05 2.16891e-09 
147 1.98302 -1.85153e-05 2.10292e-09 
148 2.0032 -1.84293e-05 2.03847e-09 
149 2.02348 -1.83488e-05 1.97555e-09 
150 2.04386 -1.82738e-05 1.91416e-09 
151 2.06435 -1.82044e-05 1.8543e-09 
152 2.08494 -1.81407e-05 1.79596e-09 
153 2.10564 -1.80827e-05 1.73911e-09 
154 2.12644 -1.80303e-05 1.68373e-09 
155 2.14735 -1.79836e-05 1.62979e-09 
156 2.16836 -1.79425e-05 1.57726e-09 
157 2.18948 -1.7907e-05 1.5261e-09 
158 2.2107 -1.78771e-05 1.47626e-09 
159 2.23204 -1.78526e-05 1.42769e-09 
160 2.25348 -1.78336e-05 1.38033e-09 
161 2.27502 -1.78198e-05 1.33413e-09 
162 2.29668 -1.78114e-05 1.28909e-09 
163 2.31843 -1.78084e-05 1.24522e-09 
164 2.34027 -1.78108e-05 1.20253e-09 
165 2.36221 -1.78186e-05 1.16103e-09 
166 2.38424 -1.78319e-05 1.12071e-09 
167 2.40635 -1.78507e-05 1.08159e-09 
168 2.42854 -1.7875e-05 1.04366e-09 
169 2.4508 -1.79047e-05 1.00691e-09 
170 2.47313 -1.79398e-05 9.71344e-10 
171 2.49552 -1.79803e-05 9.36947e-10 
172 2.51797 -1.80262e-05 9.03708e-10 
173 2.54047 -1.80773e-05 8.71612e-10 
174 2.56301 -1.81338e-05 8.40643e-10 
175 2.58559 -1.81954e-05 8.10778e-10 
176 2.6082 -1.8262e-05 7.81996e-10 
177 2.63083 -1.83337e-05 7.54269e-10 
178 2.65348 -1.84102e-05 7.27567e-10 
179 2.67613 -1.84915e-05 7.01858e-10 
180 2.69879 -1.85774e-05 6.77107e-10 
181 2.72143 -1.86678e-05 6.5328e-10 
182 2.74407 -1.87626e-05 6.30371e-10 
183 2.76669 -1.88619e-05 6.08381e-10 
184 2.7893 -1.89656e-05 5.87306e-10 
185 2.8119 -1.90736e-05 5.67144e-10 
186 2.83448 -1.91859e-05 5.47888e-10 
187 2.85705 -1.93025e-05 5.29533e-10 
188 2.8796 -1.94233e-05 5.1207e-10 
189 2.90213 -1.95481e-05 4.9549e-10 
190 2.92464 -1.9677e-05 4.79779e-10 
191 2.94713 -1.98098e-05 4.64926e-10 
192 2.9696 -1.99465e-05 4.50916e-10 
193 2.99205 -2.00869e-05 4.37731e-10 
194 3.01447 -2.0231e-05 4.25353e-10 
195 3.03687 -2.03785e-05 4.13763e-10 
196 3.05924 -2.05295e-05 4.02938e-10 
197 3.08159 -2.06837e-05 3.92854e-10 
198 3.1039 -2.08411e-05 3.83486e-10 
199 3.1262 -2.10014e-05 3.74806e-10 
200 3.14846 -2.11645e-05 3.66784e-10 
201 3.17069 -2.13302e-05 3.59395e-10 
202 3.19289 -2.14986e-05 3.5263e-10 
203 3.21505 -2.16694e-05 3.46487e-10 
204 3.23716 -2.18428e-05 3.40962e-10 
205 3.25923 -2.20185e-05 3.36049e-10 
206 3.28124 -2.21965e-05 3.31744e-10 
207 3.30318 -2.23768e-05 3.2804e-10 
208 3.32507 -2.25592e-05 3.24929e-10 
209 3.34688 -2.27437e-05 3.22404e-10 
210 3.36861 -2.29302e-05 3.20456e-10 
211 3.39025 -2.31186e-05 3.19074e-10 
212 3.41181 -2.33087e-05 3.18248e-10 
213 3.43327 -2.35006e-05 3.17967e-10 
214 3.45462 -2.3694e-05 3.18217e-10 
215 3.47587 -2.38888e-05 3.18987e-10 
216 3.49699 -2.40851e-05 3.2026e-10 
217 3.518 -2.42825e-05 3.22022e-10 
218 3.53887 -2.4481e-05 3.24256e-10 
219 3.5596 -2.46805e-05 3.26945e-10 
220 3.58018 -2.48807e-05 3.30072e-10 
221 3.60061 -2.50817e-05 3.33616e-10 
222 3.62088 -2.52831e-05 3.37557e-10 
223 3.64098 -2.5485e-05 3.41874e-10 
224 3.6609 -2.5687e-05 3.46545e-10 
225 3.68063 -2.5889e-05 3.51546e-10 
226 3.70017 -2.60909e-05 3.56857e-10 
227 3.71951 -2.62927e-05 3.62468e-10 
228 3.73865 -2.64941e-05 3.68375e-10 
229 3.7576 -2.66952e-05 3.74572e-10 
230 3.77635 -2.68959e-05 3.81052e-10 
231 3.79491 -2.70961e-05 3.8781e-10 
232 3.81326 -2.72957e-05 3.94839e-10 
233 3.83142 -2.74946e-05 4.02131e-10 
234 3.84938 -2.76928e-05 4.09679e-10 
235 3.86715 -2.78902e-05 4.17474e-10 
236 3.88472 -2.80867e-05 4.25509e-10 
237 3.90209 -2.82822e-05 4.33775e-10 
238 3.91927 -2.84766e-05 4.42262e-10 
239 3.93625 -2.86699e-05 4.50961e-10 
240 3.95304 -2.88619e-05 4.59861e-10 
241 3.96964 -2.90525e-05 4.68953e-10 
242 3.98605 -2.92417e-05 4.78225e-10 
243 4.00227 -2.94293e-05 4.87666e-10 
244 4.0183 -2.96152e-05 4.97264e-10 
245 4.03414 -2.97994e-05 5.07008e-10 
246 4.0498 -2.99818e-05 5.16883e-10 
247 4.06528 -3.01621e-05 5.26879e-10 
248 4.08057 -3.03404e-05 5.36979e-10 
249 4.09569 -3.05165e-05 5.47172e-10 
250 4.11063 -3.06903e-05 5.57442e-10 
251 4.12539 -3.08616e-05 5.67775e-10 
252 4.13998 -3.10305e-05 5.78166e-10 
253 4.15439 -3.11968e-05 5.8861e-10 
254 4.16861 -3.13606e-05 5.991e-10 
255 4.18265 -3.15217e-05 6.09632e-10 
256 4.19649 -3.16801e-05 6.20201e-10 
257 4.21014 -3.18358e-05 6.308e-10 
258 4.2236 -3.19886e-05 6.41424e-10 
259 4.23684 -3.21386e-05 6.52066e-10 
260 4.24989 -3.22857e-05 6.62722e-10 
261 4.26272 -3.24297e-05 6.73384e-10 
262 4.27534 -3.25708e-05 6.84046e-10 
263 4.28774 -3.27088e-05 6.94701e-10 
264 4.29993 -3.28436e-05 7.05343e-10 
265 4.31188 -3.29752e-05 7.15965e-10 
266 4.32361 -3.31036e-05 7.2656e-10 
267 4.3351 -3.32286e-05 7.37121e-10 
268 4.34636 -3.33503e-05 7.47639e-10 
269 4.35737 -3.34686e-05 7.58108e-10 
270 4.36814 -3.35833e-05 7.6852e-10 
271 4.37866 -3.36945e-05 7.78867e-10 
272 4.38892 -3.38022e-05 7.89141e-10 
273 4.39892 -3.39061e-05 7.99333e-10 
274 4.40866 -3.40064e-05 8.09436e-10 
275 4.41814 -3.41028e-05 8.1944e-10 
276 4.42734 -3.41955e-05 8.29338e-10 
277 4.43627 -3.42843e-05 8.39126e-10 
278 4.44494 -3.43692e-05 8.48799e-10 
279 4.45334 -3.44502e-05 8.58356e-10 
280 4.46148 -3.45273e-05 8.67792e-10 
281 4.46937 -3.46005e-05 8.77104e-10 
282 4.47701 -3.46698e-05 8.86289e-10 
283 4.48439 -3.47352e-05 8.95344e-10 
284 4.49154 -3.47966e-05 9.04264e-10 
285 4.49844 -3.4854e-05 9.13046e-10 
286 4.50511 -3.49075e-05 9.21687e-10 
287 4.51155 -3.49569e-05 9.30184e-10 
288 4.51776 -3.50024e-05 9.38533e-10 
289 4.52375 -3.5044e-05 9.4673e-10 
290 4.52953 -3.50815e-05 9.54773e-10 
291 4.53509 -3.5115e-05 9.62656e-10 
292 4.54046 -3.51445e-05 9.70378e-10 
293 4.54562 -3.517e-05 9.77933e-10 
294 4.55059 -3.51915e-05 9.8532e-10 
295 4.55537 -3.52091e-05 9.92533e-10 
296 4.55998 -3.52226e-05 9.9957e-10 
297 4.56441 -3.52321e-05 1.00643e-09 
298 4.56867 -3.52377e-05 1.0131e-09 
299 4.57277 -3.52393e-05 1.01959e-09 
300 4.57672 -3.52369e-05 1.02588e-09 
301 4.58053 -3.52305e-05 1.03198e-09 
302 4.58419 -3.52202e-05 1.03788e-09 
303 4.5877 -3.5206e-05 1.04359e-09 
304 4.59108 -3.51878e-05 1.0491e-09 
305 4.59432 -3.51658e-05 1.05441e-09 
306 4.59742 -3.51398e-05 1.05952e-09 
307 4.60038 -3.51099e-05 1.06444e-09 
308 4.60321 -3.50762e-05 1.06915e-09 
309 4.6059 -3.50387e-05 1.07366e-09 
310 4.60846 -3.49973e-05 1.07796e-09 
311 4.6109 -3.49521e-05 1.08207e-09 
312 4.6132 -3.49032e-05 1.08597e-09 
313 4.61538 -3.48505e-05 1.08967e-09 
314 4.61744 -3.47941e-05 1.09317e-09 
315 4.61937 -3.4734e-05 1.09646e-09 
316 4.62119 -3.46702e-05 1.09955e-09 
317 4.62288 -3.46028e-05 1.10244e-09 
318 4.62447 -3.45318e-05 1.10512e-09 
319 4.62593 -3.44573e-05 1.1076e-09 
320 4.62729 -3.43792e-05 1.10988e-09 
321 4.62853 -3.42976e-05 1.11195e-09 
322 4.62967 -3.42126e-05 1.11382e-09 
323 4.63071 -3.41241e-05 1.11548e-09 
324 4.63164 -3.40323e-05 1.11695e-09 
325 4.63247 -3.39371e-05 1.11821e-09 
326 4.63321 -3.38387e-05 1.11927e-09 
327 4.63385 -3.3737e-05 1.12013e-09 
328 4.6344 -3.36322e-05 1.12079e-09 
329 4.63486 -3.35242e-05 1.12125e-09 
330 4.63523 -3.34131e-05 1.12152e-09 
331 4.63551 -3.3299e-05 1.12158e-09 
332 4.63572 -3.31819e-05 1.12145e-09 
333 4.63584 -3.30619e-05 1.12112e-09 
334 4.63589 -3.2939e-05 1.1206e-09 
335 4.63587 -3.28133e-05 1.11989e-09 
336 4.63578 -3.26849e-05 1.11899e-09 
337 4.63562 -3.25538e-05 1.11789e-09 
338 4.63539 -3.24201e-05 1.11661e-09 
339 4.63511 -3.22839e-05 1.11514e-09 
340 4.63476 -3.21451e-05 1.11349e-09 
341 4.63437 -3.2004e-05 1.11165e-09 
342 4.63392 -3.18606e-05 1.10963e-09 
343 4.63342 -3.17148e-05 1.10743e-09 
344 4.63288 -3.15669e-05 1.10506e-09 
345 4.63229 -3.14169e-05 1.1025e-09 
346 4.63167 -3.12649e-05 1.09978e-09 
347 4.63101 -3.11109e-05 1.09688e-09 
348 4.63032 -3.09551e-05 1.09381e-09 
349 4.62961 -3.07975e-05 1.09058e-09 
350 4.62887 -3.06382e-05 1.08719e-09 
351 4.62811 -3.04773e-05 1.08363e-09 
352 4.62733 -3.03148e-05 1.07991e-09 
353 4.62654 -3.01508e-05 1.07603e-09 
354 4.62573 -2.99854e-05 1.072e-09 
355 4.62492 -2.98185e-05 1.06781e-09 
356 4.62409 -2.96502e-05 1.06347e-09 
357 4.62326 -2.94806e-05 1.05898e-09 
358 4.62243 -2.93097e-05 1.05433e-09 
359 4.6216 -2.91375e-05 1.04954e-09 
360 4.62076 -2.89641e-05 1.04459e-09 
361 4.61993 -2.87895e-05 1.03951e-09 
362 4.61911 -2.86138e-05 1.03428e-09 
363 4.6183 -2.8437e-05 1.02891e-09 
364 4.6175 -2.82592e-05 1.0234e-09 
365 4.61672 -2.80805e-05 1.01775e-09 
366 4.61595 -2.79008e-05 1.01197e-09 
367 4.6152 -2.77203e-05 1.00605e-09 
368 4.61448 -2.75389e-05 1e-09 
369 4.61378 -2.73568e-05 9.93831e-10 
370 4.61311 -2.71739e-05 9.87532e-10 
371 4.61247 -2.69904e-05 9.8111e-10 
372 4.61186 -2.68063e-05 9.74568e-10 
373 4.61129 -2.66217e-05 9.67908e-10 
374 4.61076 -2.64365e-05 9.61134e-10 
375 4.61027 -2.6251e-05 9.54247e-10 
376 4.60982 -2.60651e-05 9.47252e-10 
377 4.60942 -2.58788e-05 9.4015e-10 
378 4.60908 -2.56923e-05 9.32945e-10 
379 4.60878 -2.55057e-05 9.2564e-10 
380 4.60855 -2.53189e-05 9.18238e-10 
381 4.60837 -2.5132e-05 9.10743e-10 
382 4.60826 -2.49452e-05 9.03158e-10 
383 4.60821 -2.47584e-05 8.95485e-10 
384 4.60823 -2.45717e-05 8.8773e-10 
385 4.60832 -2.43853e-05 8.79895e-10 
386 4.60848 -2.41991e-05 8.71983e-10 
387 4.60872 -2.40133e-05 8.64e-10 
388 4.60905 -2.38279e-05 8.55947e-10 
389 4.60945 -2.36429e-05 8.4783e-10 
390 4.60995 -2.34585e-05 8.39652e-10 
391 4.61053 -2.32748e-05 8.31418e-10 
392 4.61121 -2.30917e-05 8.2313e-10 
393 4.61198 -2.29094e-05 8.14795e-10 
394 4.61285 -2.2728e-05 8.06415e-10 
395 4.61383 -2.25475e-05 7.97995e-10 
396 4.61491 -2.23679e-05 7.8954e-10 
397 4.6161 -2.21895e-05 7.81053e-10 
398 4.61741 -2.20122e-05 7.72541e-10 
399 4.61883 -2.18362e-05 7.64007e-10 
400 4.62037 -2.16615e-05 7.55456e-10 
401 4.62203 -2.14881e-05 7.46892e-10 
402 4.62381 -2.13162e-05 7.38318e-10 
403 4.62572 -2.11458e-05 7.29735e-10 
404 4.62775 -2.09768e-05 7.21144e-10 
405 4.6299 -2.08093e-05 7.12547e-10 
406 4.63216 -2.06433e-05 7.03946e-10 
407 4.63455 -2.04789e-05 6.95342e-10 
408 4.63706 -2.03161e-05 6.86737e-10 
409 4.63968 -2.01548e-05 6.78133e-10 
410 4.64242 -1.99951e-05 6.6953e-10 
411 4.64528 -1.98371e-05 6.60932e-10 
412 4.64825 -1.96807e-05 6.52339e-10 
413 4.65134 -1.9526e-05 6.43753e-10 
414 4.65454 -1.9373e-05 6.35176e-10 
415 4.65785 -1.92216e-05 6.26609e-10 
416 4.66127 -1.90721e-05 6.18055e-10 
417 4.6648 -1.89243e-05 6.09515e-10 
418 4.66844 -1.87782e-05 6.00991e-10 
419 4.67218 -1.8634e-05 5.92485e-10 
420 4.67603 -1.84915e-05 5.83998e-10 
421 4.67999 -1.83509e-05 5.75532e-10 
422 4.68404 -1.82122e-05 5.6709e-10 
423 4.68819 -1.80753e-05 5.58672e-10 
424 4.69245 -1.79404e-05 5.50282e-10 
425 4.6968 -1.78073e-05 5.4192e-10 
426 4.70124 -1.76761e-05 5.3359e-10 
427 4.70578 -1.75469e-05 5.25292e-10 
428 4.71041 -1.74197e-05 5.17028e-10 
429 4.71512 -1.72944e-05 5.08802e-10 
430 4.71993 -1.71712e-05 5.00613e-10 
431 4.72481 -1.70499e-05 4.92466e-10 
432 4.72978 -1.69307e-05 4.84361e-10 
433 4.73483 -1.68135e-05 4.76301e-10 
434 4.73996 -1.66984e-05 4.68288e-10 
435 4.74516 -1.65853e-05 4.60323e-10 
436 4.75043 -1.64744e-05 4.5241e-10 
437 4.75578 -1.63655e-05 4.4455e-10 
438 4.76119 -1.62588e-05 4.36744e-10 
439 4.76666 -1.61542e-05 4.28997e-10 
440 4.7722 -1.60517e-05 4.21309e-10 
441 4.77779 -1.59514e-05 4.13682e-10 
442 4.78344 -1.58533e-05 4.0612e-10 
443 4.78914 -1.57574e-05 3.98623e-10 
444 4.79489 -1.56637e-05 3.91196e-10 
445 4.80069 -1.55721e-05 3.83838e-10 
446 4.80653 -1.54828e-05 3.76554e-10 
447 4.81241 -1.53958e-05 3.69346e-10 
448 4.81832 -1.5311e-05 3.62215e-10 
449 4.82427 -1.52284e-05 3.55163e-10 
450 4.83024 -1.51481e-05 3.48195e-10 
451 4.83625 -1.50701e-05 3.4131e-10 
452 4.84227 -1.49943e-05 3.34511e-10 
453 4.84832 -1.49209e-05 3.27797e-10 
454 4.85439 -1.48496e-05 3.2117e-10 
455 4.86048 -1.47806e-05 3.14629e-10 
456 4.8666 -1.47139e-05 3.08175e-10 
457 4.87273 -1.46494e-05 3.01808e-10 
458 4.87888 -1.45871e-05 2.95529e-10 
459 4.88504 -1.4527e-05 2.89338e-10 
460 4.89122 -1.44691e-05 2.83236e-10 
461 4.89742 -1.44133e-05 2.77222e-10 
462 4.90363 -1.43598e-05 2.71297e-10 
463 4.90985 -1.43084e-05 2.65462e-10 
464 4.91608 -1.42591e-05 2.59716e-10 
465 4.92232 -1.4212e-05 2.5406e-10 
466 4.92857 -1.4167e-05 2.48494e-10 
467 4.93482 -1.4124e-05 2.43018e-10 
468 4.94108 -1.40832e-05 2.37633e-10 
469 4.94734 -1.40444e-05 2.32339e-10 
470 4.9536 -1.40076e-05 2.27136e-10 
471 4.95987 -1.39728e-05 2.22024e-10 
472 4.96613 -1.39401e-05 2.17003e-10 
473 4.97239 -1.39093e-05 2.12074e-10 
474 4.97864 -1.38805e-05 2.07236e-10 
475 4.98489 -1.38536e-05 2.02489e-10 
476 4.99113 -1.38286e-05 1.97834e-10 
477 4.99737 -1.38055e-05 1.93271e-10 
478 5.00359 -1.37842e-05 1.888e-10 
479 5.00979 -1.37648e-05 1.8442e-10 
480 5.01598 -1.37472e-05 1.80133e-10 
481 5.02216 -1.37314e-05 1.75937e-10 
482 5.02831 -1.37173e-05 1.71832e-10 
483 5.03445 -1.3705e-05 1.67819e-10 
484 5.04056 -1.36943e-05 1.63898e-10 
485 5.04665 -1.36853e-05 1.60068e-10 
486 5.05271 -1.36779e-05 1.5633e-10 
487 5.05874 -1.36722e-05 1.52683e-10 
488 5.06474 -1.3668e-05 1.49127e-10 
489 5.07071 -1.36653e-05 1.45661e-10 
490 5.07664 -1.36641e-05 1.42287e-10 
491 5.08253 -1.36644e-05 1.39003e-10 
492 5.08839 -1.36661e-05 1.35809e-10 
493 5.0942 -1.36692e-05 1.32705e-10 
494 5.09996 -1.36737e-05 1.29691e-10 
495 5.10568 -1.36795e-05 1.26766e-10 
496 5.11135 -1.36865e-05 1.23931e-10 
497 5.11697 -1.36948e-05 1.21184e-10 
498 5.12253 -1.37043e-05 1.18525e-10 
499 5.12804 -1.37149e-05 1.15955e-10 
500 5.13349 -1.37266e-05 1.13472e-10 
501 5.13887 -1.37394e-05 1.11076e-10 
502 5.1442 -1.37532e-05 1.08767e-10 
503 5.14945 -1.37681e-05 1.06545e-10 
504 5.15464 -1.3784e-05 1.04407e-10 
505 5.15977 -1.38008e-05 1.02355e-10 
506 5.16482 -1.38186e-05 1.00387e-10 
507 5.1698 -1.38374e-05 9.85033e-11 
508 5.17472 -1.3857e-05 9.67025e-11 
509 5.17956 -1.38775e-05 9.49841e-11 
510 5.18432 -1.38989e-05 9.33475e-11 
511 5.18901 -1.39212e-05 9.1792e-11 
512 5.19362 -1.39442e-05 9.03168e-11 
513 5.19815 -1.39681e-05 8.89211e-11 
514 5.2026 -1.39927e-05 8.76042e-11 
515 5.20697 -1.40181e-05 8.63652e-11 
516 5.21125 -1.40441e-05 8.52034e-11 
517 5.21545 -1.40708e-05 8.41178e-11 
518 5.21956 -1.40982e-05 8.31075e-11 
519 5.22359 -1.41263e-05 8.21717e-11 
520 5.22752 -1.41549e-05 8.13094e-11 
521 5.23136 -1.4184e-05 8.05196e-11 
522 5.23511 -1.42137e-05 7.98013e-11 
523 5.23876 -1.4244e-05 7.91536e-11 
524 5.24232 -1.42746e-05 7.85753e-11 
525 5.24577 -1.43058e-05 7.80655e-11 
526 5.24913 -1.43373e-05 7.7623e-11 
527 5.25238 -1.43692e-05 7.72467e-11 
528 5.25553 -1.44015e-05 7.69355e-11 
529 5.25857 -1.4434e-05 7.66881e-11 
530 5.26151 -1.44668e-05 7.65035e-11 
531 5.26433 -1.44999e-05 7.63803e-11 
532 5.26705 -1.45332e-05 7.63173e-11 
533 5.26965 -1.45666e-05 7.63133e-11 
534 5.27213 -1.46001e-05 7.63669e-11 
535 5.2745 -1.46338e-05 7.64768e-11 
536 5.27674 -1.46675e-05 7.66417e-11 
537 5.27887 -1.47011e-05 7.68601e-11 
538 5.28087 -1.47348e-05 7.71306e-11 
539 5.28275 -1.47684e-05 7.74518e-11 
540 5.2845 -1.48019e-05 7.78223e-11 
541 5.28612 -1.48353e-05 7.82405e-11 
542 5.28761 -1.48684e-05 7.87049e-11 
543 5.28896 -1.49013e-05 7.92139e-11 
544 5.29018 -1.49339e-05 7.9766e-11 
545 5.29126 -1.49663e-05 8.03595e-11 
546 5.2922 -1.49982e-05 8.09929e-11 
547 5.293 -1.50297e-05 8.16644e-11 
548 5.29365 -1.50608e-05 8.23724e-11 
549 5.29416 -1.50914e-05 8.3115e-11 
550 5.29451 -1.51214e-05 8.38907e-11 
551 5.29472 -1.51509e-05 8.46977e-11 
552 5.29477 -1.51797e-05 8.55352e-11 
553 5.29468 -1.52079e-05 8.64025e-11 
554 5.29443 -1.52355e-05 8.7299e-11 
555 5.29404 -1.52625e-05 8.82239e-11 
556 5.29351 -1.52888e-05 8.91765e-11 
557 5.29282 -1.53144e-05 9.01561e-11 
558 5.292 -1.53394e-05 9.1162e-11 
559 5.29103 -1.53638e-05 9.21933e-11 
560 5.28992 -1.53874e-05 9.32493e-11 
561 5.28866 -1.54103e-05 9.43293e-11 
562 5.28727 -1.54325e-05 9.54324e-11 
563 5.28574 -1.5454e-05 9.65578e-11 
564 5.28408 -1.54748e-05 9.77046e-11 
565 5.28227 -1.54949e-05 9.88722e-11 
566 5.28034 -1.55142e-05 1.00059e-10 
567 5.27827 -1.55327e-05 1.01266e-10 
568 5.27607 -1.55504e-05 1.0249e-10 
569 5.27374 -1.55674e-05 1.03731e-10 
570 5.27128 -1.55836e-05 1.04989e-10 
571 5.2687 -1.5599e-05 1.06262e-10 
572 5.26599 -1.56136e-05 1.07549e-10 
573 5.26315 -1.56273e-05 1.0885e-10 
574 5.26019 -1.56402e-05 1.10163e-10 
575 5.25712 -1.56523e-05 1.11488e-10 
576 5.25392 -1.56635e-05 1.12823e-10 
577 5.2506 -1.56738e-05 1.14168e-10 
578 5.24717 -1.56832e-05 1.15521e-10 
579 5.24363 -1.56918e-05 1.16881e-10 
580 5.23997 -1.56994e-05 1.18248e-10 
581 5.23621 -1.57061e-05 1.1962e-10 
582 5.23233 -1.57119e-05 1.20997e-10 
583 5.22835 -1.57167e-05 1.22376e-10 
584 5.22426 -1.57206e-05 1.23758e-10 
585 5.22007 -1.57235e-05 1.2514e-10 
586 5.21578 -1.57255e-05 1.26522e-10 
587 5.21138 -1.57264e-05 1.27902e-10 
588 5.2069 -1.57264e-05 1.2928e-10 
589 5.20231 -1.57253e-05 1.30654e-10 
590 5.19763 -1.57232e-05 1.32023e-10 
591 5.19286 -1.572e-05 1.33386e-10 
592 5.18801 -1.57158e-05 1.34741e-10 
593 5.18306 -1.57106e-05 1.36088e-10 
594 5.17803 -1.57042e-05 1.37425e-10 
595 5.17292 -1.56968e-05 1.3875e-10 
596 5.16773 -1.56882e-05 1.40063e-10 
597 5.16245 -1.56786e-05 1.41361e-10 
598 5.15711 -1.56678e-05 1.42645e-10 
599 5.15169 -1.56558e-05 1.43912e-10 
600 5.14619 -1.56427e-05 1.45161e-10 
601 5.14063 -1.56284e-05 1.46391e-10 
602 5.135 -1.5613e-05 1.47602e-10 
603 5.12931 -1.55964e-05 1.48793e-10 
604 5.12355 -1.55786e-05 1.49963e-10 
605 5.11773 -1.55598e-05 1.51114e-10 
606 5.11184 -1.55397e-05 1.52244e-10 
607 5.1059 -1.55186e-05 1.53354e-10 
608 5.0999 -1.54963e-05 1.54442e-10 
609 5.09384 -1.54729e-05 1.5551e-10 
610 5.08773 -1.54485e-05 1.56556e-10 
611 5.08156 -1.54229e-05 1.57581e-10 
612 5.07534 -1.53963e-05 1.58584e-10 
613 5.06907 -1.53685e-05 1.59565e-10 
614 5.06276 -1.53398e-05 1.60523e-10 
615 5.05639 -1.53099e-05 1.6146e-10 
616 5.04998 -1.52791e-05 1.62373e-10 
617 5.04353 -1.52472e-05 1.63264e-10 
618 5.03704 -1.52143e-05 1.64131e-10 
619 5.0305 -1.51804e-05 1.64975e-10 
620 5.02393 -1.51454e-05 1.65795e-10 
621 5.01732 -1.51095e-05 1.66592e-10 
622 5.01068 -1.50727e-05 1.67364e-10 
623 5.00401 -1.50348e-05 1.68112e-10 
624 4.9973 -1.4996e-05 1.68836e-10 
625 4.99057 -1.49563e-05 1.69535e-10 
626 4.98381 -1.49157e-05 1.70209e-10 
627 4.97703 -1.48741e-05 1.70857e-10 
628 4.97022 -1.48317e-05 1.7148e-10 
629 4.96339 -1.47883e-05 1.72077e-10 
630 4.95655 -1.47441e-05 1.72648e-10 
631 4.94968 -1.4699e-05 1.73193e-10 
632 4.94281 -1.46531e-05 1.73712e-10 
633 4.93592 -1.46064e-05 1.74204e-10 
634 4.92902 -1.45588e-05 1.74669e-10 
635 4.92211 -1.45104e-05 1.75106e-10 
636 4.91519 -1.44612e-05 1.75517e-10 
637 4.90828 -1.44113e-05 1.75899e-10 
638 4.90136 -1.43606e-05 1.76254e-10 
639 4.89444 -1.43092e-05 1.7658e-10 
640 4.88752 -1.4257e-05 1.76879e-10 
641 4.88061 -1.42042e-05 1.77148e-10 
642 4.8737 -1.41506e-05 1.77389e-10 
643 4.86681 -1.40963e-05 1.776e-10 
644 4.85992 -1.40414e-05 1.77782e-10 
645 4.85305 -1.39859e-05 1.77935e-10 
646 4.8462 -1.39297e-05 1.78057e-10 
647 4.83937 -1.38729e-05 1.7815e-10 
648 4.83255 -1.38155e-05 1.78212e-10 
649 4.82576 -1.37576e-05 1.78243e-10 
650 4.819 -1.3699e-05 1.78244e-10 
651 4.81227 -1.364e-05 1.78213e-10 
652 4.80556 -1.35804e-05 1.78152e-10 
653 4.79889 -1.35203e-05 1.7806e-10 
654 4.79224 -1.34597e-05 1.77937e-10 
655 4.78562 -1.33986e-05 1.77785e-10 
656 4.77904 -1.33371e-05 1.77602e-10 
657 4.77248 -1.32751e-05 1.7739e-10 
658 4.76595 -1.32126e-05 1.77149e-10 
659 4.75946 -1.31498e-05 1.76878e-10 
660 4.753 -1.30865e-05 1.76579e-10 
661 4.74656 -1.30228e-05 1.76251e-10 
662 4.74016 -1.29588e-05 1.75895e-10 
663 4.73379 -1.28944e-05 1.75511e-10 
664 4.72746 -1.28296e-05 1.75099e-10 
665 4.72115 -1.27646e-05 1.7466e-10 
666 4.71488 -1.26992e-05 1.74194e-10 
667 4.70864 -1.26335e-05 1.73702e-10 
668 4.70244 -1.25675e-05 1.73183e-10 
669 4.69626 -1.25013e-05 1.72638e-10 
670 4.69012 -1.24349e-05 1.72067e-10 
671 4.68402 -1.23682e-05 1.71472e-10 
672 4.67794 -1.23013e-05 1.70851e-10 
673 4.67191 -1.22342e-05 1.70205e-10 
674 4.6659 -1.21669e-05 1.69535e-10 
675 4.65993 -1.20995e-05 1.68842e-10 
676 4.654 -1.2032e-05 1.68124e-10 
677 4.6481 -1.19643e-05 1.67384e-10 
678 4.64223 -1.18966e-05 1.66621e-10 
679 4.6364 -1.18288e-05 1.65835e-10 
680 4.6306 -1.17609e-05 1.65028e-10 
681 4.62484 -1.16929e-05 1.64199e-10 
682 4.61912 -1.1625e-05 1.63349e-10 
683 4.61343 -1.1557e-05 1.62478e-10 
684 4.60778 -1.14891e-05 1.61587e-10 
685 4.60216 -1.14212e-05 1.60675e-10 
686 4.59658 -1.13534e-05 1.59745e-10 
687 4.59103 -1.12857e-05 1.58795e-10 
688 4.58552 -1.1218e-05 1.57827e-10 
689 4.58005 -1.11505e-05 1.56841e-10 
690 4.57461 -1.10832e-05 1.55837e-10 
691 4.56921 -1.1016e-05 1.54816e-10 
692 4.56385 -1.0949e-05 1.53778e-10 
693 4.55852 -1.08822e-05 1.52724e-10 
694 4.55323 -1.08156e-05 1.51654e-10 
695 4.54798 -1.07494e-05 1.50569e-10 
696 4.54276 -1.06833e-05 1.49469e-10 
697 4.53758 -1.06176e-05 1.48355e-10 
698 4.53244 -1.05523e-05 1.47227e-10 
699 4.52733 -1.04872e-05 1.46086e-10 
700 4.52226 -1.04226e-05 1.44933e-10 
701 4.51723 -1.03583e-05 1.43767e-10 
702 4.51223 -1.02945e-05 1.42589e-10 
703 4.50728 -1.0231e-05 1.414e-10 
704 4.50237 -1.0168e-05 1.40199e-10 
705 4.4975 -1.01054e-05 1.38988e-10 
706 4.49267 -1.00432e-05 1.37767e-10 
707 4.48789 -9.98152e-06 1.36535e-10 
708 4.48315 -9.92026e-06 1.35293e-10 
709 4.47846 -9.85945e-06 1.34043e-10 
710 4.47382 -9.7991e-06 1.32783e-10 
711 4.46923 -9.73923e-06 1.31515e-10 
712 4.46468 -9.67984e-06 1.30238e-10 
713 4.4602 -9.62093e-06 1.28954e-10 
714 4.45576 -9.56252e-06 1.27662e-10 
715 4.45138 -9.50462e-06 1.26363e-10 
716 4.44706 -9.44722e-06 1.25057e-10 
717 4.4428 -9.39034e-06 1.23746e-10 
718 4.43859 -9.33399e-06 1.22428e-10 
719 4.43445 -9.27817e-06 1.21105e-10 
720 4.43036 -9.2229e-06 1.19777e-10 
721 4.42634 -9.16817e-06 1.18444e-10 
722 4.42239 -9.11401e-06 1.17108e-10 
723 4.4185 -9.0604e-06 1.15767e-10 
724 4.41468 -9.00737e-06 1.14423e-10 
725 4.41093 -8.95493e-06 1.13077e-10 
726 4.40725 -8.90307e-06 1.11728e-10 
727 4.40364 -8.85181e-06 1.10377e-10 
728 4.4001 -8.80115e-06 1.09024e-10 
729 4.39664 -8.75111e-06 1.07671e-10 
730 4.39326 -8.70169e-06 1.06317e-10 
731 4.38995 -8.6529e-06 1.04963e-10 
732 4.38673 -8.60475e-06 1.03609e-10 
733 4.38358 -8.55725e-06 1.02256e-10 
734 4.38051 -8.5104e-06 1.00905e-10 
735 4.37753 -8.46422e-06 9.95548e-11 
736 4.37464 -8.4187e-06 9.82074e-11 
737 4.37183 -8.37387e-06 9.68628e-11 
738 4.36911 -8.32972e-06 9.55216e-11 
739 4.36648 -8.28627e-06 9.41842e-11 
740 4.36394 -8.24353e-06 9.28511e-11 
741 4.3615 -8.2015e-06 9.15229e-11 
742 4.35914 -8.16019e-06 9.02001e-11 
743 4.35689 -8.11961e-06 8.88832e-11 
744 4.35473 -8.07978e-06 8.75728e-11 
745 4.35267 -8.04069e-06 8.62693e-11 
746 4.35072 -8.00235e-06 8.49734e-11 
747 4.34886 -7.96479e-06 8.36855e-11 
748 4.34711 -7.92799e-06 8.24063e-11 
749 4.34547 -7.89198e-06 8.11363e-11 
750 4.34393 -7.85677e-06 7.98761e-11 
751 4.3425 -7.82235e-06 7.86261e-11 
752 4.34118 -7.78872e-06 7.73865e-11 
753 4.33996 -7.75589e-06 7.61576e-11 
754 4.33884 -7.72384e-06 7.49393e-11 
755 4.33782 -7.69258e-06 7.37319e-11 
756 4.33689 -7.66209e-06 7.25355e-11 
757 4.33606 -7.63238e-06 7.13502e-11 
758 4.33531 -7.60343e-06 7.01761e-11 
759 4.33465 -7.57524e-06 6.90134e-11 
760 4.33408 -7.54781e-06 6.78623e-11 
761 4.33358 -7.52112e-06 6.67227e-11 
762 4.33316 -7.49519e-06 6.5595e-11 
763 4.33281 -7.46999e-06 6.44791e-11 
764 4.33253 -7.44552e-06 6.33754e-11 
765 4.33231 -7.42179e-06 6.22838e-11 
766 4.33216 -7.39877e-06 6.12045e-11 
767 4.33207 -7.37647e-06 6.01376e-11 
768 4.33204 -7.35487e-06 5.90834e-11 
769 4.33206 -7.33398e-06 5.80419e-11 
770 4.33213 -7.31378e-06 5.70133e-11 
771 4.33224 -7.29427e-06 5.59977e-11 
772 4.3324 -7.27545e-06 5.49952e-11 
773 4.33259 -7.2573e-06 5.4006e-11 
774 4.33282 -7.23981e-06 5.30302e-11 
775 4.33308 -7.22299e-06 5.2068e-11 
776 4.33337 -7.20682e-06 5.11195e-11 
777 4.33368 -7.1913e-06 5.01848e-11 
778 4.33401 -7.17641e-06 4.92641e-11 
779 4.33435 -7.16216e-06 4.83576e-11 
780 4.33471 -7.14853e-06 4.74653e-11 
781 4.33508 -7.13551e-06 4.65874e-11 
782 4.33545 -7.12311e-06 4.57241e-11 
783 4.33582 -7.1113e-06 4.48754e-11 
784 4.33618 -7.10008e-06 4.40416e-11 
785 4.33654 -7.08944e-06 4.32228e-11 
786 4.33688 -7.07938e-06 4.24191e-11 
787 4.33721 -7.06988e-06 4.16307e-11 
788 4.33752 -7.06094e-06 4.08577e-11 
789 4.3378 -7.05255e-06 4.01002e-11 
790 4.33805 -7.0447e-06 3.93585e-11 
791 4.33827 -7.03737e-06 3.86326e-11 
792 4.33845 -7.03057e-06 3.79227e-11 
793 4.33858 -7.02427e-06 3.7229e-11 
794 4.33867 -7.01848e-06 3.65515e-11 
795 4.3387 -7.01318e-06 3.58905e-11 
796 4.33868 -7.00836e-06 3.52461e-11 
797 4.3386 -7.00401e-06 3.46184e-11 
798 4.33845 -7.00013e-06 3.40077e-11 
799 4.33823 -6.99669e-06 3.34139e-11 
800 4.33793 -6.9937e-06 3.28373e-11 
801 4.33756 -6.99114e-06 3.22781e-11 
802 4.3371 -6.989e-06 3.1736e-11 
803 4.33656 -6.98728e-06 3.12111e-11 
804 4.33594 -6.98596e-06 3.07032e-11 
805 4.33524 -6.98504e-06 3.02122e-11 
806 4.33446 -6.9845e-06 2.9738e-11 
807 4.3336 -6.98434e-06 2.92805e-11 
808 4.33265 -6.98455e-06 2.88394e-11 
809 4.33163 -6.98513e-06 2.84149e-11 
810 4.33052 -6.98605e-06 2.80066e-11 
811 4.32933 -6.98731e-06 2.76145e-11 
812 4.32806 -6.9889e-06 2.72384e-11 
813 4.3267 -6.99082e-06 2.68782e-11 
814 4.32527 -6.99305e-06 2.65338e-11 
815 4.32375 -6.99558e-06 2.62051e-11 
816 4.32215 -6.9984e-06 2.58919e-11 
817 4.32046 -7.0015e-06 2.5594e-11 
818 4.3187 -7.00487e-06 2.53114e-11 
819 4.31685 -7.00851e-06 2.50438e-11 
820 4.31491 -7.01239e-06 2.47912e-11 
821 4.3129 -7.01651e-06 2.45534e-11 
822 4.3108 -7.02086e-06 2.43302e-11 
823 4.30862 -7.02543e-06 2.41214e-11 
824 4.30635 -7.03021e-06 2.3927e-11 
825 4.30401 -7.03518e-06 2.37468e-11 
826 4.30158 -7.04034e-06 2.35806e-11 
827 4.29906 -7.04567e-06 2.34282e-11 
828 4.29646 -7.05116e-06 2.32894e-11 
829 4.29378 -7.0568e-06 2.31642e-11 
830 4.29101 -7.06257e-06 2.30524e-11 
831 4.28817 -7.06848e-06 2.29537e-11 
832 4.28523 -7.07449e-06 2.2868e-11 
833 4.28221 -7.08061e-06 2.27951e-11 
834 4.27911 -7.08682e-06 2.27348e-11 
835 4.27593 -7.09311e-06 2.2687e-11 
836 4.27266 -7.09946e-06 2.26514e-11 
837 4.26931 -7.10586e-06 2.2628e-11 
838 4.26587 -7.1123e-06 2.26164e-11 
839 4.26235 -7.11877e-06 2.26165e-11 
840 4.25874 -7.12525e-06 2.26281e-11 
841 4.25505 -7.13174e-06 2.26511e-11 
842 4.25127 -7.13821e-06 2.26851e-11 
843 4.24741 -7.14465e-06 2.27301e-11 
844 4.24347 -7.15105e-06 2.27857e-11 
845 4.23944 -7.1574e-06 2.28519e-11 
846 4.23533 -7.16369e-06 2.29284e-11 
847 4.23113 -7.16989e-06 2.30149e-11 
848 4.22684 -7.17599e-06 2.31113e-11 
849 4.22248 -7.18199e-06 2.32173e-11 
850 4.21802 -7.18787e-06 2.33328e-11 
851 4.21349 -7.1936e-06 2.34574e-11 
852 4.20887 -7.1992e-06 2.35911e-11 
853 4.20416 -7.20465e-06 2.37337e-11 
854 4.19938 -7.20995e-06 2.38849e-11 
855 4.19452 -7.21509e-06 2.40446e-11 
856 4.18958 -7.22007e-06 2.42125e-11 
857 4.18456 -7.22489e-06 2.43886e-11 
858 4.17946 -7.22954e-06 2.45726e-11 
859 4.17429 -7.23401e-06 2.47642e-11 
860 4.16905 -7.23831e-06 2.49634e-11 
861 4.16374 -7.24242e-06 2.51699e-11 
862 4.15836 -7.24634e-06 2.53835e-11 
863 4.15291 -7.25008e-06 2.56041e-11 
864 4.14739 -7.25361e-06 2.58313e-11 
865 4.14181 -7.25694e-06 2.6065e-11 
866 4.13616 -7.26007e-06 2.6305e-11 
867 4.13045 -7.26298e-06 2.65511e-11 
868 4.12468 -7.26568e-06 2.6803e-11 
869 4.11885 -7.26815e-06 2.70606e-11 
870 4.11296 -7.2704e-06 2.73236e-11 
871 4.10702 -7.27242e-06 2.75918e-11 
872 4.10102 -7.27419e-06 2.7865e-11 
873 4.09497 -7.27573e-06 2.81429e-11 
874 4.08886 -7.27702e-06 2.84254e-11 
875 4.08271 -7.27805e-06 2.87121e-11 
876 4.07651 -7.27883e-06 2.90029e-11 
877 4.07026 -7.27935e-06 2.92976e-11 
878 4.06396 -7.2796e-06 2.95958e-11 
879 4.05763 -7.27957e-06 2.98973e-11 
880 4.05125 -7.27926e-06 3.0202e-11 
881 4.04483 -7.27867e-06 3.05096e-11 
882 4.03837 -7.27779e-06 3.08197e-11 
883 4.03188 -7.27662e-06 3.11323e-11 
884 4.02535 -7.27514e-06 3.14469e-11 
885 4.01879 -7.27336e-06 3.17634e-11 
886 4.0122 -7.27126e-06 3.20815e-11 
887 4.00558 -7.26885e-06 3.2401e-11 
888 3.99893 -7.26611e-06 3.27216e-11 
889 3.99226 -7.26305e-06 3.3043e-11 
890 3.98556 -7.25965e-06 3.33649e-11 
891 3.97885 -7.2559e-06 3.36872e-11 
892 3.97211 -7.25182e-06 3.40094e-11 
893 3.96535 -7.24737e-06 3.43314e-11 
894 3.95858 -7.24258e-06 3.46529e-11 
895 3.95179 -7.23741e-06 3.49736e-11 
896 3.94499 -7.23188e-06 3.52932e-11 
897 3.93819 -7.22597e-06 3.56115e-11 
898 3.93137 -7.21967e-06 3.59281e-11 
899 3.92455 -7.21299e-06 3.62428e-11 
900 3.91772 -7.20592e-06 3.65552e-11 
901 3.91089 -7.19844e-06 3.68652e-11 
902 3.90406 -7.19057e-06 3.71725e-11 
903 3.89723 -7.1823e-06 3.74772e-11 
904 3.89039 -7.17363e-06 3.77791e-11 
905 3.88355 -7.16457e-06 3.80782e-11 
906 3.8767 -7.15512e-06 3.83743e-11 
907 3.86986 -7.14529e-06 3.86673e-11 
908 3.86301 -7.13506e-06 3.89573e-11 
909 3.85615 -7.12446e-06 3.92441e-11 
910 3.84929 -7.11347e-06 3.95275e-11 
911 3.84242 -7.10211e-06 3.98076e-11 
912 3.83555 -7.09037e-06 4.00842e-11 
913 3.82867 -7.07825e-06 4.03572e-11 
914 3.82178 -7.06577e-06 4.06266e-11 
915 3.81489 -7.05291e-06 4.08922e-11 
916 3.80799 -7.03969e-06 4.11539e-11 
917 3.80109 -7.02611e-06 4.14118e-11 
918 3.79417 -7.01216e-06 4.16656e-11 
919 3.78725 -6.99786e-06 4.19152e-11 
920 3.78032 -6.9832e-06 4.21607e-11 
921 3.77338 -6.96819e-06 4.24018e-11 
922 3.76643 -6.95283e-06 4.26385e-11 
923 3.75948 -6.93712e-06 4.28707e-11 
924 3.75251 -6.92106e-06 4.30983e-11 
925 3.74553 -6.90467e-06 4.33211e-11 
926 3.73854 -6.88794e-06 4.35392e-11 
927 3.73153 -6.87087e-06 4.37523e-11 
928 3.72452 -6.85347e-06 4.39605e-11 
929 3.71749 -6.83574e-06 4.41635e-11 
930 3.71046 -6.81768e-06 4.43613e-11 
931 3.7034 -6.7993e-06 4.45538e-11 
932 3.69634 -6.7806e-06 4.47409e-11 
933 3.68926 -6.76159e-06 4.49224e-11 
934 3.68217 -6.74226e-06 4.50983e-11 
935 3.67506 -6.72261e-06 4.52685e-11 
936 3.66793 -6.70267e-06 4.54329e-11 
937 3.66079 -6.68241e-06 4.55913e-11 
938 3.65364 -6.66186e-06 4.57437e-11 
939 3.64646 -6.64101e-06 4.58899e-11 
940 3.63927 -6.61987e-06 4.60298e-11 
941 3.63206 -6.59844e-06 4.61633e-11 
942 3.62484 -6.57672e-06 4.62904e-11 
943 3.61759 -6.55471e-06 4.64109e-11 
944 3.61033 -6.53243e-06 4.65246e-11 
945 3.60304 -6.50987e-06 4.66316e-11 
946 3.59574 -6.48704e-06 4.67316e-11 
947 3.58841 -6.46394e-06 4.68246e-11 
948 3.58107 -6.44058e-06 4.69104e-11 
949 3.5737 -6.41696e-06 4.69889e-11 
950 3.56631 -6.39307e-06 4.706e-11 
951 3.55889 -6.36894e-06 4.71237e-11 
952 3.55146 -6.34456e-06 4.71799e-11 
953 3.54401 -6.31994e-06 4.72287e-11 
954 3.53654 -6.29508e-06 4.72701e-11 
955 3.52905 -6.26999e-06 4.73041e-11 
956 3.52156 -6.24468e-06 4.73309e-11 
957 3.51405 -6.21915e-06 4.73504e-11 
958 3.50654 -6.19341e-06 4.73628e-11 
959 3.49902 -6.16746e-06 4.73679e-11 
960 3.4915 -6.14131e-06 4.7366e-11 
961 3.48397 -6.11497e-06 4.7357e-11 
962 3.47645 -6.08845e-06 4.7341e-11 
963 3.46893 -6.06174e-06 4.7318e-11 
964 3.46142 -6.03487e-06 4.72881e-11 
965 3.45392 -6.00782e-06 4.72513e-11 
966 3.44642 -5.98061e-06 4.72077e-11 
967 3.43894 -5.95325e-06 4.71573e-11 
968 3.43147 -5.92574e-06 4.71003e-11 
969 3.42403 -5.89809e-06 4.70365e-11 
970 3.4166 -5.87031e-06 4.69662e-11 
971 3.40919 -5.8424e-06 4.68893e-11 
972 3.40181 -5.81437e-06 4.68059e-11 
973 3.39446 -5.78623e-06 4.6716e-11 
974 3.38713 -5.75798e-06 4.66198e-11 
975 3.37984 -5.72963e-06 4.65172e-11 
976 3.37259 -5.70119e-06 4.64084e-11 
977 3.36537 -5.67267e-06 4.62933e-11 
978 3.35819 -5.64407e-06 4.61721e-11 
979 3.35105 -5.6154e-06 4.60448e-11 
980 3.34396 -5.58666e-06 4.59114e-11 
981 3.33692 -5.55787e-06 4.57721e-11 
982 3.32992 -5.52903e-06 4.56268e-11 
983 3.32299 -5.50016e-06 4.54757e-11 
984 3.3161 -5.47125e-06 4.53188e-11 
985 3.30928 -5.44231e-06 4.51561e-11 
986 3.30251 -5.41336e-06 4.49878e-11 
987 3.29581 -5.3844e-06 4.48139e-11 
988 3.28918 -5.35543e-06 4.46344e-11 
989 3.28262 -5.32647e-06 4.44495e-11 
990 3.27612 -5.29753e-06 4.42592e-11 
991 3.26971 -5.26861e-06 4.40636e-11 
992 3.26337 -5.23972e-06 4.38626e-11 
993 3.25711 -5.21087e-06 4.36565e-11 
994 3.25094 -5.18207e-06 4.34453e-11 
995 3.24485 -5.15332e-06 4.3229e-11 
996 3.23885 -5.12463e-06 4.30077e-11 
997 3.23295 -5.09602e-06 4.27815e-11 
998 3.22714 -5.06748e-06 4.25505e-11 
999 3.22142 -5.03904e-06 4.23147e-11 
1000 3.21581 -5.01069e-06 4.20742e-11 
1001 3.2103 -4.98245e-06 4.18291e-11 
1002 3.2049 -4.95431e-06 4.15795e-11 
1003 3.19959 -4.92629e-06 4.13254e-11 
1004 3.19438 -4.89839e-06 4.10671e-11 
1005 3.18927 -4.8706e-06 4.08044e-11 
1006 3.18424 -4.84293e-06 4.05377e-11 
1007 3.17931 -4.81538e-06 4.02669e-11 
1008 3.17446 -4.78796e-06 3.99922e-11 
1009 3.1697 -4.76068e-06 3.97136e-11 
1010 3.16502 -4.73352e-06 3.94313e-11 
1011 3.16042 -4.7065e-06 3.91453e-11 
1012 3.15589 -4.67962e-06 3.88558e-11 
1013 3.15144 -4.65288e-06 3.85629e-11 
1014 3.14706 -4.62628e-06 3.82666e-11 
1015 3.14275 -4.59984e-06 3.79671e-11 
1016 3.1385 -4.57354e-06 3.76645e-11 
1017 3.13432 -4.5474e-06 3.73589e-11 
1018 3.1302 -4.52142e-06 3.70504e-11 
1019 3.12614 -4.49559e-06 3.67391e-11 
1020 3.12213 -4.46993e-06 3.64251e-11 
1021 3.11817 -4.44444e-06 3.61085e-11 
1022 3.11426 -4.41912e-06 3.57895e-11 
1023 3.11039 -4.39397e-06 3.54681e-11 
1024 3.10657 -4.36899e-06 3.51445e-11 
1025 3.10279 -4.3442e-06 3.48187e-11 
1026 3.09905 -4.31959e-06 3.4491e-11 
1027 3.09534 -4.29517e-06 3.41614e-11 
1028 3.09167 -4.27093e-06 3.383e-11 
1029 3.08802 -4.24689e-06 3.34969e-11 
1030 3.08439 -4.22305e-06 3.31623e-11 
1031 3.08079 -4.19941e-06 3.28263e-11 
1032 3.07721 -4.17597e-06 3.2489e-11 
1033 3.07364 -4.15273e-06 3.21506e-11 
1034 3.07008 -4.12971e-06 3.1811e-11 
1035 3.06653 -4.1069e-06 3.14706e-11 
1036 3.06299 -4.0843e-06 3.11294e-11 
1037 3.05946 -4.06193e-06 3.07875e-11 
1038 3.05592 -4.03978e-06 3.0445e-11 
1039 3.05238 -4.01786e-06 3.01021e-11 
1040 3.04883 -3.99617e-06 2.9759e-11 
1041 3.04527 -3.97471e-06 2.94157e-11 
1042 3.04169 -3.95349e-06 2.90723e-11 
1043 3.0381 -3.93251e-06 2.87291e-11 
1044 3.03449 -3.91178e-06 2.8386e-11 
1045 3.03085 -3.8913e-06 2.80434e-11 
1046 3.02719 -3.87107e-06 2.77013e-11 
1047 3.02349 -3.85109e-06 2.73598e-11 
1048 3.01976 -3.83138e-06 2.70191e-11 
1049 3.01599 -3.81193e-06 2.66793e-11 
1050 3.01218 -3.79274e-06 2.63405e-11 
1051 3.00833 -3.77383e-06 2.60029e-11 
1052 3.00443 -3.75518e-06 2.56666e-11 
1053 3.00049 -3.73681e-06 2.53316e-11 
1054 2.99651 -3.7187e-06 2.49979e-11 
1055 2.99249 -3.70087e-06 2.46656e-11 
1056 2.98843 -3.6833e-06 2.43348e-11 
1057 2.98435 -3.666e-06 2.40055e-11 
1058 2.98022 -3.64897e-06 2.36778e-11 
1059 2.97607 -3.6322e-06 2.33516e-11 
1060 2.9719 -3.6157e-06 2.30272e-11 
1061 2.96769 -3.59947e-06 2.27045e-11 
1062 2.96346 -3.5835e-06 2.23836e-11 
1063 2.95921 -3.5678e-06 2.20645e-11 
1064 2.95494 -3.55236e-06 2.17473e-11 
1065 2.95065 -3.53718e-06 2.14321e-11 
1066 2.94635 -3.52227e-06 2.11189e-11 
1067 2.94203 -3.50762e-06 2.08078e-11 
1068 2.93771 -3.49323e-06 2.04988e-11 
1069 2.93337 -3.4791e-06 2.01919e-11 
1070 2.92903 -3.46524e-06 1.98874e-11 
1071 2.92468 -3.45163e-06 1.95851e-11 
1072 2.92033 -3.43828e-06 1.92852e-11 
1073 2.91598 -3.42519e-06 1.89877e-11 
1074 2.91163 -3.41235e-06 1.86927e-11 
1075 2.90728 -3.39978e-06 1.84003e-11 
1076 2.90295 -3.38745e-06 1.81104e-11 
1077 2.89862 -3.37539e-06 1.78232e-11 
1078 2.8943 -3.36358e-06 1.75388e-11 
1079 2.89 -3.35202e-06 1.72571e-11 
1080 2.88571 -3.34071e-06 1.69783e-11 
1081 2.88144 -3.32966e-06 1.67024e-11 
1082 2.87719 -3.31885e-06 1.64294e-11 
1083 2.87296 -3.3083e-06 1.61595e-11 
1084 2.86876 -3.29799e-06 1.58927e-11 
1085 2.86459 -3.28794e-06 1.56291e-11 
1086 2.86044 -3.27813e-06 1.53687e-11 
1087 2.85633 -3.26857e-06 1.51116e-11 
1088 2.85226 -3.25925e-06 1.48578e-11 
1089 2.84822 -3.25018e-06 1.46075e-11 
1090 2.84423 -3.24135e-06 1.43606e-11 
1091 2.84027 -3.23276e-06 1.41173e-11 
1092 2.83636 -3.22441e-06 1.38776e-11 
1093 2.8325 -3.21631e-06 1.36416e-11 
1094 2.82869 -3.20844e-06 1.34094e-11 
1095 2.82493 -3.20081e-06 1.3181e-11 
1096 2.82123 -3.19342e-06 1.29564e-11 
1097 2.81759 -3.18627e-06 1.27359e-11 
1098 2.81401 -3.17935e-06 1.25193e-11 
1099 2.81049 -3.17266e-06 1.23069e-11 
1100 2.80703 -3.16621e-06 1.20986e-11 
1101 2.80365 -3.15998e-06 1.18945e-11 
1102 2.80033 -3.15399e-06 1.16946e-11 
1103 2.79708 -3.14822e-06 1.1499e-11 
1104 2.79389 -3.14267e-06 1.13075e-11 
1105 2.79075 -3.13734e-06 1.11202e-11 
1106 2.78767 -3.13221e-06 1.0937e-11 
1107 2.78465 -3.1273e-06 1.0758e-11 
1108 2.78168 -3.12259e-06 1.05831e-11 
1109 2.77875 -3.11809e-06 1.04123e-11 
1110 2.77588 -3.11378e-06 1.02456e-11 
1111 2.77304 -3.10966e-06 1.0083e-11 
1112 2.77025 -3.10573e-06 9.92441e-12 
1113 2.76749 -3.10199e-06 9.76986e-12 
1114 2.76477 -3.09843e-06 9.61934e-12 
1115 2.76208 -3.09504e-06 9.47281e-12 
1116 2.75942 -3.09183e-06 9.33027e-12 
1117 2.75679 -3.08878e-06 9.19169e-12 
1118 2.75418 -3.0859e-06 9.05705e-12 
1119 2.7516 -3.08318e-06 8.92633e-12 
1120 2.74903 -3.08062e-06 8.79952e-12 
1121 2.74648 -3.0782e-06 8.67659e-12 
1122 2.74394 -3.07593e-06 8.55753e-12 
1123 2.74141 -3.0738e-06 8.44231e-12 
1124 2.73888 -3.07181e-06 8.33092e-12 
1125 2.73636 -3.06996e-06 8.22333e-12 
1126 2.73384 -3.06823e-06 8.11952e-12 
1127 2.73132 -3.06662e-06 8.01947e-12 
1128 2.7288 -3.06514e-06 7.92316e-12 
1129 2.72626 -3.06377e-06 7.83057e-12 
1130 2.72372 -3.06251e-06 7.74168e-12 
1131 2.72116 -3.06135e-06 7.65645e-12 
1132 2.71858 -3.0603e-06 7.57488e-12 
1133 2.71598 -3.05934e-06 7.49693e-12 
1134 2.71336 -3.05847e-06 7.42259e-12 
1135 2.71071 -3.05769e-06 7.35182e-12 
1136 2.70803 -3.05699e-06 7.28462e-12 
1137 2.70531 -3.05636e-06 7.22094e-12 
1138 2.70256 -3.0558e-06 7.16077e-12 
1139 2.69977 -3.05532e-06 7.10409e-12 
1140 2.69694 -3.05489e-06 7.05086e-12 
1141 2.69406 -3.05452e-06 7.00107e-12 
1142 2.69113 -3.05419e-06 6.95469e-12 
1143 2.68815 -3.05392e-06 6.91169e-12 
1144 2.68511 -3.05368e-06 6.87204e-12 
1145 2.68201 -3.05348e-06 6.83573e-12 
1146 2.67885 -3.05331e-06 6.80272e-12 
1147 2.67562 -3.05317e-06 6.77298e-12 
1148 2.67232 -3.05304e-06 6.7465e-12 
1149 2.66895 -3.05292e-06 6.72324e-12 
1150 2.6655 -3.05282e-06 6.70317e-12 
1151 2.66196 -3.05272e-06 6.68626e-12 
1152 2.65836 -3.05261e-06 6.67248e-12 
1153 2.65467 -3.05251e-06 6.66176e-12 
1154 2.65091 -3.05241e-06 6.65406e-12 
1155 2.64708 -3.0523e-06 6.64934e-12 
1156 2.64318 -3.05218e-06 6.64753e-12 
1157 2.63922 -3.05206e-06 6.64859e-12 
1158 2.63519 -3.05192e-06 6.65248e-12 
1159 2.6311 -3.05178e-06 6.65913e-12 
1160 2.62695 -3.05162e-06 6.66849e-12 
1161 2.62275 -3.05144e-06 6.68052e-12 
1162 2.6185 -3.05125e-06 6.69516e-12 
1163 2.61419 -3.05104e-06 6.71235e-12 
1164 2.60983 -3.0508e-06 6.73205e-12 
1165 2.60543 -3.05055e-06 6.7542e-12 
1166 2.60099 -3.05026e-06 6.77875e-12 
1167 2.59651 -3.04995e-06 6.80563e-12 
1168 2.59199 -3.04962e-06 6.8348e-12 
1169 2.58744 -3.04925e-06 6.8662e-12 
1170 2.58285 -3.04884e-06 6.89978e-12 
1171 2.57824 -3.04841e-06 6.93547e-12 
1172 2.5736 -3.04793e-06 6.97321e-12 
1173 2.56894 -3.04742e-06 7.01297e-12 
1174 2.56426 -3.04686e-06 7.05466e-12 
1175 2.55956 -3.04626e-06 7.09824e-12 
1176 2.55484 -3.04562e-06 7.14364e-12 
1177 2.55012 -3.04493e-06 7.19082e-12 
1178 2.54538 -3.04418e-06 7.2397e-12 
1179 2.54064 -3.04339e-06 7.29023e-12 
1180 2.5359 -3.04254e-06 7.34234e-12 
1181 2.53116 -3.04164e-06 7.39598e-12 
1182 2.52642 -3.04068e-06 7.45108e-12 
1183 2.52169 -3.03966e-06 7.50759e-12 
1184 2.51696 -3.03857e-06 7.56543e-12 
1185 2.51225 -3.03742e-06 7.62455e-12 
1186 2.50756 -3.03621e-06 7.68489e-12 
1187 2.50288 -3.03492e-06 7.74637e-12 
1188 2.49823 -3.03357e-06 7.80894e-12 
1189 2.4936 -3.03214e-06 7.87252e-12 
1190 2.48899 -3.03063e-06 7.93707e-12 
1191 2.48442 -3.02905e-06 8.0025e-12 
1192 2.47989 -3.02738e-06 8.06875e-12 
1193 2.47539 -3.02563e-06 8.13576e-12 
1194 2.47093 -3.0238e-06 8.20346e-12 
1195 2.46652 -3.02188e-06 8.27179e-12 
1196 2.46215 -3.01987e-06 8.34066e-12 
1197 2.45784 -3.01777e-06 8.41002e-12 
1198 2.45358 -3.01557e-06 8.4798e-12 
1199 2.44937 -3.01328e-06 8.54992e-12 
1200 2.44523 -3.01088e-06 8.62032e-12 
1201 2.44115 -3.00839e-06 8.69093e-12 
1202 2.43713 -3.00579e-06 8.76172e-12 
1203 2.43317 -3.00309e-06 8.83266e-12 
1204 2.42927 -3.00029e-06 8.9037e-12 
1205 2.42542 -2.99738e-06 8.97482e-12 
1206 2.42162 -2.99437e-06 9.046e-12 
1207 2.41787 -2.99126e-06 9.11718e-12 
1208 2.41416 -2.98804e-06 9.18835e-12 
1209 2.41049 -2.98471e-06 9.25947e-12 
1210 2.40686 -2.98128e-06 9.33051e-12 
1211 2.40326 -2.97774e-06 9.40143e-12 
1212 2.3997 -2.9741e-06 9.4722e-12 
1213 2.39617 -2.97034e-06 9.54279e-12 
1214 2.39266 -2.96648e-06 9.61316e-12 
1215 2.38917 -2.96252e-06 9.68328e-12 
1216 2.38571 -2.95844e-06 9.75311e-12 
1217 2.38226 -2.95425e-06 9.82262e-12 
1218 2.37883 -2.94996e-06 9.89178e-12 
1219 2.3754 -2.94555e-06 9.96054e-12 
1220 2.37199 -2.94103e-06 1.00289e-11 
1221 2.36857 -2.93641e-06 1.00968e-11 
1222 2.36516 -2.93167e-06 1.01642e-11 
1223 2.36175 -2.92681e-06 1.0231e-11 
1224 2.35832 -2.92185e-06 1.02973e-11 
1225 2.35489 -2.91677e-06 1.0363e-11 
1226 2.35145 -2.91158e-06 1.0428e-11 
1227 2.34799 -2.90628e-06 1.04924e-11 
1228 2.34452 -2.90086e-06 1.0556e-11 
1229 2.34102 -2.89532e-06 1.06189e-11 
1230 2.33749 -2.88967e-06 1.0681e-11 
1231 2.33394 -2.88391e-06 1.07423e-11 
1232 2.33035 -2.87803e-06 1.08027e-11 
1233 2.32672 -2.87203e-06 1.08622e-11 
1234 2.32306 -2.86591e-06 1.09208e-11 
1235 2.31935 -2.85968e-06 1.09784e-11 
1236 2.3156 -2.85332e-06 1.10349e-11 
1237 2.31179 -2.84685e-06 1.10905e-11 
1238 2.30793 -2.84026e-06 1.11449e-11 
1239 2.30402 -2.83355e-06 1.11982e-11 
1240 2.30004 -2.82672e-06 1.12503e-11 
1241 2.29599 -2.81977e-06 1.13011e-11 
1242 2.29188 -2.8127e-06 1.13508e-11 
1243 2.2877 -2.8055e-06 1.13991e-11 
1244 2.28344 -2.79819e-06 1.14461e-11 
1245 2.2791 -2.79075e-06 1.14917e-11 
1246 2.27467 -2.78318e-06 1.1536e-11 
1247 2.27016 -2.7755e-06 1.15787e-11 
1248 2.26556 -2.76769e-06 1.16199e-11 
1249 2.26086 -2.75975e-06 1.16597e-11 
1250 2.25607 -2.75169e-06 1.16978e-11 
1251 2.25117 -2.7435e-06 1.17343e-11 
1252 2.24617 -2.7352e-06 1.17691e-11 
1253 2.24108 -2.72677e-06 1.18024e-11 
1254 2.23589 -2.71822e-06 1.1834e-11 
1255 2.23062 -2.70955e-06 1.1864e-11 
1256 2.22526 -2.70078e-06 1.18924e-11 
1257 2.21981 -2.69189e-06 1.19192e-11 
1258 2.21429 -2.68289e-06 1.19443e-11 
1259 2.2087 -2.67379e-06 1.19679e-11 
1260 2.20303 -2.66459e-06 1.19898e-11 
1261 2.1973 -2.65528e-06 1.20101e-11 
1262 2.1915 -2.64588e-06 1.20288e-11 
1263 2.18564 -2.63639e-06 1.20459e-11 
1264 2.17972 -2.6268e-06 1.20614e-11 
1265 2.17375 -2.61712e-06 1.20753e-11 
1266 2.16774 -2.60736e-06 1.20875e-11 
1267 2.16167 -2.59751e-06 1.20982e-11 
1268 2.15557 -2.58758e-06 1.21073e-11 
1269 2.14943 -2.57758e-06 1.21148e-11 
1270 2.14325 -2.56749e-06 1.21206e-11 
1271 2.13705 -2.55734e-06 1.21249e-11 
1272 2.13082 -2.54711e-06 1.21276e-11 
1273 2.12456 -2.53682e-06 1.21288e-11 
1274 2.11829 -2.52647e-06 1.21283e-11 
1275 2.112 -2.51605e-06 1.21262e-11 
1276 2.10571 -2.50558e-06 1.21226e-11 
1277 2.0994 -2.49505e-06 1.21174e-11 
1278 2.0931 -2.48447e-06 1.21106e-11 
1279 2.08679 -2.47384e-06 1.21022e-11 
1280 2.0805 -2.46316e-06 1.20923e-11 
1281 2.07421 -2.45244e-06 1.20808e-11 
1282 2.06794 -2.44168e-06 1.20677e-11 
1283 2.06168 -2.43088e-06 1.20531e-11 
1284 2.05545 -2.42005e-06 1.20369e-11 
1285 2.04924 -2.40919e-06 1.20192e-11 
1286 2.04307 -2.3983e-06 1.19999e-11 
1287 2.03693 -2.38738e-06 1.1979e-11 
1288 2.03083 -2.37645e-06 1.19566e-11 
1289 2.02478 -2.36549e-06 1.19327e-11 
1290 2.01877 -2.35453e-06 1.19072e-11 
1291 2.01282 -2.34355e-06 1.18802e-11 
1292 2.00692 -2.33256e-06 1.18516e-11 
1293 2.00108 -2.32156e-06 1.18215e-11 
1294 1.99531 -2.31056e-06 1.17899e-11 
1295 1.98961 -2.29957e-06 1.17568e-11 
1296 1.98399 -2.28858e-06 1.17221e-11 
1297 1.97845 -2.2776e-06 1.16859e-11 
1298 1.97299 -2.26663e-06 1.16482e-11 
1299 1.96761 -2.25567e-06 1.1609e-11 
1300 1.96233 -2.24473e-06 1.15683e-11 
1301 1.95715 -2.23381e-06 1.1526e-11 
1302 1.95207 -2.22292e-06 1.14823e-11 
1303 1.94708 -2.21205e-06 1.14372e-11 
1304 1.94218 -2.2012e-06 1.13906e-11 
1305 1.93737 -2.19038e-06 1.13426e-11 
1306 1.93266 -2.17959e-06 1.12932e-11 
1307 1.92803 -2.16883e-06 1.12424e-11 
1308 1.92348 -2.1581e-06 1.11904e-11 
1309 1.91903 -2.14739e-06 1.1137e-11 
1310 1.91465 -2.13673e-06 1.10823e-11 
1311 1.91036 -2.12609e-06 1.10263e-11 
1312 1.90614 -2.11549e-06 1.09692e-11 
1313 1.90201 -2.10493e-06 1.09108e-11 
1314 1.89795 -2.0944e-06 1.08512e-11 
1315 1.89396 -2.08391e-06 1.07904e-11 
1316 1.89004 -2.07346e-06 1.07286e-11 
1317 1.8862 -2.06306e-06 1.06656e-11 
1318 1.88243 -2.05269e-06 1.06015e-11 
1319 1.87872 -2.04237e-06 1.05364e-11 
1320 1.87508 -2.0321e-06 1.04702e-11 
1321 1.8715 -2.02187e-06 1.04031e-11 
1322 1.86798 -2.01169e-06 1.0335e-11 
1323 1.86452 -2.00156e-06 1.02659e-11 
1324 1.86112 -1.99148e-06 1.01959e-11 
1325 1.85777 -1.98145e-06 1.0125e-11 
1326 1.85448 -1.97148e-06 1.00532e-11 
1327 1.85124 -1.96156e-06 9.98064e-12 
1328 1.84805 -1.95169e-06 9.90724e-12 
1329 1.84491 -1.94188e-06 9.83305e-12 
1330 1.84181 -1.93214e-06 9.75811e-12 
1331 1.83876 -1.92245e-06 9.68245e-12 
1332 1.83575 -1.91282e-06 9.60608e-12 
1333 1.83278 -1.90326e-06 9.52906e-12 
1334 1.82985 -1.89376e-06 9.45139e-12 
1335 1.82695 -1.88432e-06 9.37311e-12 
1336 1.82409 -1.87496e-06 9.29426e-12 
1337 1.82126 -1.86566e-06 9.21486e-12 
1338 1.81846 -1.85643e-06 9.13493e-12 
1339 1.81568 -1.84727e-06 9.05452e-12 
1340 1.81294 -1.83819e-06 8.97365e-12 
1341 1.81021 -1.82918e-06 8.89235e-12 
1342 1.80751 -1.82024e-06 8.81065e-12 
1343 1.80483 -1.81139e-06 8.72859e-12 
1344 1.80216 -1.80261e-06 8.64618e-12 
1345 1.79951 -1.79391e-06 8.56348e-12 
1346 1.79687 -1.78529e-06 8.4805e-12 
1347 1.79424 -1.77676e-06 8.39727e-12 
1348 1.79162 -1.76831e-06 8.31384e-12 
1349 1.78901 -1.75994e-06 8.23023e-12 
1350 1.78639 -1.75167e-06 8.14647e-12 
1351 1.78379 -1.74348e-06 8.06259e-12 
1352 1.78118 -1.73538e-06 7.97863e-12 
1353 1.77858 -1.72738e-06 7.89458e-12 
1354 1.77597 -1.71946e-06 7.81048e-12 
1355 1.77338 -1.71163e-06 7.72635e-12 
1356 1.77078 -1.70389e-06 7.6422e-12 
1357 1.76819 -1.69623e-06 7.55805e-12 
1358 1.7656 -1.68867e-06 7.47393e-12 
1359 1.76302 -1.6812e-06 7.38985e-12 
1360 1.76045 -1.67382e-06 7.30584e-12 
1361 1.75787 -1.66653e-06 7.22192e-12 
1362 1.75531 -1.65933e-06 7.1381e-12 
1363 1.75275 -1.65222e-06 7.05441e-12 
1364 1.7502 -1.64519e-06 6.97086e-12 
1365 1.74765 -1.63826e-06 6.88749e-12 
1366 1.74511 -1.63142e-06 6.8043e-12 
1367 1.74258 -1.62467e-06 6.72132e-12 
1368 1.74006 -1.61801e-06 6.63858e-12 
1369 1.73754 -1.61144e-06 6.55609e-12 
1370 1.73504 -1.60496e-06 6.47388e-12 
1371 1.73254 -1.59857e-06 6.39196e-12 
1372 1.73006 -1.59227e-06 6.31036e-12 
1373 1.72758 -1.58606e-06 6.22911e-12 
1374 1.72512 -1.57994e-06 6.14821e-12 
1375 1.72266 -1.57392e-06 6.0677e-12 
1376 1.72022 -1.56798e-06 5.9876e-12 
1377 1.71779 -1.56214e-06 5.90792e-12 
1378 1.71537 -1.55638e-06 5.8287e-12 
1379 1.71297 -1.55072e-06 5.74995e-12 
1380 1.71058 -1.54515e-06 5.6717e-12 
1381 1.7082 -1.53966e-06 5.59396e-12 
1382 1.70583 -1.53427e-06 5.51678e-12 
1383 1.70348 -1.52897e-06 5.44015e-12 
1384 1.70115 -1.52376e-06 5.36412e-12 
1385 1.69883 -1.51865e-06 5.2887e-12 
1386 1.69653 -1.51362e-06 5.21391e-12 
1387 1.69424 -1.50869e-06 5.13978e-12 
1388 1.69197 -1.50384e-06 5.06634e-12 
1389 1.68972 -1.49909e-06 4.9936e-12 
1390 1.68748 -1.49443e-06 4.9216e-12 
1391 1.68527 -1.48986e-06 4.85034e-12 
1392 1.68307 -1.48538e-06 4.77987e-12 
1393 1.68089 -1.48099e-06 4.7102e-12 
1394 1.67873 -1.47669e-06 4.64136e-12 
1395 1.67659 -1.47249e-06 4.57337e-12 
1396 1.67447 -1.46837e-06 4.50626e-12 
1397 1.67237 -1.46435e-06 4.44005e-12 
1398 1.67029 -1.46042e-06 4.37476e-12 
1399 1.66824 -1.45658e-06 4.31043e-12 
1400 1.6662 -1.45283e-06 4.24707e-12 
1401 1.66419 -1.44917e-06 4.18471e-12 
1402 1.6622 -1.44561e-06 4.12336e-12 
1403 1.66023 -1.44213e-06 4.063e-12 
1404 1.65829 -1.43874e-06 4.00364e-12 
1405 1.65636 -1.43543e-06 3.94528e-12 
1406 1.65445 -1.43221e-06 3.88792e-12 
1407 1.65255 -1.42908e-06 3.83156e-12 
1408 1.65068 -1.42602e-06 3.77619e-12 
1409 1.64881 -1.42305e-06 3.72182e-12 
1410 1.64697 -1.42016e-06 3.66845e-12 
1411 1.64513 -1.41735e-06 3.61607e-12 
1412 1.64331 -1.41461e-06 3.56468e-12 
1413 1.6415 -1.41195e-06 3.51429e-12 
1414 1.6397 -1.40936e-06 3.46488e-12 
1415 1.63791 -1.40685e-06 3.41647e-12 
1416 1.63613 -1.40441e-06 3.36905e-12 
1417 1.63436 -1.40203e-06 3.32261e-12 
1418 1.63259 -1.39973e-06 3.27716e-12 
1419 1.63083 -1.3975e-06 3.2327e-12 
1420 1.62907 -1.39533e-06 3.18922e-12 
1421 1.62732 -1.39322e-06 3.14673e-12 
1422 1.62556 -1.39118e-06 3.10522e-12 
1423 1.62381 -1.3892e-06 3.06469e-12 
1424 1.62206 -1.38728e-06 3.02514e-12 
1425 1.62031 -1.38542e-06 2.98657e-12 
1426 1.61856 -1.38362e-06 2.94898e-12 
1427 1.61681 -1.38188e-06 2.91237e-12 
1428 1.61505 -1.38018e-06 2.87673e-12 
1429 1.61329 -1.37855e-06 2.84206e-12 
1430 1.61152 -1.37696e-06 2.80837e-12 
1431 1.60974 -1.37542e-06 2.77564e-12 
1432 1.60796 -1.37393e-06 2.74389e-12 
1433 1.60616 -1.37249e-06 2.71311e-12 
1434 1.60436 -1.37109e-06 2.68329e-12 
1435 1.60255 -1.36974e-06 2.65444e-12 
1436 1.60072 -1.36843e-06 2.62655e-12 
1437 1.59888 -1.36716e-06 2.59962e-12 
1438 1.59702 -1.36593e-06 2.57366e-12 
1439 1.59515 -1.36474e-06 2.54865e-12 
1440 1.59326 -1.36358e-06 2.5246e-12 
1441 1.59136 -1.36246e-06 2.50151e-12 
1442 1.58943 -1.36137e-06 2.47937e-12 
1443 1.58748 -1.36031e-06 2.45818e-12 
1444 1.58552 -1.35928e-06 2.43794e-12 
1445 1.58353 -1.35828e-06 2.41865e-12 
1446 1.58151 -1.3573e-06 2.40031e-12 
1447 1.57947 -1.35635e-06 2.38292e-12 
1448 1.57741 -1.35542e-06 2.36646e-12 
1449 1.57531 -1.35452e-06 2.35095e-12 
1450 1.57319 -1.35363e-06 2.33638e-12 
1451 1.57104 -1.35276e-06 2.32275e-12 
1452 1.56886 -1.35191e-06 2.31004e-12 
1453 1.56665 -1.35107e-06 2.29824e-12 
1454 1.56441 -1.35025e-06 2.28735e-12 
1455 1.56215 -1.34944e-06 2.27735e-12 
1456 1.55985 -1.34864e-06 2.26823e-12 
1457 1.55753 -1.34786e-06 2.25999e-12 
1458 1.55519 -1.34709e-06 2.25259e-12 
1459 1.55282 -1.34633e-06 2.24605e-12 
1460 1.55043 -1.34558e-06 2.24034e-12 
1461 1.54801 -1.34484e-06 2.23545e-12 
1462 1.54556 -1.34411e-06 2.23136e-12 
1463 1.5431 -1.34338e-06 2.22808e-12 
1464 1.54061 -1.34266e-06 2.22558e-12 
1465 1.5381 -1.34194e-06 2.22386e-12 
1466 1.53557 -1.34123e-06 2.22289e-12 
1467 1.53302 -1.34052e-06 2.22268e-12 
1468 1.53044 -1.33982e-06 2.2232e-12 
1469 1.52785 -1.33911e-06 2.22444e-12 
1470 1.52524 -1.33841e-06 2.2264e-12 
1471 1.52261 -1.3377e-06 2.22905e-12 
1472 1.51997 -1.33699e-06 2.23238e-12 
1473 1.5173 -1.33628e-06 2.23639e-12 
1474 1.51463 -1.33557e-06 2.24106e-12 
1475 1.51193 -1.33485e-06 2.24637e-12 
1476 1.50922 -1.33413e-06 2.25232e-12 
1477 1.50649 -1.3334e-06 2.25889e-12 
1478 1.50376 -1.33266e-06 2.26606e-12 
1479 1.501 -1.33191e-06 2.27382e-12 
1480 1.49824 -1.33116e-06 2.28217e-12 
1481 1.49546 -1.33039e-06 2.29108e-12 
1482 1.49268 -1.32961e-06 2.30054e-12 
1483 1.48988 -1.32882e-06 2.31054e-12 
1484 1.48707 -1.32801e-06 2.32107e-12 
1485 1.48425 -1.32719e-06 2.3321e-12 
1486 1.48143 -1.32636e-06 2.34363e-12 
1487 1.47859 -1.3255e-06 2.35565e-12 
1488 1.47575 -1.32463e-06 2.36813e-12 
1489 1.47291 -1.32374e-06 2.38107e-12 
1490 1.47005 -1.32283e-06 2.39445e-12 
1491 1.46719 -1.3219e-06 2.40825e-12 
1492 1.46433 -1.32094e-06 2.42247e-12 
1493 1.46146 -1.31996e-06 2.43708e-12 
1494 1.45859 -1.31896e-06 2.45207e-12 
1495 1.45572 -1.31793e-06 2.46743e-12 
1496 1.45285 -1.31688e-06 2.48314e-12 
1497 1.44997 -1.31579e-06 2.49919e-12 
1498 1.4471 -1.31468e-06 2.51556e-12 
1499 1.44422 -1.31354e-06 2.53224e-12 
1500 1.44135 -1.31236e-06 2.54921e-12 
1501 1.43847 -1.31116e-06 2.56646e-12 
1502 1.4356 -1.30992e-06 2.58398e-12 
1503 1.43273 -1.30865e-06 2.60174e-12 
1504 1.42987 -1.30734e-06 2.61975e-12 
1505 1.427 -1.306e-06 2.63799e-12 
1506 1.42413 -1.30463e-06 2.65644e-12 
1507 1.42126 -1.30323e-06 2.6751e-12 
1508 1.4184 -1.30179e-06 2.69396e-12 
1509 1.41553 -1.30031e-06 2.71299e-12 
1510 1.41266 -1.2988e-06 2.73219e-12 
1511 1.40979 -1.29726e-06 2.75155e-12 
1512 1.40692 -1.29568e-06 2.77105e-12 
1513 1.40404 -1.29406e-06 2.79069e-12 
1514 1.40117 -1.29241e-06 2.81044e-12 
1515 1.39829 -1.29072e-06 2.8303e-12 
1516 1.39541 -1.289e-06 2.85025e-12 
1517 1.39253 -1.28723e-06 2.87028e-12 
1518 1.38964 -1.28544e-06 2.89038e-12 
1519 1.38675 -1.2836e-06 2.91054e-12 
1520 1.38386 -1.28173e-06 2.93074e-12 
1521 1.38096 -1.27982e-06 2.95096e-12 
1522 1.37806 -1.27787e-06 2.9712e-12 
1523 1.37515 -1.27588e-06 2.99145e-12 
1524 1.37224 -1.27385e-06 3.01168e-12 
1525 1.36932 -1.27179e-06 3.03189e-12 
1526 1.36639 -1.26968e-06 3.05206e-12 
1527 1.36346 -1.26754e-06 3.07218e-12 
1528 1.36052 -1.26535e-06 3.09224e-12 
1529 1.35758 -1.26313e-06 3.11221e-12 
1530 1.35463 -1.26086e-06 3.1321e-12 
1531 1.35167 -1.25855e-06 3.15188e-12 
1532 1.3487 -1.25621e-06 3.17154e-12 
1533 1.34573 -1.25382e-06 3.19107e-12 
1534 1.34274 -1.25139e-06 3.21045e-12 
1535 1.33975 -1.24892e-06 3.22967e-12 
1536 1.33675 -1.2464e-06 3.24872e-12 
1537 1.33374 -1.24384e-06 3.26757e-12 
1538 1.33072 -1.24124e-06 3.28622e-12 
1539 1.32768 -1.2386e-06 3.30466e-12 
1540 1.32464 -1.23591e-06 3.32286e-12 
1541 1.32159 -1.23318e-06 3.34081e-12 
1542 1.31852 -1.23041e-06 3.35851e-12 
1543 1.31544 -1.22759e-06 3.37593e-12 
1544 1.31235 -1.22472e-06 3.39305e-12 
1545 1.30925 -1.22181e-06 3.40987e-12 
1546 1.30614 -1.21886e-06 3.42638e-12 
1547 1.30301 -1.21586e-06 3.44254e-12 
1548 1.29987 -1.21281e-06 3.45836e-12 
1549 1.29671 -1.20972e-06 3.47381e-12 
1550 1.29354 -1.20658e-06 3.48888e-12 
1551 1.29036 -1.2034e-06 3.50356e-12 
1552 1.28716 -1.20017e-06 3.51785e-12 
1553 1.28394 -1.19689e-06 3.53173e-12 
1554 1.28072 -1.19357e-06 3.54521e-12 
1555 1.27748 -1.1902e-06 3.55829e-12 
1556 1.27423 -1.18679e-06 3.57096e-12 
1557 1.27096 -1.18334e-06 3.58323e-12 
1558 1.26769 -1.17985e-06 3.59509e-12 
1559 1.2644 -1.17631e-06 3.60653e-12 
1560 1.26111 -1.17274e-06 3.61756e-12 
1561 1.2578 -1.16912e-06 3.62818e-12 
1562 1.25448 -1.16547e-06 3.63838e-12 
1563 1.25116 -1.16178e-06 3.64816e-12 
1564 1.24782 -1.15805e-06 3.65752e-12 
1565 1.24448 -1.15428e-06 3.66645e-12 
1566 1.24113 -1.15048e-06 3.67496e-12 
1567 1.23777 -1.14664e-06 3.68304e-12 
1568 1.23441 -1.14277e-06 3.69069e-12 
1569 1.23104 -1.13887e-06 3.69791e-12 
1570 1.22767 -1.13493e-06 3.7047e-12 
1571 1.22429 -1.13096e-06 3.71105e-12 
1572 1.2209 -1.12696e-06 3.71696e-12 
1573 1.21751 -1.12293e-06 3.72243e-12 
1574 1.21412 -1.11887e-06 3.72746e-12 
1575 1.21072 -1.11479e-06 3.73204e-12 
1576 1.20733 -1.11067e-06 3.73618e-12 
1577 1.20393 -1.10653e-06 3.73987e-12 
1578 1.20052 -1.10236e-06 3.74311e-12 
1579 1.19712 -1.09817e-06 3.74589e-12 
1580 1.19372 -1.09395e-06 3.74822e-12 
1581 1.19032 -1.0897e-06 3.7501e-12 
1582 1.18691 -1.08544e-06 3.75151e-12 
1583 1.18351 -1.08115e-06 3.75246e-12 
1584 1.18011 -1.07684e-06 3.75295e-12 
1585 1.17672 -1.07252e-06 3.75297e-12 
1586 1.17332 -1.06817e-06 3.75253e-12 
1587 1.16993 -1.0638e-06 3.75161e-12 
1588 1.16655 -1.05942e-06 3.75022e-12 
1589 1.16316 -1.05502e-06 3.74836e-12 
1590 1.15979 -1.0506e-06 3.74602e-12 
1591 1.15641 -1.04617e-06 3.74321e-12 
1592 1.15305 -1.04172e-06 3.73991e-12 
1593 1.14969 -1.03726e-06 3.73613e-12 
1594 1.14634 -1.03279e-06 3.73186e-12 
1595 1.14299 -1.02831e-06 3.72711e-12 
1596 1.13966 -1.02381e-06 3.72186e-12 
1597 1.13633 -1.01931e-06 3.71613e-12 
1598 1.13301 -1.0148e-06 3.7099e-12 
1599 1.12971 -1.01028e-06 3.70317e-12 
1600 1.12641 -1.00575e-06 3.69595e-12 
1601 1.12313 -1.00122e-06 3.68823e-12 
1602 1.11985 -9.9668e-07 3.68001e-12 
1603 1.11659 -9.92137e-07 3.67131e-12 
1604 1.11334 -9.8759e-07 3.66212e-12 
1605 1.1101 -9.8304e-07 3.65246e-12 
1606 1.10688 -9.78487e-07 3.64234e-12 
1607 1.10367 -9.73933e-07 3.63176e-12 
1608 1.10046 -9.69376e-07 3.62072e-12 
1609 1.09728 -9.6482e-07 3.60924e-12 
1610 1.0941 -9.60263e-07 3.59732e-12 
1611 1.09094 -9.55707e-07 3.58497e-12 
1612 1.08779 -9.51152e-07 3.57219e-12 
1613 1.08465 -9.46599e-07 3.559e-12 
1614 1.08153 -9.42049e-07 3.5454e-12 
1615 1.07842 -9.37502e-07 3.5314e-12 
1616 1.07533 -9.3296e-07 3.517e-12 
1617 1.07225 -9.28422e-07 3.50221e-12 
1618 1.06918 -9.2389e-07 3.48704e-12 
1619 1.06613 -9.19364e-07 3.47151e-12 
1620 1.06309 -9.14845e-07 3.4556e-12 
1621 1.06007 -9.10334e-07 3.43934e-12 
1622 1.05706 -9.05831e-07 3.42273e-12 
1623 1.05407 -9.01337e-07 3.40578e-12 
1624 1.05109 -8.96853e-07 3.38849e-12 
1625 1.04813 -8.92379e-07 3.37087e-12 
1626 1.04518 -8.87917e-07 3.35294e-12 
1627 1.04225 -8.83466e-07 3.33469e-12 
1628 1.03933 -8.79028e-07 3.31614e-12 
1629 1.03644 -8.74604e-07 3.2973e-12 
1630 1.03355 -8.70194e-07 3.27816e-12 
1631 1.03069 -8.65799e-07 3.25875e-12 
1632 1.02784 -8.61419e-07 3.23906e-12 
1633 1.02501 -8.57056e-07 3.21912e-12 
1634 1.02219 -8.5271e-07 3.19891e-12 
1635 1.01939 -8.48382e-07 3.17846e-12 
1636 1.01661 -8.44073e-07 3.15777e-12 
1637 1.01385 -8.39783e-07 3.13685e-12 
1638 1.01111 -8.35513e-07 3.1157e-12 
1639 1.00838 -8.31265e-07 3.09434e-12 
1640 1.00567 -8.27038e-07 3.07278e-12 
1641 1.00298 -8.22833e-07 3.05101e-12 
1642 1.00031 -8.18652e-07 3.02906e-12 
1643 0.997654 -8.14496e-07 3.00693e-12 
1644 0.99502 -8.10364e-07 2.98462e-12 
1645 0.992405 -8.06257e-07 2.96215e-12 
1646 0.989809 -8.02177e-07 2.93953e-12 
1647 0.987233 -7.98125e-07 2.91676e-12 
1648 0.984677 -7.941e-07 2.89385e-12 
1649 0.98214 -7.90105e-07 2.87081e-12 
1650 0.979624 -7.86139e-07 2.84765e-12 
1651 0.977128 -7.82203e-07 2.82438e-12 
1652 0.974652 -7.78299e-07 2.80101e-12 
1653 0.972197 -7.74425e-07 2.77753e-12 
1654 0.969762 -7.70582e-07 2.75396e-12 
1655 0.967349 -7.6677e-07 2.7303e-12 
1656 0.964957 -7.6299e-07 2.70655e-12 
1657 0.962586 -7.59242e-07 2.68273e-12 
1658 0.960237 -7.55525e-07 2.65883e-12 
1659 0.957909 -7.5184e-07 2.63487e-12 
1660 0.955603 -7.48188e-07 2.61085e-12 
1661 0.95332 -7.44568e-07 2.58677e-12 
1662 0.951058 -7.40981e-07 2.56264e-12 
1663 0.948819 -7.37426e-07 2.53846e-12 
1664 0.946602 -7.33905e-07 2.51425e-12 
1665 0.944408 -7.30416e-07 2.49e-12 
1666 0.942237 -7.26961e-07 2.46573e-12 
1667 0.94009 -7.2354e-07 2.44144e-12 
1668 0.937965 -7.20152e-07 2.41713e-12 
1669 0.935864 -7.16798e-07 2.39281e-12 
1670 0.933787 -7.13479e-07 2.36849e-12 
1671 0.931733 -7.10194e-07 2.34417e-12 
1672 0.929703 -7.06943e-07 2.31986e-12 
1673 0.927698 -7.03727e-07 2.29556e-12 
1674 0.925717 -7.00547e-07 2.27129e-12 
1675 0.923761 -6.97401e-07 2.24704e-12 
1676 0.921829 -6.94291e-07 2.22283e-12 
1677 0.919922 -6.91216e-07 2.19865e-12 
1678 0.918041 -6.88177e-07 2.17452e-12 
1679 0.916184 -6.85174e-07 2.15044e-12 
1680 0.914353 -6.82207e-07 2.12642e-12 
1681 0.912548 -6.79276e-07 2.10247e-12 
1682 0.910769 -6.76382e-07 2.07858e-12 
1683 0.909016 -6.73525e-07 2.05477e-12 
1684 0.907289 -6.70705e-07 2.03104e-12 
1685 0.905588 -6.67922e-07 2.0074e-12 
1686 0.903914 -6.65176e-07 1.98386e-12 
1687 0.902267 -6.62468e-07 1.96042e-12 
1688 0.900647 -6.59797e-07 1.93709e-12 
1689 0.899054 -6.57165e-07 1.91387e-12 
1690 0.897488 -6.54571e-07 1.89077e-12 
1691 0.89595 -6.52015e-07 1.86781e-12 
1692 0.89444 -6.49498e-07 1.84497e-12 
1693 0.892958 -6.47019e-07 1.82228e-12 
1694 0.891503 -6.4458e-07 1.79974e-12 
1695 0.890078 -6.4218e-07 1.77735e-12 
1696 0.88868 -6.39819e-07 1.75512e-12 
1697 0.887312 -6.37498e-07 1.73306e-12 
1698 0.885972 -6.35217e-07 1.71118e-12 
1699 0.884662 -6.32975e-07 1.68947e-12 
1700 0.883381 -6.30774e-07 1.66795e-12 
1701 0.882129 -6.28614e-07 1.64663e-12 
1702 0.880905 -6.26493e-07 1.62551e-12 
1703 0.879709 -6.24412e-07 1.60458e-12 
1704 0.878538 -6.22369e-07 1.58385e-12 
1705 0.877391 -6.20365e-07 1.56333e-12 
1706 0.876268 -6.18398e-07 1.54301e-12 
1707 0.875166 -6.16469e-07 1.52289e-12 
1708 0.874085 -6.14576e-07 1.50298e-12 
1709 0.873023 -6.12719e-07 1.48328e-12 
1710 0.871979 -6.10897e-07 1.46379e-12 
1711 0.870952 -6.09111e-07 1.44451e-12 
1712 0.869939 -6.07358e-07 1.42544e-12 
1713 0.868941 -6.05639e-07 1.40659e-12 
1714 0.867955 -6.03953e-07 1.38795e-12 
1715 0.86698 -6.023e-07 1.36954e-12 
1716 0.866015 -6.00679e-07 1.35134e-12 
1717 0.865059 -5.99088e-07 1.33337e-12 
1718 0.864109 -5.97529e-07 1.31562e-12 
1719 0.863165 -5.95999e-07 1.2981e-12 
1720 0.862226 -5.94499e-07 1.2808e-12 
1721 0.861289 -5.93028e-07 1.26373e-12 
1722 0.860354 -5.91585e-07 1.2469e-12 
1723 0.859419 -5.90169e-07 1.23029e-12 
1724 0.858482 -5.88781e-07 1.21392e-12 
1725 0.857543 -5.87419e-07 1.19779e-12 
1726 0.8566 -5.86082e-07 1.18189e-12 
1727 0.855651 -5.84771e-07 1.16624e-12 
1728 0.854695 -5.83484e-07 1.15082e-12 
1729 0.853731 -5.82221e-07 1.13565e-12 
1730 0.852756 -5.80981e-07 1.12073e-12 
1731 0.851771 -5.79764e-07 1.10605e-12 
1732 0.850772 -5.78568e-07 1.09162e-12 
1733 0.849759 -5.77394e-07 1.07744e-12 
1734 0.84873 -5.76241e-07 1.06351e-12 
1735 0.847684 -5.75107e-07 1.04984e-12 
1736 0.846619 -5.73992e-07 1.03642e-12 
1737 0.845534 -5.72896e-07 1.02326e-12 
1738 0.844427 -5.71819e-07 1.01036e-12 
1739 0.843297 -5.70758e-07 9.97721e-13 
1740 0.842142 -5.69714e-07 9.85346e-13 
1741 0.840961 -5.68685e-07 9.73235e-13 
1742 0.839751 -5.67672e-07 9.61392e-13 
1743 0.838512 -5.66674e-07 9.49818e-13 
1744 0.837243 -5.65689e-07 9.38514e-13 
1745 0.83594 -5.64718e-07 9.27483e-13 
1746 0.834604 -5.63759e-07 9.16727e-13 
1747 0.833232 -5.62811e-07 9.06246e-13 
1748 0.831823 -5.61875e-07 8.96044e-13 
1749 0.830375 -5.60949e-07 8.86123e-13 
1750 0.828887 -5.60033e-07 8.76483e-13 
1751 0.827357 -5.59126e-07 8.67127e-13 
1752 0.825786 -5.58228e-07 8.58052e-13 
1753 0.824177 -5.57338e-07 8.49257e-13 
1754 0.82253 -5.56457e-07 8.40741e-13 
1755 0.820846 -5.55585e-07 8.32499e-13 
1756 0.819129 -5.54721e-07 8.24531e-13 
1757 0.817378 -5.53866e-07 8.16835e-13 
1758 0.815595 -5.53019e-07 8.09408e-13 
1759 0.813782 -5.5218e-07 8.02248e-13 
1760 0.81194 -5.5135e-07 7.95353e-13 
1761 0.810072 -5.50527e-07 7.8872e-13 
1762 0.808177 -5.49713e-07 7.82348e-13 
1763 0.806259 -5.48907e-07 7.76235e-13 
1764 0.804318 -5.48108e-07 7.70377e-13 
1765 0.802356 -5.47317e-07 7.64774e-13 
1766 0.800375 -5.46534e-07 7.59422e-13 
1767 0.798376 -5.45759e-07 7.5432e-13 
1768 0.79636 -5.44991e-07 7.49464e-13 
1769 0.79433 -5.4423e-07 7.44854e-13 
1770 0.792286 -5.43477e-07 7.40486e-13 
1771 0.790231 -5.42731e-07 7.36358e-13 
1772 0.788166 -5.41992e-07 7.32468e-13 
1773 0.786093 -5.4126e-07 7.28814e-13 
1774 0.784013 -5.40535e-07 7.25393e-13 
1775 0.781927 -5.39817e-07 7.22203e-13 
1776 0.779838 -5.39106e-07 7.19241e-13 
1777 0.777748 -5.38402e-07 7.16505e-13 
1778 0.775657 -5.37704e-07 7.13993e-13 
1779 0.773567 -5.37012e-07 7.11702e-13 
1780 0.77148 -5.36327e-07 7.0963e-13 
1781 0.769399 -5.35649e-07 7.07775e-13 
1782 0.767323 -5.34976e-07 7.06133e-13 
1783 0.765256 -5.3431e-07 7.04703e-13 
1784 0.763198 -5.33649e-07 7.03481e-13 
1785 0.761152 -5.32995e-07 7.02466e-13 
1786 0.759119 -5.32347e-07 7.01656e-13 
1787 0.757101 -5.31704e-07 7.01046e-13 
1788 0.755099 -5.31067e-07 7.00635e-13 
1789 0.753116 -5.30435e-07 7.00421e-13 
1790 0.751152 -5.29809e-07 7.004e-13 
1791 0.749211 -5.29188e-07 7.00571e-13 
1792 0.747293 -5.28572e-07 7.0093e-13 
1793 0.7454 -5.27962e-07 7.01475e-13 
1794 0.743534 -5.27356e-07 7.02204e-13 
1795 0.741697 -5.26756e-07 7.03113e-13 
1796 0.73989 -5.2616e-07 7.042e-13 
1797 0.738116 -5.25569e-07 7.05463e-13 
1798 0.736376 -5.24983e-07 7.06898e-13 
1799 0.734672 -5.24401e-07 7.08503e-13 
1800 0.733005 -5.23824e-07 7.10276e-13 
1801 0.731378 -5.23251e-07 7.12213e-13 
1802 0.729788 -5.22681e-07 7.1431e-13 
1803 0.728236 -5.22116e-07 7.16565e-13 
1804 0.726719 -5.21552e-07 7.18972e-13 
1805 0.725237 -5.20992e-07 7.21528e-13 
1806 0.723787 -5.20433e-07 7.24228e-13 
1807 0.72237 -5.19875e-07 7.2707e-13 
1808 0.720982 -5.19319e-07 7.30048e-13 
1809 0.719624 -5.18762e-07 7.33159e-13 
1810 0.718293 -5.18206e-07 7.36398e-13 
1811 0.716988 -5.17649e-07 7.39762e-13 
1812 0.715709 -5.17091e-07 7.43246e-13 
1813 0.714453 -5.16531e-07 7.46846e-13 
1814 0.713219 -5.15969e-07 7.50559e-13 
1815 0.712006 -5.15404e-07 7.54379e-13 
1816 0.710812 -5.14836e-07 7.58303e-13 
1817 0.709637 -5.14264e-07 7.62326e-13 
1818 0.708478 -5.13688e-07 7.66445e-13 
1819 0.707335 -5.13107e-07 7.70655e-13 
1820 0.706205 -5.12521e-07 7.74951e-13 
1821 0.705088 -5.11929e-07 7.7933e-13 
1822 0.703981 -5.11331e-07 7.83787e-13 
1823 0.702885 -5.10725e-07 7.88318e-13 
1824 0.701796 -5.10113e-07 7.92918e-13 
1825 0.700714 -5.09492e-07 7.97583e-13 
1826 0.699638 -5.08863e-07 8.02309e-13 
1827 0.698565 -5.08225e-07 8.07091e-13 
1828 0.697494 -5.07577e-07 8.11925e-13 
1829 0.696425 -5.06919e-07 8.16806e-13 
1830 0.695355 -5.0625e-07 8.2173e-13 
1831 0.694282 -5.0557e-07 8.26692e-13 
1832 0.693207 -5.04878e-07 8.31689e-13 
1833 0.692126 -5.04174e-07 8.36714e-13 
1834 0.691038 -5.03457e-07 8.41765e-13 
1835 0.689943 -5.02727e-07 8.46835e-13 
1836 0.688838 -5.01982e-07 8.51921e-13 
1837 0.687722 -5.01223e-07 8.57019e-13 
1838 0.686593 -5.00448e-07 8.62122e-13 
1839 0.685451 -4.99658e-07 8.67227e-13 
1840 0.684292 -4.98852e-07 8.7233e-13 
1841 0.683116 -4.98028e-07 8.77424e-13 
1842 0.681922 -4.97187e-07 8.82507e-13 
1843 0.680707 -4.96328e-07 8.87572e-13 
1844 0.67947 -4.95451e-07 8.92615e-13 
1845 0.67821 -4.94554e-07 8.97632e-13 
1846 0.676925 -4.93637e-07 9.02617e-13 
1847 0.675613 -4.927e-07 9.07566e-13 
1848 0.674273 -4.91742e-07 9.12474e-13 
1849 0.672903 -4.90762e-07 9.17336e-13 
1850 0.671502 -4.8976e-07 9.22147e-13 
1851 0.670068 -4.88736e-07 9.26903e-13 
1852 0.668602 -4.87689e-07 9.31602e-13 
1853 0.667105 -4.8662e-07 9.36241e-13 
1854 0.665578 -4.85529e-07 9.4082e-13 
1855 0.664022 -4.84417e-07 9.45335e-13 
1856 0.662437 -4.83284e-07 9.49787e-13 
1857 0.660825 -4.82131e-07 9.54172e-13 
1858 0.659187 -4.80957e-07 9.58489e-13 
1859 0.657524 -4.79763e-07 9.62737e-13 
1860 0.655837 -4.7855e-07 9.66913e-13 
1861 0.654126 -4.77317e-07 9.71016e-13 
1862 0.652393 -4.76066e-07 9.75043e-13 
1863 0.650638 -4.74797e-07 9.78994e-13 
1864 0.648864 -4.7351e-07 9.82866e-13 
1865 0.64707 -4.72205e-07 9.86658e-13 
1866 0.645258 -4.70883e-07 9.90367e-13 
1867 0.643429 -4.69544e-07 9.93992e-13 
1868 0.641584 -4.68188e-07 9.97531e-13 
1869 0.639723 -4.66817e-07 1.00098e-12 
1870 0.637849 -4.6543e-07 1.00434e-12 
1871 0.635961 -4.64027e-07 1.00761e-12 
1872 0.634062 -4.6261e-07 1.01079e-12 
1873 0.632151 -4.61178e-07 1.01387e-12 
1874 0.630231 -4.59733e-07 1.01686e-12 
1875 0.628302 -4.58273e-07 1.01974e-12 
1876 0.626365 -4.56801e-07 1.02253e-12 
1877 0.624421 -4.55315e-07 1.02521e-12 
1878 0.622472 -4.53817e-07 1.02779e-12 
1879 0.620518 -4.52307e-07 1.03026e-12 
1880 0.618561 -4.50786e-07 1.03262e-12 
1881 0.616601 -4.49253e-07 1.03487e-12 
1882 0.61464 -4.47709e-07 1.03701e-12 
1883 0.612679 -4.46155e-07 1.03903e-12 
1884 0.610719 -4.44591e-07 1.04094e-12 
1885 0.60876 -4.43018e-07 1.04273e-12 
1886 0.606805 -4.41435e-07 1.0444e-12 
1887 0.604855 -4.39844e-07 1.04595e-12 
1888 0.602909 -4.38245e-07 1.04737e-12 
1889 0.60097 -4.36637e-07 1.04867e-12 
1890 0.599039 -4.35022e-07 1.04984e-12 
1891 0.597117 -4.33401e-07 1.05088e-12 
1892 0.595204 -4.31772e-07 1.05179e-12 
1893 0.593302 -4.30138e-07 1.05256e-12 
1894 0.591413 -4.28498e-07 1.05319e-12 
1895 0.589537 -4.26852e-07 1.05369e-12 
1896 0.587676 -4.25202e-07 1.05405e-12 
1897 0.58583 -4.23547e-07 1.05427e-12 
1898 0.584001 -4.21889e-07 1.05434e-12 
1899 0.58219 -4.20227e-07 1.05427e-12 
1900 0.580398 -4.18562e-07 1.05404e-12 
1901 0.578626 -4.16894e-07 1.05367e-12 
1902 0.576875 -4.15225e-07 1.05315e-12 
1903 0.575143 -4.13553e-07 1.05248e-12 
1904 0.57343 -4.11879e-07 1.05167e-12 
1905 0.571736 -4.10203e-07 1.05071e-12 
1906 0.57006 -4.08526e-07 1.04961e-12 
1907 0.568403 -4.06847e-07 1.04838e-12 
1908 0.566764 -4.05168e-07 1.047e-12 
1909 0.565141 -4.03488e-07 1.04549e-12 
1910 0.563536 -4.01807e-07 1.04385e-12 
1911 0.561948 -4.00126e-07 1.04208e-12 
1912 0.560375 -3.98444e-07 1.04017e-12 
1913 0.558819 -3.96763e-07 1.03814e-12 
1914 0.557277 -3.95082e-07 1.03598e-12 
1915 0.555751 -3.93402e-07 1.0337e-12 
1916 0.55424 -3.91723e-07 1.0313e-12 
1917 0.552742 -3.90044e-07 1.02878e-12 
1918 0.551259 -3.88367e-07 1.02613e-12 
1919 0.549789 -3.86691e-07 1.02338e-12 
1920 0.548332 -3.85017e-07 1.02051e-12 
1921 0.546887 -3.83345e-07 1.01753e-12 
1922 0.545455 -3.81675e-07 1.01443e-12 
1923 0.544034 -3.80008e-07 1.01123e-12 
1924 0.542625 -3.78343e-07 1.00793e-12 
1925 0.541227 -3.76681e-07 1.00452e-12 
1926 0.53984 -3.75022e-07 1.00101e-12 
1927 0.538463 -3.73367e-07 9.974e-13 
1928 0.537095 -3.71715e-07 9.93693e-13 
1929 0.535737 -3.70067e-07 9.8989e-13 
1930 0.534387 -3.68424e-07 9.85995e-13 
1931 0.533046 -3.66784e-07 9.82008e-13 
1932 0.531713 -3.6515e-07 9.77933e-13 
1933 0.530388 -3.6352e-07 9.73771e-13 
1934 0.52907 -3.61895e-07 9.69524e-13 
1935 0.527759 -3.60276e-07 9.65195e-13 
1936 0.526454 -3.58662e-07 9.60785e-13 
1937 0.525155 -3.57054e-07 9.56298e-13 
1938 0.523861 -3.55452e-07 9.51734e-13 
1939 0.522572 -3.53856e-07 9.47097e-13 
1940 0.521288 -3.52267e-07 9.42389e-13 
1941 0.520008 -3.50685e-07 9.37611e-13 
1942 0.518732 -3.4911e-07 9.32766e-13 
1943 0.517459 -3.47543e-07 9.27856e-13 
1944 0.516189 -3.45983e-07 9.22884e-13 
1945 0.514921 -3.44431e-07 9.17851e-13 
1946 0.513655 -3.42887e-07 9.1276e-13 
1947 0.512391 -3.41351e-07 9.07614e-13 
1948 0.511127 -3.39824e-07 9.02414e-13 
1949 0.509864 -3.38307e-07 8.97163e-13 
1950 0.508601 -3.36798e-07 8.91862e-13 
1951 0.507338 -3.35299e-07 8.86516e-13 
1952 0.506074 -3.33808e-07 8.81123e-13 
1953 0.50481 -3.32327e-07 8.75684e-13 
1954 0.503545 -3.30855e-07 8.70201e-13 
1955 0.50228 -3.29391e-07 8.64674e-13 
1956 0.501014 -3.27936e-07 8.59102e-13 
1957 0.499747 -3.26488e-07 8.53488e-13 
1958 0.49848 -3.25049e-07 8.47831e-13 
1959 0.497211 -3.23617e-07 8.42133e-13 
1960 0.495942 -3.22193e-07 8.36392e-13 
1961 0.494672 -3.20775e-07 8.30612e-13 
1962 0.493401 -3.19365e-07 8.24791e-13 
1963 0.492128 -3.17961e-07 8.1893e-13 
1964 0.490855 -3.16564e-07 8.13031e-13 
1965 0.489581 -3.15173e-07 8.07093e-13 
1966 0.488305 -3.13788e-07 8.01118e-13 
1967 0.487028 -3.12409e-07 7.95105e-13 
1968 0.48575 -3.11035e-07 7.89056e-13 
1969 0.48447 -3.09666e-07 7.82971e-13 
1970 0.483189 -3.08303e-07 7.76851e-13 
1971 0.481906 -3.06944e-07 7.70696e-13 
1972 0.480622 -3.0559e-07 7.64507e-13 
1973 0.479336 -3.0424e-07 7.58285e-13 
1974 0.478048 -3.02894e-07 7.5203e-13 
1975 0.476759 -3.01551e-07 7.45743e-13 
1976 0.475468 -3.00213e-07 7.39424e-13 
1977 0.474175 -2.98877e-07 7.33075e-13 
1978 0.47288 -2.97545e-07 7.26695e-13 
1979 0.471583 -2.96216e-07 7.20286e-13 
1980 0.470284 -2.94888e-07 7.13848e-13 
1981 0.468983 -2.93564e-07 7.07382e-13 
1982 0.46768 -2.92241e-07 7.00888e-13 
1983 0.466374 -2.9092e-07 6.94367e-13 
1984 0.465066 -2.896e-07 6.8782e-13 
1985 0.463756 -2.88282e-07 6.81247e-13 
1986 0.462444 -2.86964e-07 6.7465e-13 
1987 0.461129 -2.85648e-07 6.68028e-13 
1988 0.459811 -2.84332e-07 6.61382e-13 
1989 0.458491 -2.83016e-07 6.54714e-13 
1990 0.457168 -2.81699e-07 6.48023e-13 
1991 0.455843 -2.80383e-07 6.4131e-13 
1992 0.454514 -2.79066e-07 6.34577e-13 
1993 0.453183 -2.77748e-07 6.27824e-13 
1994 0.451849 -2.76429e-07 6.21051e-13 
1995 0.450512 -2.75108e-07 6.14259e-13 
1996 0.449172 -2.73786e-07 6.07449e-13 
1997 0.447829 -2.72462e-07 6.00622e-13 
1998 0.446482 -2.71135e-07 5.93777e-13 
1999 0.445133 -2.69806e-07 5.86917e-13 
2000 0.44378 -2.68475e-07 5.80042e-13 
