2 964.196 0.00668293 4.67924e-08 
3 930.017 0.00635053 4.39425e-08 
4 905.929 0.00610683 4.18105e-08 
5 887.515 0.00591473 4.01015e-08 
6 872.019 0.00575288 3.86623e-08 
7 858.12 0.00561047 3.74151e-08 
8 845.063 0.00548105 3.63119e-08 
9 831.984 0.00535769 3.53e-08 
10 819.949 0.00524672 3.44178e-08 
11 807.408 0.00513696 3.35828e-08 
12 795.014 0.0050323 3.28178e-08 
13 781.869 0.00492597 3.20712e-08 
14 769.185 0.00482576 3.13933e-08 
15 757.047 0.00473185 3.07828e-08 
16 743.534 0.00463087 3.01451e-08 
17 729.489 0.00452811 2.95138e-08 
18 716.199 0.0044319 2.89437e-08 
19 704.08 0.00434479 2.84505e-08 
20 692.455 0.00426201 2.80007e-08 
21 679.979 0.00417437 2.75307e-08 
22 666.88 0.00408314 2.70479e-08 
23 653.714 0.00399182 2.65746e-08 
24 640.771 0.00390216 2.61215e-08 
25 628.02 0.00381382 2.5686e-08 
26 615.229 0.00372518 2.52567e-08 
27 602.556 0.00363711 2.48388e-08 
28 590.162 0.00355056 2.44378e-08 
29 578.033 0.0034653 2.40516e-08 
30 565.955 0.00337983 2.36699e-08 
31 553.637 0.00329217 2.32793e-08 
32 541.224 0.00320314 2.28845e-08 
33 528.962 0.0031142 2.24945e-08 
34 517.051 0.00302654 2.21165e-08 
35 505.643 0.00294102 2.17558e-08 
36 494.83 0.00285817 2.14153e-08 
37 484.641 0.00277808 2.10952e-08 
38 475.03 0.0027004 2.0793e-08 
39 465.874 0.00262427 2.0503e-08 
40 456.958 0.00254829 2.02158e-08 
41 448.058 0.00247098 1.99218e-08 
42 439.209 0.0023925 1.96216e-08 
43 430.511 0.00231339 1.93185e-08 
44 422.048 0.00223415 1.90154e-08 
45 413.894 0.00215518 1.87144e-08 
46 406.104 0.00207676 1.84172e-08 
47 398.715 0.00199909 1.81249e-08 
48 391.747 0.00192225 1.78377e-08 
49 385.196 0.00184618 1.75552e-08 
50 379.038 0.0017707 1.72761e-08 
51 373.242 0.00169558 1.69987e-08 
52 367.842 0.00162101 1.67241e-08 
53 362.881 0.0015472 1.64534e-08 
54 358.394 0.00147434 1.61876e-08 
55 354.407 0.00140255 1.59273e-08 
56 350.933 0.00133189 1.56727e-08 
57 347.976 0.00126235 1.54237e-08 
58 345.527 0.00119385 1.51794e-08 
59 343.565 0.00112623 1.49389e-08 
60 342.053 0.00105925 1.47005e-08 
61 340.957 0.000992686 1.44627e-08 
62 340.293 0.000926606 1.42257e-08 
63 340.085 0.000861147 1.39902e-08 
64 340.355 0.000796423 1.3757e-08 
65 341.12 0.000732523 1.35264e-08 
66 342.392 0.000669511 1.32987e-08 
67 344.178 0.000607423 1.3074e-08 
68 346.48 0.000546265 1.28524e-08 
69 349.294 0.000486011 1.26335e-08 
70 352.613 0.000426604 1.24169e-08 
71 356.425 0.000367986 1.22022e-08 
72 360.74 0.000310206 1.19897e-08 
73 365.57 0.000253335 1.17796e-08 
74 370.922 0.000197426 1.15723e-08 
75 376.804 0.000142516 1.13678e-08 
76 383.218 8.86258e-05 1.11663e-08 
77 390.164 3.57586e-05 1.09676e-08 
78 397.637 -1.61018e-05 1.07717e-08 
79 405.63 -6.69912e-05 1.05783e-08 
80 414.132 -0.000116966 1.03869e-08 
81 423.133 -0.000166077 1.01971e-08 
82 432.634 -0.000214297 1.00092e-08 
83 442.642 -0.00026158 9.82338e-09 
84 453.161 -0.000307889 9.63974e-09 
85 464.191 -0.000353198 9.45845e-09 
86 475.734 -0.000397487 9.27959e-09 
87 487.787 -0.00044075 9.10315e-09 
88 500.346 -0.000482988 8.92911e-09 
89 513.406 -0.000524214 8.75735e-09 
90 526.959 -0.000564452 8.58771e-09 
91 540.995 -0.000603727 8.42001e-09 
92 555.514 -0.000642024 8.25433e-09 
93 570.515 -0.000679325 8.09074e-09 
94 585.993 -0.000715618 7.92932e-09 
95 601.947 -0.000750897 7.77007e-09 
96 618.37 -0.000785162 7.61298e-09 
97 635.256 -0.000818422 7.45798e-09 
98 652.596 -0.000850694 7.30498e-09 
99 670.381 -0.000881999 7.15383e-09 
100 688.6 -0.000912369 7.00434e-09 
101 707.241 -0.000941832 6.85635e-09 
102 726.302 -0.000970371 6.70994e-09 
103 745.781 -0.00099796 6.56528e-09 
104 765.676 -0.00102458 6.4225e-09 
105 785.984 -0.0010502 6.28172e-09 
106 806.701 -0.00107482 6.14305e-09 
107 827.822 -0.00109841 6.00658e-09 
108 849.344 -0.00112098 5.87238e-09 
109 871.259 -0.0011425 5.7405e-09 
110 893.561 -0.00116298 5.61097e-09 
111 916.242 -0.00118243 5.48382e-09 
112 939.296 -0.00120083 5.35903e-09 
113 962.712 -0.0012182 5.23657e-09 
114 986.48 -0.00123456 5.11641e-09 
115 1010.59 -0.00124991 4.99846e-09 
116 1035.03 -0.00126428 4.88263e-09 
117 1059.79 -0.00127769 4.76881e-09 
118 1084.85 -0.00129017 4.65685e-09 
119 1110.2 -0.00130175 4.54659e-09 
120 1135.83 -0.00131248 4.43783e-09 
121 1161.72 -0.00132238 4.33041e-09 
122 1187.86 -0.00133145 4.22434e-09 
123 1214.24 -0.00133969 4.11972e-09 
124 1240.86 -0.0013471 4.0166e-09 
125 1267.7 -0.00135366 3.91505e-09 
126 1294.77 -0.00135938 3.81511e-09 
127 1322.05 -0.00136425 3.71683e-09 
128 1349.53 -0.00136828 3.62026e-09 
129 1377.21 -0.00137146 3.52542e-09 
130 1405.07 -0.00137381 3.43232e-09 
131 1433.1 -0.00137532 3.341e-09 
132 1461.3 -0.001376 3.25144e-09 
133 1489.64 -0.00137586 3.16366e-09 
134 1518.13 -0.00137491 3.07763e-09 
135 1546.75 -0.00137317 2.99333e-09 
136 1575.49 -0.00137063 2.91073e-09 
137 1604.33 -0.00136733 2.82979e-09 
138 1633.26 -0.00136328 2.75046e-09 
139 1662.27 -0.00135849 2.67268e-09 
140 1691.35 -0.00135299 2.59637e-09 
141 1720.48 -0.0013468 2.52148e-09 
142 1749.66 -0.00133992 2.44801e-09 
143 1778.86 -0.00133236 2.376e-09 
144 1808.09 -0.00132412 2.30546e-09 
145 1837.33 -0.00131521 2.23643e-09 
146 1866.57 -0.00130564 2.16891e-09 
147 1895.8 -0.00129541 2.10292e-09 
148 1925.01 -0.00128453 2.03847e-09 
149 1954.19 -0.00127301 1.97555e-09 
150 1983.33 -0.00126086 1.91416e-09 
151 2012.41 -0.00124809 1.8543e-09 
152 2041.43 -0.00123472 1.79596e-09 
153 2070.38 -0.00122075 1.73911e-09 
154 2099.24 -0.00120621 1.68373e-09 
155 2128 -0.0011911 1.62979e-09 
156 2156.65 -0.00117544 1.57726e-09 
157 2185.17 -0.00115925 1.5261e-09 
158 2213.56 -0.00114256 1.47626e-09 
159 2241.8 -0.00112536 1.42769e-09 
160 2269.88 -0.0011077 1.38033e-09 
161 2297.79 -0.00108958 1.33413e-09 
162 2325.52 -0.00107102 1.28909e-09 
163 2353.05 -0.00105202 1.24522e-09 
164 2380.38 -0.0010326 1.20253e-09 
165 2407.5 -0.00101277 1.16103e-09 
166 2434.4 -0.000992523 1.12071e-09 
167 2461.06 -0.000971885 1.08159e-09 
168 2487.48 -0.000950861 1.04366e-09 
169 2513.65 -0.000929464 1.00691e-09 
170 2539.56 -0.000907705 9.71344e-10 
171 2565.2 -0.000885596 9.36947e-10 
172 2590.56 -0.000863149 9.03708e-10 
173 2615.62 -0.000840378 8.71612e-10 
174 2640.39 -0.000817297 8.40643e-10 
175 2664.84 -0.000793919 8.10778e-10 
176 2688.98 -0.000770259 7.81996e-10 
177 2712.78 -0.000746331 7.54269e-10 
178 2736.25 -0.000722151 7.27567e-10 
179 2759.36 -0.000697736 7.01858e-10 
180 2782.12 -0.000673101 6.77107e-10 
181 2804.52 -0.000648262 6.5328e-10 
182 2826.53 -0.000623231 6.30371e-10 
183 2848.16 -0.000598017 6.08381e-10 
184 2869.41 -0.000572632 5.87306e-10 
185 2890.25 -0.000547087 5.67144e-10 
186 2910.69 -0.000521391 5.47888e-10 
187 2930.71 -0.000495556 5.29533e-10 
188 2950.31 -0.000469594 5.1207e-10 
189 2969.49 -0.000443515 4.9549e-10 
190 2988.24 -0.000417333 4.79779e-10 
191 3006.54 -0.000391057 4.64926e-10 
192 3024.39 -0.000364702 4.50916e-10 
193 3041.8 -0.000338277 4.37731e-10 
194 3058.74 -0.000311798 4.25353e-10 
195 3075.22 -0.000285275 4.13763e-10 
196 3091.22 -0.000258721 4.02938e-10 
197 3106.75 -0.000232151 3.92854e-10 
198 3121.8 -0.000205576 3.83486e-10 
199 3136.36 -0.000179011 3.74806e-10 
200 3150.42 -0.000152468 3.66784e-10 
201 3163.98 -0.000125961 3.59395e-10 
202 3177.05 -9.95008e-05 3.5263e-10 
203 3189.6 -7.30954e-05 3.46487e-10 
204 3201.64 -4.67545e-05 3.40962e-10 
205 3213.17 -2.04872e-05 3.36049e-10 
206 3224.18 5.69703e-06 3.31744e-10 
207 3234.67 3.1789e-05 3.2804e-10 
208 3244.63 5.77796e-05 3.24929e-10 
209 3254.06 8.36593e-05 3.22404e-10 
210 3262.96 0.000109419 3.20456e-10 
211 3271.32 0.00013505 3.19074e-10 
212 3279.15 0.000160542 3.18248e-10 
213 3286.43 0.000185886 3.17967e-10 
214 3293.18 0.000211074 3.18217e-10 
215 3299.38 0.000236095 3.18987e-10 
216 3305.04 0.000260942 3.2026e-10 
217 3310.16 0.000285604 3.22022e-10 
218 3314.73 0.000310073 3.24256e-10 
219 3318.75 0.000334339 3.26945e-10 
220 3322.22 0.000358394 3.30072e-10 
221 3325.14 0.000382228 3.33616e-10 
222 3327.52 0.000405832 3.37557e-10 
223 3329.35 0.000429199 3.41874e-10 
224 3330.63 0.000452317 3.46545e-10 
225 3331.37 0.00047518 3.51546e-10 
226 3331.56 0.000497778 3.56857e-10 
227 3331.21 0.000520104 3.62468e-10 
228 3330.31 0.000542152 3.68375e-10 
229 3328.87 0.000563915 3.74572e-10 
230 3326.89 0.000585389 3.81052e-10 
231 3324.37 0.000606565 3.8781e-10 
232 3321.31 0.000627439 3.94839e-10 
233 3317.71 0.000648005 4.02131e-10 
234 3313.58 0.000668257 4.09679e-10 
235 3308.91 0.000688189 4.17474e-10 
236 3303.72 0.000707797 4.25509e-10 
237 3298 0.000727075 4.33775e-10 
238 3291.75 0.000746018 4.42262e-10 
239 3284.99 0.000764621 4.50961e-10 
240 3277.7 0.000782879 4.59861e-10 
241 3269.91 0.000800789 4.68953e-10 
242 3261.61 0.000818345 4.78225e-10 
243 3252.8 0.000835544 4.87666e-10 
244 3243.5 0.00085238 4.97264e-10 
245 3233.71 0.000868852 5.07008e-10 
246 3223.42 0.000884953 5.16883e-10 
247 3212.66 0.000900683 5.26879e-10 
248 3201.42 0.000916036 5.36979e-10 
249 3189.71 0.000931009 5.47172e-10 
250 3177.54 0.000945601 5.57442e-10 
251 3164.91 0.000959807 5.67775e-10 
252 3151.84 0.000973626 5.78166e-10 
253 3138.31 0.000987053 5.8861e-10 
254 3124.35 0.00100009 5.991e-10 
255 3109.95 0.00101272 6.09632e-10 
256 3095.12 0.00102496 6.20201e-10 
257 3079.87 0.0010368 6.308e-10 
258 3064.2 0.00104824 6.41424e-10 
259 3048.12 0.00105927 6.52066e-10 
260 3031.63 0.00106989 6.62722e-10 
261 3014.74 0.00108011 6.73384e-10 
262 2997.46 0.00108992 6.84046e-10 
263 2979.79 0.00109932 6.94701e-10 
264 2961.75 0.00110831 7.05343e-10 
265 2943.34 0.00111689 7.15965e-10 
266 2924.56 0.00112505 7.2656e-10 
267 2905.43 0.00113281 7.37121e-10 
268 2885.95 0.00114016 7.47639e-10 
269 2866.14 0.00114709 7.58108e-10 
270 2846 0.00115362 7.6852e-10 
271 2825.54 0.00115973 7.78867e-10 
272 2804.78 0.00116544 7.89141e-10 
273 2783.71 0.00117074 7.99333e-10 
274 2762.35 0.00117564 8.09436e-10 
275 2740.72 0.00118013 8.1944e-10 
276 2718.81 0.00118422 8.29338e-10 
277 2696.65 0.00118791 8.39126e-10 
278 2674.24 0.0011912 8.48799e-10 
279 2651.58 0.00119409 8.58356e-10 
280 2628.68 0.00119659 8.67792e-10 
281 2605.56 0.00119869 8.77104e-10 
282 2582.22 0.0012004 8.86289e-10 
283 2558.67 0.00120173 8.95344e-10 
284 2534.92 0.00120266 9.04264e-10 
285 2510.98 0.00120321 9.13046e-10 
286 2486.87 0.00120339 9.21687e-10 
287 2462.58 0.00120318 9.30184e-10 
288 2438.13 0.0012026 9.38533e-10 
289 2413.53 0.00120165 9.4673e-10 
290 2388.79 0.00120033 9.54773e-10 
291 2363.93 0.00119865 9.62656e-10 
292 2338.94 0.00119662 9.70378e-10 
293 2313.85 0.00119423 9.77933e-10 
294 2288.67 0.0011915 9.8532e-10 
295 2263.4 0.00118842 9.92533e-10 
296 2238.06 0.00118501 9.9957e-10 
297 2212.67 0.00118126 1.00643e-09 
298 2187.22 0.0011772 1.0131e-09 
299 2161.74 0.00117281 1.01959e-09 
300 2136.24 0.00116811 1.02588e-09 
301 2110.73 0.00116311 1.03198e-09 
302 2085.22 0.00115781 1.03788e-09 
303 2059.71 0.0011522 1.04359e-09 
304 2034.21 0.0011463 1.0491e-09 
305 2008.73 0.0011401 1.05441e-09 
306 1983.27 0.00113361 1.05952e-09 
307 1957.85 0.00112683 1.06444e-09 
308 1932.46 0.00111976 1.06915e-09 
309 1907.11 0.0011124 1.07366e-09 
310 1881.81 0.00110477 1.07796e-09 
311 1856.57 0.00109685 1.08207e-09 
312 1831.39 0.00108866 1.08597e-09 
313 1806.28 0.0010802 1.08967e-09 
314 1781.25 0.00107148 1.09317e-09 
315 1756.3 0.00106248 1.09646e-09 
316 1731.44 0.00105323 1.09955e-09 
317 1706.69 0.00104372 1.10244e-09 
318 1682.03 0.00103397 1.10512e-09 
319 1657.49 0.00102396 1.1076e-09 
320 1633.06 0.00101371 1.10988e-09 
321 1608.77 0.00100323 1.11195e-09 
322 1584.6 0.000992511 1.11382e-09 
323 1560.58 0.000981567 1.11548e-09 
324 1536.7 0.000970401 1.11695e-09 
325 1512.98 0.000959019 1.11821e-09 
326 1489.42 0.000947426 1.11927e-09 
327 1466.03 0.000935628 1.12013e-09 
328 1442.82 0.000923632 1.12079e-09 
329 1419.8 0.000911442 1.12125e-09 
330 1396.96 0.000899067 1.12152e-09 
331 1374.33 0.000886512 1.12158e-09 
332 1351.91 0.000873784 1.12145e-09 
333 1329.7 0.000860889 1.12112e-09 
334 1307.71 0.000847836 1.1206e-09 
335 1285.96 0.00083463 1.11989e-09 
336 1264.44 0.00082128 1.11899e-09 
337 1243.17 0.000807793 1.11789e-09 
338 1222.16 0.000794177 1.11661e-09 
339 1201.41 0.00078044 1.11514e-09 
340 1180.93 0.00076659 1.11349e-09 
341 1160.73 0.000752636 1.11165e-09 
342 1140.81 0.000738585 1.10963e-09 
343 1121.19 0.000724447 1.10743e-09 
344 1101.88 0.000710231 1.10506e-09 
345 1082.87 0.000695946 1.1025e-09 
346 1064.19 0.0006816 1.09978e-09 
347 1045.83 0.000667204 1.09688e-09 
348 1027.81 0.000652768 1.09381e-09 
349 1010.14 0.0006383 1.09058e-09 
350 992.818 0.000623812 1.08719e-09 
351 975.858 0.000609312 1.08363e-09 
352 959.262 0.000594805 1.07991e-09 
353 943.032 0.000580294 1.07603e-09 
354 927.17 0.000565782 1.072e-09 
355 911.678 0.000551272 1.06781e-09 
356 896.558 0.000536767 1.06347e-09 
357 881.811 0.000522271 1.05898e-09 
358 867.439 0.000507786 1.05433e-09 
359 853.443 0.000493317 1.04954e-09 
360 839.825 0.000478867 1.04459e-09 
361 826.585 0.000464438 1.03951e-09 
362 813.726 0.000450035 1.03428e-09 
363 801.247 0.000435661 1.02891e-09 
364 789.15 0.000421319 1.0234e-09 
365 777.436 0.000407013 1.01775e-09 
366 766.104 0.000392746 1.01197e-09 
367 755.157 0.000378523 1.00605e-09 
368 744.593 0.000364346 1e-09 
369 734.413 0.00035022 9.93831e-10 
370 724.618 0.000336149 9.87532e-10 
371 715.207 0.000322135 9.8111e-10 
372 706.181 0.000308183 9.74568e-10 
373 697.539 0.000294297 9.67908e-10 
374 689.28 0.00028048 9.61134e-10 
375 681.405 0.000266737 9.54247e-10 
376 673.912 0.000253071 9.47252e-10 
377 666.801 0.000239486 9.4015e-10 
378 660.071 0.000225988 9.32945e-10 
379 653.721 0.000212578 9.2564e-10 
380 647.75 0.000199263 9.18238e-10 
381 642.157 0.000186045 9.10743e-10 
382 636.94 0.000172929 9.03158e-10 
383 632.097 0.000159919 8.95485e-10 
384 627.628 0.00014702 8.8773e-10 
385 623.529 0.000134236 8.79895e-10 
386 619.8 0.000121571 8.71983e-10 
387 616.438 0.00010903 8.64e-10 
388 613.44 9.66169e-05 8.55947e-10 
389 610.805 8.43362e-05 8.4783e-10 
390 608.53 7.21925e-05 8.39652e-10 
391 606.612 6.01905e-05 8.31418e-10 
392 605.048 4.83346e-05 8.2313e-10 
393 603.836 3.66296e-05 8.14795e-10 
394 602.972 2.508e-05 8.06415e-10 
395 602.453 1.36907e-05 7.97995e-10 
396 602.275 2.46639e-06 7.8954e-10 
397 602.435 -8.58815e-06 7.81053e-10 
398 602.93 -1.94681e-05 7.72541e-10 
399 603.754 -3.01685e-05 7.64007e-10 
400 604.905 -4.06844e-05 7.55456e-10 
401 606.379 -5.10117e-05 7.46892e-10 
402 608.171 -6.11486e-05 7.38318e-10 
403 610.28 -7.10945e-05 7.29735e-10 
404 612.702 -8.08484e-05 7.21144e-10 
405 615.434 -9.04096e-05 7.12547e-10 
406 618.472 -9.97774e-05 7.03946e-10 
407 621.814 -0.000108951 6.95342e-10 
408 625.455 -0.00011793 6.86737e-10 
409 629.391 -0.000126714 6.78133e-10 
410 633.62 -0.000135302 6.6953e-10 
411 638.137 -0.000143693 6.60932e-10 
412 642.937 -0.000151888 6.52339e-10 
413 648.017 -0.000159885 6.43753e-10 
414 653.372 -0.000167685 6.35176e-10 
415 658.997 -0.000175286 6.26609e-10 
416 664.888 -0.00018269 6.18055e-10 
417 671.039 -0.000189895 6.09515e-10 
418 677.447 -0.000196901 6.00991e-10 
419 684.105 -0.000203709 5.92485e-10 
420 691.008 -0.000210317 5.83998e-10 
421 698.152 -0.000216727 5.75532e-10 
422 705.53 -0.000222937 5.6709e-10 
423 713.136 -0.000228949 5.58672e-10 
424 720.965 -0.000234761 5.50282e-10 
425 729.011 -0.000240375 5.4192e-10 
426 737.267 -0.000245791 5.3359e-10 
427 745.728 -0.000251008 5.25292e-10 
428 754.386 -0.000256027 5.17028e-10 
429 763.236 -0.000260848 5.08802e-10 
430 772.269 -0.000265472 5.00613e-10 
431 781.48 -0.0002699 4.92466e-10 
432 790.861 -0.000274131 4.84361e-10 
433 800.405 -0.000278166 4.76301e-10 
434 810.104 -0.000282006 4.68288e-10 
435 819.951 -0.000285651 4.60323e-10 
436 829.938 -0.000289102 4.5241e-10 
437 840.058 -0.000292361 4.4455e-10 
438 850.302 -0.000295427 4.36744e-10 
439 860.661 -0.000298301 4.28997e-10 
440 871.128 -0.000300985 4.21309e-10 
441 881.694 -0.000303479 4.13682e-10 
442 892.35 -0.000305785 4.0612e-10 
443 903.088 -0.000307904 3.98623e-10 
444 913.897 -0.000309836 3.91196e-10 
445 924.77 -0.000311583 3.83838e-10 
446 935.696 -0.000313146 3.76554e-10 
447 946.666 -0.000314526 3.69346e-10 
448 957.671 -0.000315725 3.62215e-10 
449 968.7 -0.000316745 3.55163e-10 
450 979.743 -0.000317586 3.48195e-10 
451 990.791 -0.00031825 3.4131e-10 
452 1001.84 -0.000318739 3.34511e-10 
453 1012.88 -0.000319054 3.27797e-10 
454 1023.92 -0.000319197 3.2117e-10 
455 1034.95 -0.00031917 3.14629e-10 
456 1045.97 -0.000318973 3.08175e-10 
457 1056.96 -0.000318609 3.01808e-10 
458 1067.94 -0.00031808 2.95529e-10 
459 1078.89 -0.000317387 2.89338e-10 
460 1089.81 -0.000316532 2.83236e-10 
461 1100.69 -0.000315517 2.77222e-10 
462 1111.54 -0.000314345 2.71297e-10 
463 1122.35 -0.000313018 2.65462e-10 
464 1133.11 -0.000311536 2.59716e-10 
465 1143.83 -0.000309904 2.5406e-10 
466 1154.48 -0.000308122 2.48494e-10 
467 1165.08 -0.000306194 2.43018e-10 
468 1175.62 -0.000304122 2.37633e-10 
469 1186.09 -0.000301908 2.32339e-10 
470 1196.49 -0.000299555 2.27136e-10 
471 1206.81 -0.000297065 2.22024e-10 
472 1217.05 -0.00029444 2.17003e-10 
473 1227.21 -0.000291685 2.12074e-10 
474 1237.27 -0.000288801 2.07236e-10 
475 1247.24 -0.000285791 2.02489e-10 
476 1257.11 -0.000282659 1.97834e-10 
477 1266.88 -0.000279407 1.93271e-10 
478 1276.53 -0.000276038 1.888e-10 
479 1286.07 -0.000272555 1.8442e-10 
480 1295.49 -0.000268962 1.80133e-10 
481 1304.79 -0.000265261 1.75937e-10 
482 1313.96 -0.000261457 1.71832e-10 
483 1322.98 -0.000257552 1.67819e-10 
484 1331.87 -0.00025355 1.63898e-10 
485 1340.62 -0.000249454 1.60068e-10 
486 1349.21 -0.000245269 1.5633e-10 
487 1357.64 -0.000240996 1.52683e-10 
488 1365.91 -0.000236642 1.49127e-10 
489 1374.01 -0.000232208 1.45661e-10 
490 1381.94 -0.000227699 1.42287e-10 
491 1389.69 -0.000223119 1.39003e-10 
492 1397.25 -0.000218473 1.35809e-10 
493 1404.62 -0.000213763 1.32705e-10 
494 1411.79 -0.000208994 1.29691e-10 
495 1418.76 -0.000204171 1.26766e-10 
496 1425.52 -0.000199297 1.23931e-10 
497 1432.06 -0.000194377 1.21184e-10 
498 1438.38 -0.000189416 1.18525e-10 
499 1444.47 -0.000184418 1.15955e-10 
500 1450.33 -0.000179387 1.13472e-10 
501 1455.94 -0.000174328 1.11076e-10 
502 1461.32 -0.000169243 1.08767e-10 
503 1466.45 -0.000164133 1.06545e-10 
504 1471.34 -0.000159001 1.04407e-10 
505 1475.99 -0.000153848 1.02355e-10 
506 1480.4 -0.000148676 1.00387e-10 
507 1484.57 -0.000143486 9.85033e-11 
508 1488.5 -0.000138281 9.67025e-11 
509 1492.19 -0.000133063 9.49841e-11 
510 1495.64 -0.000127833 9.33475e-11 
511 1498.86 -0.000122593 9.1792e-11 
512 1501.83 -0.000117346 9.03168e-11 
513 1504.57 -0.000112092 8.89211e-11 
514 1507.06 -0.000106835 8.76042e-11 
515 1509.33 -0.000101576 8.63652e-11 
516 1511.35 -9.63179e-05 8.52034e-11 
517 1513.14 -9.1062e-05 8.41178e-11 
518 1514.7 -8.58106e-05 8.31075e-11 
519 1516.02 -8.0566e-05 8.21717e-11 
520 1517.11 -7.53303e-05 8.13094e-11 
521 1517.96 -7.01058e-05 8.05196e-11 
522 1518.59 -6.48947e-05 7.98013e-11 
523 1518.98 -5.96993e-05 7.91536e-11 
524 1519.15 -5.45218e-05 7.85753e-11 
525 1519.08 -4.93647e-05 7.80655e-11 
526 1518.79 -4.42302e-05 7.7623e-11 
527 1518.27 -3.91208e-05 7.72467e-11 
528 1517.53 -3.40389e-05 7.69355e-11 
529 1516.56 -2.89869e-05 7.66881e-11 
530 1515.37 -2.39674e-05 7.65035e-11 
531 1513.96 -1.89828e-05 7.63803e-11 
532 1512.33 -1.40356e-05 7.63173e-11 
533 1510.48 -9.12855e-06 7.63133e-11 
534 1508.41 -4.26412e-06 7.63669e-11 
535 1506.13 5.5502e-07 7.64768e-11 
536 1503.63 5.3262e-06 7.66417e-11 
537 1500.92 1.00467e-05 7.68601e-11 
538 1498 1.47139e-05 7.71306e-11 
539 1494.87 1.93249e-05 7.74518e-11 
540 1491.53 2.38769e-05 7.78223e-11 
541 1487.98 2.83672e-05 7.82405e-11 
542 1484.23 3.27929e-05 7.87049e-11 
543 1480.28 3.71512e-05 7.92139e-11 
544 1476.12 4.14389e-05 7.9766e-11 
545 1471.77 4.56534e-05 8.03595e-11 
546 1467.22 4.97915e-05 8.09929e-11 
547 1462.48 5.38502e-05 8.16644e-11 
548 1457.54 5.78265e-05 8.23724e-11 
549 1452.41 6.17173e-05 8.3115e-11 
550 1447.1 6.55196e-05 8.38907e-11 
551 1441.59 6.92305e-05 8.46977e-11 
552 1435.91 7.28495e-05 8.55352e-11 
553 1430.04 7.63762e-05 8.64025e-11 
554 1424 7.98105e-05 8.7299e-11 
555 1417.79 8.3152e-05 8.82239e-11 
556 1411.41 8.64005e-05 8.91765e-11 
557 1404.86 8.95559e-05 9.01561e-11 
558 1398.15 9.2618e-05 9.1162e-11 
559 1391.29 9.55865e-05 9.21933e-11 
560 1384.27 9.84612e-05 9.32493e-11 
561 1377.1 0.000101242 9.43293e-11 
562 1369.78 0.000103929 9.54324e-11 
563 1362.33 0.000106521 9.65578e-11 
564 1354.73 0.000109019 9.77046e-11 
565 1347 0.000111423 9.88722e-11 
566 1339.15 0.000113732 1.00059e-10 
567 1331.17 0.000115946 1.01266e-10 
568 1323.07 0.000118066 1.0249e-10 
569 1314.85 0.00012009 1.03731e-10 
570 1306.52 0.000122019 1.04989e-10 
571 1298.09 0.000123854 1.06262e-10 
572 1289.55 0.000125593 1.07549e-10 
573 1280.92 0.000127237 1.0885e-10 
574 1272.19 0.000128785 1.10163e-10 
575 1263.38 0.000130238 1.11488e-10 
576 1254.48 0.000131596 1.12823e-10 
577 1245.51 0.000132859 1.14168e-10 
578 1236.47 0.000134026 1.15521e-10 
579 1227.36 0.000135098 1.16881e-10 
580 1218.18 0.000136075 1.18248e-10 
581 1208.96 0.000136956 1.1962e-10 
582 1199.68 0.000137742 1.20997e-10 
583 1190.35 0.000138433 1.22376e-10 
584 1180.99 0.000139029 1.23758e-10 
585 1171.6 0.00013953 1.2514e-10 
586 1162.17 0.000139936 1.26522e-10 
587 1152.72 0.000140247 1.27902e-10 
588 1143.26 0.000140463 1.2928e-10 
589 1133.79 0.000140585 1.30654e-10 
590 1124.31 0.000140612 1.32023e-10 
591 1114.83 0.000140545 1.33386e-10 
592 1105.37 0.000140383 1.34741e-10 
593 1095.91 0.000140128 1.36088e-10 
594 1086.48 0.000139779 1.37425e-10 
595 1077.08 0.000139336 1.3875e-10 
596 1067.7 0.0001388 1.40063e-10 
597 1058.37 0.00013817 1.41361e-10 
598 1049.09 0.000137448 1.42645e-10 
599 1039.86 0.000136633 1.43912e-10 
600 1030.69 0.000135725 1.45161e-10 
601 1021.59 0.000134725 1.46391e-10 
602 1012.56 0.000133634 1.47602e-10 
603 1003.6 0.000132454 1.48793e-10 
604 994.716 0.000131184 1.49963e-10 
605 985.912 0.000129826 1.51114e-10 
606 977.189 0.000128382 1.52244e-10 
607 968.551 0.000126852 1.53354e-10 
608 960 0.000125238 1.54442e-10 
609 951.539 0.000123541 1.5551e-10 
610 943.172 0.000121762 1.56556e-10 
611 934.9 0.000119903 1.57581e-10 
612 926.727 0.000117965 1.58584e-10 
613 918.656 0.000115949 1.59565e-10 
614 910.691 0.000113857 1.60523e-10 
615 902.833 0.000111689 1.6146e-10 
616 895.086 0.000109448 1.62373e-10 
617 887.454 0.000107135 1.63264e-10 
618 879.938 0.00010475 1.64131e-10 
619 872.544 0.000102297 1.64975e-10 
620 865.273 9.97758e-05 1.65795e-10 
621 858.129 9.71883e-05 1.66592e-10 
622 851.114 9.45361e-05 1.67364e-10 
623 844.234 9.18208e-05 1.68112e-10 
624 837.49 8.90439e-05 1.68836e-10 
625 830.885 8.62072e-05 1.69535e-10 
626 824.424 8.33122e-05 1.70209e-10 
627 818.11 8.03607e-05 1.70857e-10 
628 811.946 7.73543e-05 1.7148e-10 
629 805.935 7.42948e-05 1.72077e-10 
630 800.08 7.11839e-05 1.72648e-10 
631 794.387 6.80234e-05 1.73193e-10 
632 788.857 6.48152e-05 1.73712e-10 
633 783.494 6.1561e-05 1.74204e-10 
634 778.302 5.82628e-05 1.74669e-10 
635 773.284 5.49223e-05 1.75106e-10 
636 768.445 5.15416e-05 1.75517e-10 
637 763.787 4.81225e-05 1.75899e-10 
638 759.315 4.46671e-05 1.76254e-10 
639 755.031 4.11773e-05 1.7658e-10 
640 750.941 3.76551e-05 1.76879e-10 
641 747.046 3.41026e-05 1.77148e-10 
642 743.352 3.05219e-05 1.77389e-10 
643 739.862 2.69151e-05 1.776e-10 
644 736.58 2.32843e-05 1.77782e-10 
645 733.509 1.96316e-05 1.77935e-10 
646 730.654 1.59592e-05 1.78057e-10 
647 728.018 1.22694e-05 1.7815e-10 
648 725.606 8.5644e-06 1.78212e-10 
649 723.421 4.84645e-06 1.78243e-10 
650 721.467 1.11785e-06 1.78244e-10 
651 719.748 -2.61928e-06 1.78213e-10 
652 718.264 -6.36361e-06 1.78152e-10 
653 717.013 -1.0114e-05 1.7806e-10 
654 715.995 -1.38694e-05 1.77937e-10 
655 715.209 -1.76285e-05 1.77785e-10 
656 714.654 -2.13903e-05 1.77602e-10 
657 714.329 -2.51534e-05 1.7739e-10 
658 714.234 -2.89169e-05 1.77149e-10 
659 714.366 -3.26793e-05 1.76878e-10 
660 714.726 -3.64395e-05 1.76579e-10 
661 715.312 -4.01963e-05 1.76251e-10 
662 716.123 -4.39484e-05 1.75895e-10 
663 717.158 -4.76946e-05 1.75511e-10 
664 718.415 -5.14336e-05 1.75099e-10 
665 719.894 -5.5164e-05 1.7466e-10 
666 721.593 -5.88846e-05 1.74194e-10 
667 723.512 -6.25941e-05 1.73702e-10 
668 725.648 -6.62911e-05 1.73183e-10 
669 728 -6.99743e-05 1.72638e-10 
670 730.568 -7.36424e-05 1.72067e-10 
671 733.349 -7.72938e-05 1.71472e-10 
672 736.342 -8.09274e-05 1.70851e-10 
673 739.547 -8.45416e-05 1.70205e-10 
674 742.96 -8.81351e-05 1.69535e-10 
675 746.581 -9.17063e-05 1.68842e-10 
676 750.409 -9.5254e-05 1.68124e-10 
677 754.441 -9.87765e-05 1.67384e-10 
678 758.676 -0.000102273 1.66621e-10 
679 763.112 -0.000105741 1.65835e-10 
680 767.748 -0.000109179 1.65028e-10 
681 772.581 -0.000112586 1.64199e-10 
682 777.611 -0.000115961 1.63349e-10 
683 782.835 -0.000119302 1.62478e-10 
684 788.252 -0.000122607 1.61587e-10 
685 793.859 -0.000125874 1.60675e-10 
686 799.655 -0.000129103 1.59745e-10 
687 805.638 -0.000132291 1.58795e-10 
688 811.805 -0.000135438 1.57827e-10 
689 818.155 -0.00013854 1.56841e-10 
690 824.686 -0.000141597 1.55837e-10 
691 831.396 -0.000144607 1.54816e-10 
692 838.281 -0.000147569 1.53778e-10 
693 845.342 -0.00015048 1.52724e-10 
694 852.574 -0.000153339 1.51654e-10 
695 859.976 -0.000156144 1.50569e-10 
696 867.546 -0.000158893 1.49469e-10 
697 875.281 -0.000161586 1.48355e-10 
698 883.179 -0.000164219 1.47227e-10 
699 891.237 -0.000166791 1.46086e-10 
700 899.454 -0.0001693 1.44933e-10 
701 907.826 -0.000171746 1.43767e-10 
702 916.35 -0.000174127 1.42589e-10 
703 925.023 -0.000176442 1.414e-10 
704 933.842 -0.000178694 1.40199e-10 
705 942.802 -0.00018088 1.38988e-10 
706 951.899 -0.000183001 1.37767e-10 
707 961.131 -0.000185056 1.36535e-10 
708 970.494 -0.000187047 1.35293e-10 
709 979.983 -0.000188972 1.34043e-10 
710 989.595 -0.000190831 1.32783e-10 
711 999.326 -0.000192625 1.31515e-10 
712 1009.17 -0.000194353 1.30238e-10 
713 1019.13 -0.000196015 1.28954e-10 
714 1029.19 -0.000197612 1.27662e-10 
715 1039.36 -0.000199142 1.26363e-10 
716 1049.63 -0.000200607 1.25057e-10 
717 1059.99 -0.000202005 1.23746e-10 
718 1070.44 -0.000203337 1.22428e-10 
719 1080.97 -0.000204603 1.21105e-10 
720 1091.59 -0.000205802 1.19777e-10 
721 1102.29 -0.000206935 1.18444e-10 
722 1113.06 -0.000208002 1.17108e-10 
723 1123.89 -0.000209003 1.15767e-10 
724 1134.79 -0.000209936 1.14423e-10 
725 1145.75 -0.000210804 1.13077e-10 
726 1156.76 -0.000211604 1.11728e-10 
727 1167.83 -0.000212338 1.10377e-10 
728 1178.93 -0.000213006 1.09024e-10 
729 1190.08 -0.000213607 1.07671e-10 
730 1201.27 -0.000214141 1.06317e-10 
731 1212.48 -0.000214608 1.04963e-10 
732 1223.72 -0.000215009 1.03609e-10 
733 1234.98 -0.000215343 1.02256e-10 
734 1246.25 -0.000215611 1.00905e-10 
735 1257.53 -0.000215811 9.95548e-11 
736 1268.82 -0.000215946 9.82074e-11 
737 1280.11 -0.000216013 9.68628e-11 
738 1291.39 -0.000216014 9.55216e-11 
739 1302.66 -0.000215948 9.41842e-11 
740 1313.92 -0.000215816 9.28511e-11 
741 1325.15 -0.000215617 9.15229e-11 
742 1336.35 -0.000215352 9.02001e-11 
743 1347.52 -0.00021502 8.88832e-11 
744 1358.66 -0.000214622 8.75728e-11 
745 1369.74 -0.000214157 8.62693e-11 
746 1380.78 -0.000213626 8.49734e-11 
747 1391.76 -0.000213029 8.36855e-11 
748 1402.68 -0.000212366 8.24063e-11 
749 1413.53 -0.000211636 8.11363e-11 
750 1424.3 -0.000210841 7.98761e-11 
751 1435 -0.00020998 7.86261e-11 
752 1445.61 -0.000209053 7.73865e-11 
753 1456.14 -0.000208063 7.61576e-11 
754 1466.58 -0.000207008 7.49393e-11 
755 1476.93 -0.000205891 7.37319e-11 
756 1487.19 -0.000204712 7.25355e-11 
757 1497.35 -0.000203471 7.13502e-11 
758 1507.41 -0.00020217 7.01761e-11 
759 1517.37 -0.00020081 6.90134e-11 
760 1527.22 -0.000199391 6.78623e-11 
761 1536.97 -0.000197914 6.67227e-11 
762 1546.61 -0.00019638 6.5595e-11 
763 1556.14 -0.000194791 6.44791e-11 
764 1565.55 -0.000193146 6.33754e-11 
765 1574.84 -0.000191447 6.22838e-11 
766 1584.01 -0.000189695 6.12045e-11 
767 1593.06 -0.00018789 6.01376e-11 
768 1601.97 -0.000186034 5.90834e-11 
769 1610.76 -0.000184128 5.80419e-11 
770 1619.42 -0.000182172 5.70133e-11 
771 1627.94 -0.000180168 5.59977e-11 
772 1636.32 -0.000178117 5.49952e-11 
773 1644.56 -0.000176019 5.4006e-11 
774 1652.65 -0.000173876 5.30302e-11 
775 1660.6 -0.000171689 5.2068e-11 
776 1668.4 -0.000169458 5.11195e-11 
777 1676.04 -0.000167186 5.01848e-11 
778 1683.52 -0.000164872 4.92641e-11 
779 1690.84 -0.000162518 4.83576e-11 
780 1698 -0.000160126 4.74653e-11 
781 1704.99 -0.000157695 4.65874e-11 
782 1711.81 -0.000155229 4.57241e-11 
783 1718.45 -0.000152726 4.48754e-11 
784 1724.92 -0.00015019 4.40416e-11 
785 1731.21 -0.000147621 4.32228e-11 
786 1737.32 -0.000145019 4.24191e-11 
787 1743.24 -0.000142387 4.16307e-11 
788 1748.97 -0.000139726 4.08577e-11 
789 1754.5 -0.000137036 4.01002e-11 
790 1759.84 -0.00013432 3.93585e-11 
791 1764.98 -0.000131577 3.86326e-11 
792 1769.91 -0.000128811 3.79227e-11 
793 1774.64 -0.000126021 3.7229e-11 
794 1779.15 -0.000123209 3.65515e-11 
795 1783.45 -0.000120377 3.58905e-11 
796 1787.54 -0.000117526 3.52461e-11 
797 1791.4 -0.000114657 3.46184e-11 
798 1795.03 -0.000111771 3.40077e-11 
799 1798.44 -0.00010887 3.34139e-11 
800 1801.61 -0.000105956 3.28373e-11 
801 1804.55 -0.000103029 3.22781e-11 
802 1807.25 -0.000100091 3.1736e-11 
803 1809.72 -9.71422e-05 3.12111e-11 
804 1811.96 -9.41835e-05 3.07032e-11 
805 1813.96 -9.12158e-05 3.02122e-11 
806 1815.72 -8.824e-05 2.9738e-11 
807 1817.26 -8.5257e-05 2.92805e-11 
808 1818.56 -8.22676e-05 2.88394e-11 
809 1819.63 -7.92727e-05 2.84149e-11 
810 1820.47 -7.62731e-05 2.80066e-11 
811 1821.08 -7.32698e-05 2.76145e-11 
812 1821.46 -7.02637e-05 2.72384e-11 
813 1821.62 -6.72557e-05 2.68782e-11 
814 1821.54 -6.42467e-05 2.65338e-11 
815 1821.24 -6.12376e-05 2.62051e-11 
816 1820.72 -5.82293e-05 2.58919e-11 
817 1819.96 -5.52229e-05 2.5594e-11 
818 1818.99 -5.22193e-05 2.53114e-11 
819 1817.79 -4.92194e-05 2.50438e-11 
820 1816.37 -4.62242e-05 2.47912e-11 
821 1814.73 -4.32347e-05 2.45534e-11 
822 1812.86 -4.02519e-05 2.43302e-11 
823 1810.78 -3.72767e-05 2.41214e-11 
824 1808.48 -3.43102e-05 2.3927e-11 
825 1805.96 -3.13534e-05 2.37468e-11 
826 1803.22 -2.84074e-05 2.35806e-11 
827 1800.27 -2.54731e-05 2.34282e-11 
828 1797.11 -2.25516e-05 2.32894e-11 
829 1793.73 -1.96439e-05 2.31642e-11 
830 1790.14 -1.67511e-05 2.30524e-11 
831 1786.34 -1.38744e-05 2.29537e-11 
832 1782.33 -1.10147e-05 2.2868e-11 
833 1778.11 -8.17308e-06 2.27951e-11 
834 1773.68 -5.35075e-06 2.27348e-11 
835 1769.05 -2.54877e-06 2.2687e-11 
836 1764.21 2.31745e-07 2.26514e-11 
837 1759.16 2.98968e-06 2.2628e-11 
838 1753.92 5.72389e-06 2.26164e-11 
839 1748.47 8.43324e-06 2.26165e-11 
840 1742.82 1.11166e-05 2.26281e-11 
841 1736.98 1.37727e-05 2.26511e-11 
842 1730.94 1.64006e-05 2.26851e-11 
843 1724.7 1.89988e-05 2.27301e-11 
844 1718.27 2.15664e-05 2.27857e-11 
845 1711.64 2.41021e-05 2.28519e-11 
846 1704.82 2.66046e-05 2.29284e-11 
847 1697.81 2.90729e-05 2.30149e-11 
848 1690.62 3.15055e-05 2.31113e-11 
849 1683.24 3.39014e-05 2.32173e-11 
850 1675.67 3.62592e-05 2.33328e-11 
851 1667.92 3.85779e-05 2.34574e-11 
852 1659.98 4.08571e-05 2.35911e-11 
853 1651.87 4.30967e-05 2.37337e-11 
854 1643.59 4.52965e-05 2.38849e-11 
855 1635.13 4.74563e-05 2.40446e-11 
856 1626.5 4.9576e-05 2.42125e-11 
857 1617.71 5.16553e-05 2.43886e-11 
858 1608.76 5.36942e-05 2.45726e-11 
859 1599.65 5.56925e-05 2.47642e-11 
860 1590.38 5.765e-05 2.49634e-11 
861 1580.96 5.95665e-05 2.51699e-11 
862 1571.39 6.14419e-05 2.53835e-11 
863 1561.68 6.3276e-05 2.56041e-11 
864 1551.82 6.50687e-05 2.58313e-11 
865 1541.83 6.68197e-05 2.6065e-11 
866 1531.7 6.8529e-05 2.6305e-11 
867 1521.44 7.01964e-05 2.65511e-11 
868 1511.06 7.18217e-05 2.6803e-11 
869 1500.55 7.34047e-05 2.70606e-11 
870 1489.92 7.49454e-05 2.73236e-11 
871 1479.17 7.64435e-05 2.75918e-11 
872 1468.31 7.78989e-05 2.7865e-11 
873 1457.34 7.93115e-05 2.81429e-11 
874 1446.27 8.06811e-05 2.84254e-11 
875 1435.1 8.20074e-05 2.87121e-11 
876 1423.83 8.32905e-05 2.90029e-11 
877 1412.46 8.45301e-05 2.92976e-11 
878 1401.01 8.57262e-05 2.95958e-11 
879 1389.47 8.68784e-05 2.98973e-11 
880 1377.85 8.79867e-05 3.0202e-11 
881 1366.16 8.9051e-05 3.05096e-11 
882 1354.39 9.00711e-05 3.08197e-11 
883 1342.55 9.10469e-05 3.11323e-11 
884 1330.65 9.19781e-05 3.14469e-11 
885 1318.68 9.28647e-05 3.17634e-11 
886 1306.67 9.37066e-05 3.20815e-11 
887 1294.6 9.45035e-05 3.2401e-11 
888 1282.48 9.52554e-05 3.27216e-11 
889 1270.32 9.5962e-05 3.3043e-11 
890 1258.13 9.66233e-05 3.33649e-11 
891 1245.89 9.72392e-05 3.36872e-11 
892 1233.64 9.78094e-05 3.40094e-11 
893 1221.35 9.83339e-05 3.43314e-11 
894 1209.05 9.88125e-05 3.46529e-11 
895 1196.73 9.92451e-05 3.49736e-11 
896 1184.4 9.96315e-05 3.52932e-11 
897 1172.07 9.99717e-05 3.56115e-11 
898 1159.73 0.000100265 3.59281e-11 
899 1147.4 0.000100513 3.62428e-11 
900 1135.08 0.000100713 3.65552e-11 
901 1122.77 0.000100867 3.68652e-11 
902 1110.48 0.000100974 3.71725e-11 
903 1098.2 0.000101036 3.74772e-11 
904 1085.95 0.000101052 3.77791e-11 
905 1073.72 0.000101023 3.80782e-11 
906 1061.52 0.00010095 3.83743e-11 
907 1049.35 0.000100832 3.86673e-11 
908 1037.21 0.000100672 3.89573e-11 
909 1025.1 0.000100468 3.92441e-11 
910 1013.03 0.000100222 3.95275e-11 
911 1001.01 9.99333e-05 3.98076e-11 
912 989.019 9.96035e-05 4.00842e-11 
913 977.077 9.92328e-05 4.03572e-11 
914 965.184 9.88217e-05 4.06266e-11 
915 953.341 9.83707e-05 4.08922e-11 
916 941.551 9.78804e-05 4.11539e-11 
917 929.818 9.73512e-05 4.14118e-11 
918 918.143 9.67838e-05 4.16656e-11 
919 906.531 9.61788e-05 4.19152e-11 
920 894.984 9.55366e-05 4.21607e-11 
921 883.504 9.48579e-05 4.24018e-11 
922 872.094 9.41432e-05 4.26385e-11 
923 860.758 9.33932e-05 4.28707e-11 
924 849.499 9.26084e-05 4.30983e-11 
925 838.319 9.17894e-05 4.33211e-11 
926 827.221 9.09369e-05 4.35392e-11 
927 816.209 9.00513e-05 4.37523e-11 
928 805.285 8.91335e-05 4.39605e-11 
929 794.452 8.81839e-05 4.41635e-11 
930 783.714 8.72033e-05 4.43613e-11 
931 773.074 8.61922e-05 4.45538e-11 
932 762.534 8.51513e-05 4.47409e-11 
933 752.098 8.40813e-05 4.49224e-11 
934 741.769 8.29828e-05 4.50983e-11 
935 731.551 8.18565e-05 4.52685e-11 
936 721.445 8.0703e-05 4.54329e-11 
937 711.457 7.95231e-05 4.55913e-11 
938 701.588 7.83174e-05 4.57437e-11 
939 691.842 7.70866e-05 4.58899e-11 
940 682.223 7.58314e-05 4.60298e-11 
941 672.733 7.45526e-05 4.61633e-11 
942 663.376 7.32508e-05 4.62904e-11 
943 654.156 7.19267e-05 4.64109e-11 
944 645.076 7.05811e-05 4.65246e-11 
945 636.138 6.92148e-05 4.66316e-11 
946 627.347 6.78284e-05 4.67316e-11 
947 618.706 6.64227e-05 4.68246e-11 
948 610.219 6.49984e-05 4.69104e-11 
949 601.888 6.35564e-05 4.69889e-11 
950 593.718 6.20974e-05 4.706e-11 
951 585.711 6.06221e-05 4.71237e-11 
952 577.868 5.91312e-05 4.71799e-11 
953 570.189 5.76251e-05 4.72287e-11 
954 562.674 5.61045e-05 4.72701e-11 
955 555.323 5.457e-05 4.73041e-11 
956 548.135 5.3022e-05 4.73309e-11 
957 541.111 5.14613e-05 4.73504e-11 
958 534.25 4.98884e-05 4.73628e-11 
959 527.554 4.83038e-05 4.73679e-11 
960 521.02 4.67083e-05 4.7366e-11 
961 514.65 4.51024e-05 4.7357e-11 
962 508.443 4.34867e-05 4.7341e-11 
963 502.399 4.18618e-05 4.7318e-11 
964 496.519 4.02284e-05 4.72881e-11 
965 490.801 3.85871e-05 4.72513e-11 
966 485.246 3.69385e-05 4.72077e-11 
967 479.853 3.52832e-05 4.71573e-11 
968 474.623 3.3622e-05 4.71003e-11 
969 469.556 3.19554e-05 4.70365e-11 
970 464.65 3.02841e-05 4.69662e-11 
971 459.906 2.86089e-05 4.68893e-11 
972 455.324 2.69302e-05 4.68059e-11 
973 450.904 2.52489e-05 4.6716e-11 
974 446.645 2.35655e-05 4.66198e-11 
975 442.547 2.18808e-05 4.65172e-11 
976 438.611 2.01955e-05 4.64084e-11 
977 434.835 1.85102e-05 4.62933e-11 
978 431.219 1.68257e-05 4.61721e-11 
979 427.764 1.51427e-05 4.60448e-11 
980 424.468 1.34618e-05 4.59114e-11 
981 421.333 1.17838e-05 4.57721e-11 
982 418.356 1.01094e-05 4.56268e-11 
983 415.539 8.43929e-06 4.54757e-11 
984 412.881 6.77429e-06 4.53188e-11 
985 410.382 5.1151e-06 4.51561e-11 
986 408.041 3.46246e-06 4.49878e-11 
987 405.858 1.81711e-06 4.48139e-11 
988 403.832 1.7982e-07 4.46344e-11 
989 401.964 -1.44866e-06 4.44495e-11 
990 400.253 -3.06755e-06 4.42592e-11 
991 398.699 -4.67609e-06 4.40636e-11 
992 397.3 -6.27349e-06 4.38626e-11 
993 396.058 -7.85898e-06 4.36565e-11 
994 394.972 -9.43176e-06 4.34453e-11 
995 394.04 -1.0991e-05 4.3229e-11 
996 393.264 -1.2536e-05 4.30077e-11 
997 392.642 -1.40659e-05 4.27815e-11 
998 392.174 -1.55798e-05 4.25505e-11 
999 391.859 -1.7077e-05 4.23147e-11 
1000 391.698 -1.85566e-05 4.20742e-11 
1001 391.689 -2.0018e-05 4.18291e-11 
1002 391.83 -2.14608e-05 4.15795e-11 
1003 392.121 -2.28848e-05 4.13254e-11 
1004 392.557 -2.42899e-05 4.10671e-11 
1005 393.138 -2.5676e-05 4.08044e-11 
1006 393.861 -2.70427e-05 4.05377e-11 
1007 394.724 -2.83901e-05 4.02669e-11 
1008 395.725 -2.97178e-05 3.99922e-11 
1009 396.861 -3.10258e-05 3.97136e-11 
1010 398.13 -3.23138e-05 3.94313e-11 
1011 399.531 -3.35817e-05 3.91453e-11 
1012 401.06 -3.48293e-05 3.88558e-11 
1013 402.715 -3.60564e-05 3.85629e-11 
1014 404.494 -3.72628e-05 3.82666e-11 
1015 406.395 -3.84484e-05 3.79671e-11 
1016 408.415 -3.9613e-05 3.76645e-11 
1017 410.552 -4.07563e-05 3.73589e-11 
1018 412.803 -4.18783e-05 3.70504e-11 
1019 415.166 -4.29788e-05 3.67391e-11 
1020 417.639 -4.40575e-05 3.64251e-11 
1021 420.218 -4.51143e-05 3.61085e-11 
1022 422.902 -4.61489e-05 3.57895e-11 
1023 425.688 -4.71613e-05 3.54681e-11 
1024 428.572 -4.81513e-05 3.51445e-11 
1025 431.554 -4.91185e-05 3.48187e-11 
1026 434.629 -5.0063e-05 3.4491e-11 
1027 437.796 -5.09844e-05 3.41614e-11 
1028 441.051 -5.18826e-05 3.383e-11 
1029 444.393 -5.27574e-05 3.34969e-11 
1030 447.817 -5.36086e-05 3.31623e-11 
1031 451.323 -5.4436e-05 3.28263e-11 
1032 454.906 -5.52395e-05 3.2489e-11 
1033 458.563 -5.60189e-05 3.21506e-11 
1034 462.294 -5.67739e-05 3.1811e-11 
1035 466.093 -5.75044e-05 3.14706e-11 
1036 469.959 -5.82102e-05 3.11294e-11 
1037 473.888 -5.88911e-05 3.07875e-11 
1038 477.878 -5.95468e-05 3.0445e-11 
1039 481.926 -6.01773e-05 3.01021e-11 
1040 486.028 -6.07823e-05 2.9759e-11 
1041 490.182 -6.13617e-05 2.94157e-11 
1042 494.385 -6.19151e-05 2.90723e-11 
1043 498.634 -6.24425e-05 2.87291e-11 
1044 502.925 -6.29437e-05 2.8386e-11 
1045 507.256 -6.34184e-05 2.80434e-11 
1046 511.623 -6.38664e-05 2.77013e-11 
1047 516.024 -6.42876e-05 2.73598e-11 
1048 520.454 -6.46817e-05 2.70191e-11 
1049 524.912 -6.50486e-05 2.66793e-11 
1050 529.394 -6.53881e-05 2.63405e-11 
1051 533.896 -6.57e-05 2.60029e-11 
1052 538.417 -6.59845e-05 2.56666e-11 
1053 542.954 -6.62418e-05 2.53316e-11 
1054 547.506 -6.64722e-05 2.49979e-11 
1055 552.071 -6.6676e-05 2.46656e-11 
1056 556.646 -6.68534e-05 2.43348e-11 
1057 561.23 -6.70045e-05 2.40055e-11 
1058 565.82 -6.71298e-05 2.36778e-11 
1059 570.414 -6.72295e-05 2.33516e-11 
1060 575.011 -6.73037e-05 2.30272e-11 
1061 579.608 -6.73529e-05 2.27045e-11 
1062 584.203 -6.73772e-05 2.23836e-11 
1063 588.794 -6.73769e-05 2.20645e-11 
1064 593.378 -6.73524e-05 2.17473e-11 
1065 597.954 -6.73038e-05 2.14321e-11 
1066 602.52 -6.72314e-05 2.11189e-11 
1067 607.072 -6.71356e-05 2.08078e-11 
1068 611.61 -6.70166e-05 2.04988e-11 
1069 616.13 -6.68747e-05 2.01919e-11 
1070 620.631 -6.67102e-05 1.98874e-11 
1071 625.11 -6.65234e-05 1.95851e-11 
1072 629.565 -6.63146e-05 1.92852e-11 
1073 633.994 -6.60841e-05 1.89877e-11 
1074 638.393 -6.58322e-05 1.86927e-11 
1075 642.762 -6.55591e-05 1.84003e-11 
1076 647.098 -6.52653e-05 1.81104e-11 
1077 651.397 -6.4951e-05 1.78232e-11 
1078 655.659 -6.46165e-05 1.75388e-11 
1079 659.88 -6.42621e-05 1.72571e-11 
1080 664.058 -6.38882e-05 1.69783e-11 
1081 668.191 -6.34951e-05 1.67024e-11 
1082 672.276 -6.30832e-05 1.64294e-11 
1083 676.311 -6.26526e-05 1.61595e-11 
1084 680.293 -6.22038e-05 1.58927e-11 
1085 684.219 -6.17372e-05 1.56291e-11 
1086 688.089 -6.12529e-05 1.53687e-11 
1087 691.897 -6.07515e-05 1.51116e-11 
1088 695.643 -6.02332e-05 1.48578e-11 
1089 699.324 -5.96984e-05 1.46075e-11 
1090 702.936 -5.91473e-05 1.43606e-11 
1091 706.478 -5.85805e-05 1.41173e-11 
1092 709.947 -5.79982e-05 1.38776e-11 
1093 713.34 -5.74008e-05 1.36416e-11 
1094 716.655 -5.67887e-05 1.34094e-11 
1095 719.889 -5.61621e-05 1.3181e-11 
1096 723.038 -5.55216e-05 1.29564e-11 
1097 726.102 -5.48674e-05 1.27359e-11 
1098 729.076 -5.41999e-05 1.25193e-11 
1099 731.958 -5.35195e-05 1.23069e-11 
1100 734.746 -5.28267e-05 1.20986e-11 
1101 737.436 -5.21217e-05 1.18945e-11 
1102 740.03 -5.14049e-05 1.16946e-11 
1103 742.526 -5.06767e-05 1.1499e-11 
1104 744.924 -4.99374e-05 1.13075e-11 
1105 747.225 -4.91873e-05 1.11202e-11 
1106 749.429 -4.84269e-05 1.0937e-11 
1107 751.536 -4.76565e-05 1.0758e-11 
1108 753.545 -4.68764e-05 1.05831e-11 
1109 755.457 -4.60871e-05 1.04123e-11 
1110 757.272 -4.52888e-05 1.02456e-11 
1111 758.989 -4.4482e-05 1.0083e-11 
1112 760.61 -4.3667e-05 9.92441e-12 
1113 762.134 -4.28442e-05 9.76986e-12 
1114 763.56 -4.20141e-05 9.61934e-12 
1115 764.89 -4.11768e-05 9.47281e-12 
1116 766.123 -4.0333e-05 9.33027e-12 
1117 767.259 -3.94829e-05 9.19169e-12 
1118 768.298 -3.86269e-05 9.05705e-12 
1119 769.24 -3.77654e-05 8.92633e-12 
1120 770.086 -3.68989e-05 8.79952e-12 
1121 770.835 -3.60277e-05 8.67659e-12 
1122 771.488 -3.51522e-05 8.55753e-12 
1123 772.045 -3.42729e-05 8.44231e-12 
1124 772.505 -3.33901e-05 8.33092e-12 
1125 772.869 -3.25043e-05 8.22333e-12 
1126 773.137 -3.16159e-05 8.11952e-12 
1127 773.309 -3.07252e-05 8.01947e-12 
1128 773.384 -2.98328e-05 7.92316e-12 
1129 773.364 -2.8939e-05 7.83057e-12 
1130 773.249 -2.80442e-05 7.74168e-12 
1131 773.037 -2.7149e-05 7.65645e-12 
1132 772.731 -2.62537e-05 7.57488e-12 
1133 772.328 -2.53587e-05 7.49693e-12 
1134 771.831 -2.44646e-05 7.42259e-12 
1135 771.238 -2.35716e-05 7.35182e-12 
1136 770.551 -2.26804e-05 7.28462e-12 
1137 769.768 -2.17914e-05 7.22094e-12 
1138 768.891 -2.09049e-05 7.16077e-12 
1139 767.919 -2.00214e-05 7.10409e-12 
1140 766.852 -1.91415e-05 7.05086e-12 
1141 765.692 -1.82655e-05 7.00107e-12 
1142 764.437 -1.73939e-05 6.95469e-12 
1143 763.087 -1.65273e-05 6.91169e-12 
1144 761.644 -1.5666e-05 6.87204e-12 
1145 760.108 -1.48105e-05 6.83573e-12 
1146 758.477 -1.39613e-05 6.80272e-12 
1147 756.754 -1.31189e-05 6.77298e-12 
1148 754.937 -1.22838e-05 6.7465e-12 
1149 753.027 -1.14565e-05 6.72324e-12 
1150 751.024 -1.06374e-05 6.70317e-12 
1151 748.928 -9.82697e-06 6.68626e-12 
1152 746.741 -9.02542e-06 6.67248e-12 
1153 744.464 -8.23288e-06 6.66176e-12 
1154 742.099 -7.4495e-06 6.65406e-12 
1155 739.646 -6.67541e-06 6.64934e-12 
1156 737.108 -5.91076e-06 6.64753e-12 
1157 734.485 -5.15568e-06 6.64859e-12 
1158 731.78 -4.41033e-06 6.65248e-12 
1159 728.993 -3.67484e-06 6.65913e-12 
1160 726.126 -2.94936e-06 6.66849e-12 
1161 723.18 -2.23403e-06 6.68052e-12 
1162 720.157 -1.52901e-06 6.69516e-12 
1163 717.059 -8.34429e-07 6.71235e-12 
1164 713.887 -1.50442e-07 6.73205e-12 
1165 710.643 5.22805e-07 6.7542e-12 
1166 707.327 1.18516e-06 6.77875e-12 
1167 703.943 1.83648e-06 6.80563e-12 
1168 700.49 2.47661e-06 6.8348e-12 
1169 696.971 3.10541e-06 6.8662e-12 
1170 693.387 3.72271e-06 6.89978e-12 
1171 689.741 4.32838e-06 6.93547e-12 
1172 686.033 4.92225e-06 6.97321e-12 
1173 682.265 5.50417e-06 7.01297e-12 
1174 678.439 6.074e-06 7.05466e-12 
1175 674.556 6.63156e-06 7.09824e-12 
1176 670.619 7.17672e-06 7.14364e-12 
1177 666.628 7.70931e-06 7.19082e-12 
1178 662.586 8.22918e-06 7.2397e-12 
1179 658.494 8.73617e-06 7.29023e-12 
1180 654.354 9.23011e-06 7.34234e-12 
1181 650.168 9.71086e-06 7.39598e-12 
1182 645.937 1.01783e-05 7.45108e-12 
1183 641.663 1.06321e-05 7.50759e-12 
1184 637.347 1.10723e-05 7.56543e-12 
1185 632.993 1.14987e-05 7.62455e-12 
1186 628.601 1.1911e-05 7.68489e-12 
1187 624.173 1.23092e-05 7.74637e-12 
1188 619.712 1.26931e-05 7.80894e-12 
1189 615.218 1.30624e-05 7.87252e-12 
1190 610.694 1.34172e-05 7.93707e-12 
1191 606.141 1.3757e-05 8.0025e-12 
1192 601.562 1.40819e-05 8.06875e-12 
1193 596.958 1.43916e-05 8.13576e-12 
1194 592.332 1.4686e-05 8.20346e-12 
1195 587.684 1.49649e-05 8.27179e-12 
1196 583.018 1.52282e-05 8.34066e-12 
1197 578.334 1.54756e-05 8.41002e-12 
1198 573.636 1.5707e-05 8.4798e-12 
1199 568.924 1.59222e-05 8.54992e-12 
1200 564.201 1.6121e-05 8.62032e-12 
1201 559.469 1.63034e-05 8.69093e-12 
1202 554.729 1.64694e-05 8.76172e-12 
1203 549.983 1.66192e-05 8.83266e-12 
1204 545.232 1.67529e-05 8.9037e-12 
1205 540.479 1.68706e-05 8.97482e-12 
1206 535.724 1.69726e-05 9.046e-12 
1207 530.969 1.70589e-05 9.11718e-12 
1208 526.215 1.71298e-05 9.18835e-12 
1209 521.465 1.71853e-05 9.25947e-12 
1210 516.72 1.72257e-05 9.33051e-12 
1211 511.981 1.7251e-05 9.40143e-12 
1212 507.25 1.72615e-05 9.4722e-12 
1213 502.529 1.72574e-05 9.54279e-12 
1214 497.82 1.72386e-05 9.61316e-12 
1215 493.123 1.72056e-05 9.68328e-12 
1216 488.441 1.71583e-05 9.75311e-12 
1217 483.776 1.7097e-05 9.82262e-12 
1218 479.128 1.70218e-05 9.89178e-12 
1219 474.501 1.69329e-05 9.96054e-12 
1220 469.894 1.68306e-05 1.00289e-11 
1221 465.311 1.67148e-05 1.00968e-11 
1222 460.753 1.65859e-05 1.01642e-11 
1223 456.221 1.6444e-05 1.0231e-11 
1224 451.718 1.62892e-05 1.02973e-11 
1225 447.245 1.61218e-05 1.0363e-11 
1226 442.803 1.5942e-05 1.0428e-11 
1227 438.396 1.57498e-05 1.04924e-11 
1228 434.024 1.55455e-05 1.0556e-11 
1229 429.689 1.53294e-05 1.06189e-11 
1230 425.393 1.51014e-05 1.0681e-11 
1231 421.138 1.4862e-05 1.07423e-11 
1232 416.926 1.46112e-05 1.08027e-11 
1233 412.758 1.43492e-05 1.08622e-11 
1234 408.637 1.40762e-05 1.09208e-11 
1235 404.564 1.37924e-05 1.09784e-11 
1236 400.541 1.34981e-05 1.10349e-11 
1237 396.57 1.31933e-05 1.10905e-11 
1238 392.654 1.28784e-05 1.11449e-11 
1239 388.793 1.25534e-05 1.11982e-11 
1240 384.989 1.22187e-05 1.12503e-11 
1241 381.246 1.18743e-05 1.13011e-11 
1242 377.564 1.15206e-05 1.13508e-11 
1243 373.946 1.11576e-05 1.13991e-11 
1244 370.393 1.07857e-05 1.14461e-11 
1245 366.907 1.0405e-05 1.14917e-11 
1246 363.492 1.00158e-05 1.1536e-11 
1247 360.147 9.61817e-06 1.15787e-11 
1248 356.876 9.21241e-06 1.16199e-11 
1249 353.681 8.79873e-06 1.16597e-11 
1250 350.563 8.37733e-06 1.16978e-11 
1251 347.525 7.94844e-06 1.17343e-11 
1252 344.566 7.51227e-06 1.17691e-11 
1253 341.686 7.06903e-06 1.18024e-11 
1254 338.886 6.61896e-06 1.1834e-11 
1255 336.166 6.16227e-06 1.1864e-11 
1256 333.525 5.69918e-06 1.18924e-11 
1257 330.964 5.22992e-06 1.19192e-11 
1258 328.482 4.75471e-06 1.19443e-11 
1259 326.079 4.27378e-06 1.19679e-11 
1260 323.756 3.78737e-06 1.19898e-11 
1261 321.513 3.29569e-06 1.20101e-11 
1262 319.349 2.79899e-06 1.20288e-11 
1263 317.264 2.2975e-06 1.20459e-11 
1264 315.259 1.79145e-06 1.20614e-11 
1265 313.332 1.28108e-06 1.20753e-11 
1266 311.486 7.66624e-07 1.20875e-11 
1267 309.718 2.4833e-07 1.20982e-11 
1268 308.03 -2.73564e-07 1.21073e-11 
1269 306.42 -7.98814e-07 1.21148e-11 
1270 304.89 -1.32718e-06 1.21206e-11 
1271 303.439 -1.8584e-06 1.21249e-11 
1272 302.067 -2.39225e-06 1.21276e-11 
1273 300.774 -2.92846e-06 1.21288e-11 
1274 299.56 -3.46679e-06 1.21283e-11 
1275 298.425 -4.00698e-06 1.21262e-11 
1276 297.368 -4.54878e-06 1.21226e-11 
1277 296.39 -5.09193e-06 1.21174e-11 
1278 295.491 -5.63618e-06 1.21106e-11 
1279 294.671 -6.18126e-06 1.21022e-11 
1280 293.929 -6.72692e-06 1.20923e-11 
1281 293.266 -7.27289e-06 1.20808e-11 
1282 292.681 -7.8189e-06 1.20677e-11 
1283 292.174 -8.3647e-06 1.20531e-11 
1284 291.746 -8.91002e-06 1.20369e-11 
1285 291.396 -9.45457e-06 1.20192e-11 
1286 291.124 -9.99811e-06 1.19999e-11 
1287 290.93 -1.05403e-05 1.1979e-11 
1288 290.814 -1.1081e-05 1.19566e-11 
1289 290.776 -1.16198e-05 1.19327e-11 
1290 290.816 -1.21565e-05 1.19072e-11 
1291 290.934 -1.26908e-05 1.18802e-11 
1292 291.129 -1.32224e-05 1.18516e-11 
1293 291.402 -1.3751e-05 1.18215e-11 
1294 291.752 -1.42764e-05 1.17899e-11 
1295 292.179 -1.47983e-05 1.17568e-11 
1296 292.684 -1.53163e-05 1.17221e-11 
1297 293.266 -1.58302e-05 1.16859e-11 
1298 293.925 -1.63397e-05 1.16482e-11 
1299 294.66 -1.68445e-05 1.1609e-11 
1300 295.473 -1.73443e-05 1.15683e-11 
1301 296.362 -1.78389e-05 1.1526e-11 
1302 297.327 -1.83281e-05 1.14823e-11 
1303 298.366 -1.88118e-05 1.14372e-11 
1304 299.478 -1.929e-05 1.13906e-11 
1305 300.663 -1.97624e-05 1.13426e-11 
1306 301.918 -2.02291e-05 1.12932e-11 
1307 303.243 -2.069e-05 1.12424e-11 
1308 304.636 -2.11449e-05 1.11904e-11 
1309 306.097 -2.15937e-05 1.1137e-11 
1310 307.623 -2.20364e-05 1.10823e-11 
1311 309.215 -2.24729e-05 1.10263e-11 
1312 310.87 -2.2903e-05 1.09692e-11 
1313 312.588 -2.33266e-05 1.09108e-11 
1314 314.366 -2.37438e-05 1.08512e-11 
1315 316.204 -2.41542e-05 1.07904e-11 
1316 318.101 -2.45579e-05 1.07286e-11 
1317 320.056 -2.49548e-05 1.06656e-11 
1318 322.066 -2.53447e-05 1.06015e-11 
1319 324.131 -2.57275e-05 1.05364e-11 
1320 326.249 -2.61032e-05 1.04702e-11 
1321 328.419 -2.64717e-05 1.04031e-11 
1322 330.64 -2.68328e-05 1.0335e-11 
1323 332.91 -2.71864e-05 1.02659e-11 
1324 335.229 -2.75324e-05 1.01959e-11 
1325 337.594 -2.78708e-05 1.0125e-11 
1326 340.005 -2.82014e-05 1.00532e-11 
1327 342.459 -2.85241e-05 9.98064e-12 
1328 344.956 -2.88388e-05 9.90724e-12 
1329 347.494 -2.91454e-05 9.83305e-12 
1330 350.072 -2.94439e-05 9.75811e-12 
1331 352.689 -2.9734e-05 9.68245e-12 
1332 355.342 -3.00156e-05 9.60608e-12 
1333 358.031 -3.02888e-05 9.52906e-12 
1334 360.754 -3.05533e-05 9.45139e-12 
1335 363.51 -3.0809e-05 9.37311e-12 
1336 366.297 -3.1056e-05 9.29426e-12 
1337 369.114 -3.12939e-05 9.21486e-12 
1338 371.959 -3.15227e-05 9.13493e-12 
1339 374.83 -3.17424e-05 9.05452e-12 
1340 377.728 -3.19528e-05 8.97365e-12 
1341 380.649 -3.21537e-05 8.89235e-12 
1342 383.592 -3.23451e-05 8.81065e-12 
1343 386.556 -3.25269e-05 8.72859e-12 
1344 389.539 -3.26989e-05 8.64618e-12 
1345 392.54 -3.28611e-05 8.56348e-12 
1346 395.557 -3.30133e-05 8.4805e-12 
1347 398.589 -3.31553e-05 8.39727e-12 
1348 401.634 -3.32872e-05 8.31384e-12 
1349 404.69 -3.34087e-05 8.23023e-12 
1350 407.756 -3.35198e-05 8.14647e-12 
1351 410.831 -3.36204e-05 8.06259e-12 
1352 413.912 -3.37104e-05 7.97863e-12 
1353 417 -3.37901e-05 7.89458e-12 
1354 420.093 -3.38594e-05 7.81048e-12 
1355 423.189 -3.39185e-05 7.72635e-12 
1356 426.288 -3.39674e-05 7.6422e-12 
1357 429.388 -3.40063e-05 7.55805e-12 
1358 432.488 -3.40351e-05 7.47393e-12 
1359 435.588 -3.4054e-05 7.38985e-12 
1360 438.685 -3.40631e-05 7.30584e-12 
1361 441.779 -3.40624e-05 7.22192e-12 
1362 444.869 -3.40521e-05 7.1381e-12 
1363 447.952 -3.40322e-05 7.05441e-12 
1364 451.029 -3.40028e-05 6.97086e-12 
1365 454.097 -3.3964e-05 6.88749e-12 
1366 457.156 -3.39159e-05 6.8043e-12 
1367 460.204 -3.38586e-05 6.72132e-12 
1368 463.241 -3.37921e-05 6.63858e-12 
1369 466.264 -3.37166e-05 6.55609e-12 
1370 469.273 -3.36321e-05 6.47388e-12 
1371 472.266 -3.35388e-05 6.39196e-12 
1372 475.242 -3.34366e-05 6.31036e-12 
1373 478.2 -3.33258e-05 6.22911e-12 
1374 481.138 -3.32065e-05 6.14821e-12 
1375 484.055 -3.30786e-05 6.0677e-12 
1376 486.951 -3.29423e-05 5.9876e-12 
1377 489.822 -3.27977e-05 5.90792e-12 
1378 492.669 -3.2645e-05 5.8287e-12 
1379 495.49 -3.24841e-05 5.74995e-12 
1380 498.284 -3.23152e-05 5.6717e-12 
1381 501.049 -3.21384e-05 5.59396e-12 
1382 503.784 -3.19538e-05 5.51678e-12 
1383 506.487 -3.17615e-05 5.44015e-12 
1384 509.158 -3.15615e-05 5.36412e-12 
1385 511.794 -3.13541e-05 5.2887e-12 
1386 514.395 -3.11392e-05 5.21391e-12 
1387 516.959 -3.09171e-05 5.13978e-12 
1388 519.485 -3.06877e-05 5.06634e-12 
1389 521.97 -3.04513e-05 4.9936e-12 
1390 524.415 -3.02079e-05 4.9216e-12 
1391 526.818 -2.99575e-05 4.85034e-12 
1392 529.176 -2.97004e-05 4.77987e-12 
1393 531.489 -2.94367e-05 4.7102e-12 
1394 533.756 -2.91663e-05 4.64136e-12 
1395 535.974 -2.88896e-05 4.57337e-12 
1396 538.142 -2.86064e-05 4.50626e-12 
1397 540.26 -2.83171e-05 4.44005e-12 
1398 542.325 -2.80216e-05 4.37476e-12 
1399 544.335 -2.77201e-05 4.31043e-12 
1400 546.291 -2.74127e-05 4.24707e-12 
1401 548.189 -2.70995e-05 4.18471e-12 
1402 550.03 -2.67807e-05 4.12336e-12 
1403 551.814 -2.64564e-05 4.063e-12 
1404 553.54 -2.61267e-05 4.00364e-12 
1405 555.207 -2.57918e-05 3.94528e-12 
1406 556.816 -2.54518e-05 3.88792e-12 
1407 558.367 -2.51069e-05 3.83156e-12 
1408 559.858 -2.47573e-05 3.77619e-12 
1409 561.289 -2.4403e-05 3.72182e-12 
1410 562.661 -2.40442e-05 3.66845e-12 
1411 563.973 -2.36812e-05 3.61607e-12 
1412 565.225 -2.33139e-05 3.56468e-12 
1413 566.416 -2.29426e-05 3.51429e-12 
1414 567.545 -2.25675e-05 3.46488e-12 
1415 568.614 -2.21886e-05 3.41647e-12 
1416 569.621 -2.18061e-05 3.36905e-12 
1417 570.566 -2.14203e-05 3.32261e-12 
1418 571.448 -2.10312e-05 3.27716e-12 
1419 572.269 -2.0639e-05 3.2327e-12 
1420 573.026 -2.02439e-05 3.18922e-12 
1421 573.72 -1.9846e-05 3.14673e-12 
1422 574.35 -1.94455e-05 3.10522e-12 
1423 574.917 -1.90425e-05 3.06469e-12 
1424 575.42 -1.86372e-05 3.02514e-12 
1425 575.858 -1.82298e-05 2.98657e-12 
1426 576.231 -1.78205e-05 2.94898e-12 
1427 576.539 -1.74093e-05 2.91237e-12 
1428 576.782 -1.69965e-05 2.87673e-12 
1429 576.959 -1.65823e-05 2.84206e-12 
1430 577.07 -1.61667e-05 2.80837e-12 
1431 577.115 -1.575e-05 2.77564e-12 
1432 577.092 -1.53324e-05 2.74389e-12 
1433 577.003 -1.49139e-05 2.71311e-12 
1434 576.847 -1.44948e-05 2.68329e-12 
1435 576.622 -1.40753e-05 2.65444e-12 
1436 576.33 -1.36555e-05 2.62655e-12 
1437 575.969 -1.32356e-05 2.59962e-12 
1438 575.54 -1.28158e-05 2.57366e-12 
1439 575.041 -1.23963e-05 2.54865e-12 
1440 574.474 -1.19771e-05 2.5246e-12 
1441 573.836 -1.15586e-05 2.50151e-12 
1442 573.129 -1.11409e-05 2.47937e-12 
1443 572.351 -1.07241e-05 2.45818e-12 
1444 571.503 -1.03085e-05 2.43794e-12 
1445 570.583 -9.89418e-06 2.41865e-12 
1446 569.593 -9.4814e-06 2.40031e-12 
1447 568.53 -9.07032e-06 2.38292e-12 
1448 567.396 -8.66112e-06 2.36646e-12 
1449 566.189 -8.25399e-06 2.35095e-12 
1450 564.909 -7.84911e-06 2.33638e-12 
1451 563.557 -7.44667e-06 2.32275e-12 
1452 562.133 -7.04674e-06 2.31004e-12 
1453 560.638 -6.6494e-06 2.29824e-12 
1454 559.073 -6.25474e-06 2.28735e-12 
1455 557.439 -5.86282e-06 2.27735e-12 
1456 555.737 -5.47373e-06 2.26823e-12 
1457 553.969 -5.08754e-06 2.25999e-12 
1458 552.135 -4.70432e-06 2.25259e-12 
1459 550.236 -4.32417e-06 2.24605e-12 
1460 548.274 -3.94715e-06 2.24034e-12 
1461 546.25 -3.57334e-06 2.23545e-12 
1462 544.164 -3.20282e-06 2.23136e-12 
1463 542.018 -2.83567e-06 2.22808e-12 
1464 539.813 -2.47198e-06 2.22558e-12 
1465 537.55 -2.11181e-06 2.22386e-12 
1466 535.23 -1.75526e-06 2.22289e-12 
1467 532.855 -1.40239e-06 2.22268e-12 
1468 530.425 -1.05331e-06 2.2232e-12 
1469 527.942 -7.08071e-07 2.22444e-12 
1470 525.406 -3.66773e-07 2.2264e-12 
1471 522.819 -2.94933e-08 2.22905e-12 
1472 520.183 3.03685e-07 2.23238e-12 
1473 517.497 6.3268e-07 2.23639e-12 
1474 514.765 9.57407e-07 2.24106e-12 
1475 511.985 1.27778e-06 2.24637e-12 
1476 509.161 1.59372e-06 2.25232e-12 
1477 506.293 1.90514e-06 2.25889e-12 
1478 503.382 2.21196e-06 2.26606e-12 
1479 500.43 2.51409e-06 2.27382e-12 
1480 497.437 2.81144e-06 2.28217e-12 
1481 494.405 3.10393e-06 2.29108e-12 
1482 491.335 3.39147e-06 2.30054e-12 
1483 488.229 3.67398e-06 2.31054e-12 
1484 485.088 3.95137e-06 2.32107e-12 
1485 481.913 4.22354e-06 2.3321e-12 
1486 478.704 4.49043e-06 2.34363e-12 
1487 475.465 4.75192e-06 2.35565e-12 
1488 472.195 5.00794e-06 2.36813e-12 
1489 468.896 5.2584e-06 2.38107e-12 
1490 465.57 5.50321e-06 2.39445e-12 
1491 462.217 5.74228e-06 2.40825e-12 
1492 458.84 5.97551e-06 2.42247e-12 
1493 455.439 6.20283e-06 2.43708e-12 
1494 452.015 6.42413e-06 2.45207e-12 
1495 448.571 6.63932e-06 2.46743e-12 
1496 445.107 6.84832e-06 2.48314e-12 
1497 441.624 7.05103e-06 2.49919e-12 
1498 438.125 7.24736e-06 2.51556e-12 
1499 434.61 7.43722e-06 2.53224e-12 
1500 431.081 7.62051e-06 2.54921e-12 
1501 427.539 7.79715e-06 2.56646e-12 
1502 423.985 7.96717e-06 2.58398e-12 
1503 420.42 8.1306e-06 2.60174e-12 
1504 416.845 8.28745e-06 2.61975e-12 
1505 413.261 8.43776e-06 2.63799e-12 
1506 409.668 8.58158e-06 2.65644e-12 
1507 406.067 8.71891e-06 2.6751e-12 
1508 402.459 8.84981e-06 2.69396e-12 
1509 398.846 8.9743e-06 2.71299e-12 
1510 395.228 9.09241e-06 2.73219e-12 
1511 391.605 9.20418e-06 2.75155e-12 
1512 387.979 9.30963e-06 2.77105e-12 
1513 384.351 9.40882e-06 2.79069e-12 
1514 380.722 9.50175e-06 2.81044e-12 
1515 377.092 9.58848e-06 2.8303e-12 
1516 373.462 9.66904e-06 2.85025e-12 
1517 369.834 9.74346e-06 2.87028e-12 
1518 366.208 9.81177e-06 2.89038e-12 
1519 362.585 9.87401e-06 2.91054e-12 
1520 358.966 9.93022e-06 2.93074e-12 
1521 355.352 9.98043e-06 2.95096e-12 
1522 351.744 1.00247e-05 2.9712e-12 
1523 348.143 1.0063e-05 2.99145e-12 
1524 344.55 1.00954e-05 3.01168e-12 
1525 340.966 1.0122e-05 3.03189e-12 
1526 337.391 1.01428e-05 3.05206e-12 
1527 333.827 1.01578e-05 3.07218e-12 
1528 330.275 1.0167e-05 3.09224e-12 
1529 326.736 1.01706e-05 3.11221e-12 
1530 323.21 1.01684e-05 3.1321e-12 
1531 319.699 1.01607e-05 3.15188e-12 
1532 316.203 1.01474e-05 3.17154e-12 
1533 312.724 1.01285e-05 3.19107e-12 
1534 309.263 1.01041e-05 3.21045e-12 
1535 305.82 1.00743e-05 3.22967e-12 
1536 302.397 1.0039e-05 3.24872e-12 
1537 298.994 9.99832e-06 3.26757e-12 
1538 295.614 9.9523e-06 3.28622e-12 
1539 292.255 9.90099e-06 3.30466e-12 
1540 288.921 9.84441e-06 3.32286e-12 
1541 285.611 9.7826e-06 3.34081e-12 
1542 282.327 9.71562e-06 3.35851e-12 
1543 279.07 9.64349e-06 3.37593e-12 
1544 275.841 9.56627e-06 3.39305e-12 
1545 272.64 9.484e-06 3.40987e-12 
1546 269.47 9.39671e-06 3.42638e-12 
1547 266.33 9.30446e-06 3.44254e-12 
1548 263.223 9.20728e-06 3.45836e-12 
1549 260.149 9.10522e-06 3.47381e-12 
1550 257.109 8.99833e-06 3.48888e-12 
1551 254.104 8.88666e-06 3.50356e-12 
1552 251.134 8.77028e-06 3.51785e-12 
1553 248.201 8.6493e-06 3.53173e-12 
1554 245.303 8.5238e-06 3.54521e-12 
1555 242.442 8.39388e-06 3.55829e-12 
1556 239.617 8.25964e-06 3.57096e-12 
1557 236.828 8.12116e-06 3.58323e-12 
1558 234.077 7.97854e-06 3.59509e-12 
1559 231.362 7.83188e-06 3.60653e-12 
1560 228.685 7.68127e-06 3.61756e-12 
1561 226.045 7.52682e-06 3.62818e-12 
1562 223.443 7.36861e-06 3.63838e-12 
1563 220.879 7.20674e-06 3.64816e-12 
1564 218.352 7.04132e-06 3.65752e-12 
1565 215.865 6.87244e-06 3.66645e-12 
1566 213.416 6.70019e-06 3.67496e-12 
1567 211.005 6.52469e-06 3.68304e-12 
1568 208.634 6.34603e-06 3.69069e-12 
1569 206.302 6.16432e-06 3.69791e-12 
1570 204.009 5.97964e-06 3.7047e-12 
1571 201.756 5.79212e-06 3.71105e-12 
1572 199.543 5.60184e-06 3.71696e-12 
1573 197.371 5.40891e-06 3.72243e-12 
1574 195.238 5.21343e-06 3.72746e-12 
1575 193.146 5.01552e-06 3.73204e-12 
1576 191.095 4.81527e-06 3.73618e-12 
1577 189.085 4.61279e-06 3.73987e-12 
1578 187.117 4.40819e-06 3.74311e-12 
1579 185.189 4.20157e-06 3.74589e-12 
1580 183.304 3.99304e-06 3.74822e-12 
1581 181.461 3.7827e-06 3.7501e-12 
1582 179.659 3.57068e-06 3.75151e-12 
1583 177.9 3.35706e-06 3.75246e-12 
1584 176.184 3.14197e-06 3.75295e-12 
1585 174.511 2.92552e-06 3.75297e-12 
1586 172.881 2.70781e-06 3.75253e-12 
1587 171.294 2.48895e-06 3.75161e-12 
1588 169.751 2.26906e-06 3.75022e-12 
1589 168.251 2.04826e-06 3.74836e-12 
1590 166.796 1.82664e-06 3.74602e-12 
1591 165.385 1.60433e-06 3.74321e-12 
1592 164.018 1.38144e-06 3.73991e-12 
1593 162.696 1.15808e-06 3.73613e-12 
1594 161.42 9.34375e-07 3.73186e-12 
1595 160.188 7.10434e-07 3.72711e-12 
1596 159.002 4.86375e-07 3.72186e-12 
1597 157.862 2.62314e-07 3.71613e-12 
1598 156.767 3.83686e-08 3.7099e-12 
1599 155.719 -1.85342e-07 3.70317e-12 
1600 154.717 -4.087e-07 3.69595e-12 
1601 153.762 -6.31597e-07 3.68823e-12 
1602 152.853 -8.53966e-07 3.68001e-12 
1603 151.989 -1.07575e-06 3.67131e-12 
1604 151.172 -1.29689e-06 3.66212e-12 
1605 150.4 -1.51734e-06 3.65246e-12 
1606 149.672 -1.73703e-06 3.64234e-12 
1607 148.989 -1.95591e-06 3.63176e-12 
1608 148.35 -2.17392e-06 3.62072e-12 
1609 147.755 -2.391e-06 3.60924e-12 
1610 147.203 -2.60709e-06 3.59732e-12 
1611 146.694 -2.82214e-06 3.58497e-12 
1612 146.228 -3.03609e-06 3.57219e-12 
1613 145.804 -3.24887e-06 3.559e-12 
1614 145.421 -3.46043e-06 3.5454e-12 
1615 145.08 -3.67072e-06 3.5314e-12 
1616 144.78 -3.87965e-06 3.517e-12 
1617 144.521 -4.08719e-06 3.50221e-12 
1618 144.302 -4.29327e-06 3.48704e-12 
1619 144.122 -4.49782e-06 3.47151e-12 
1620 143.982 -4.7008e-06 3.4556e-12 
1621 143.881 -4.90212e-06 3.43934e-12 
1622 143.819 -5.10174e-06 3.42273e-12 
1623 143.794 -5.2996e-06 3.40578e-12 
1624 143.808 -5.49562e-06 3.38849e-12 
1625 143.859 -5.68975e-06 3.37087e-12 
1626 143.946 -5.88193e-06 3.35294e-12 
1627 144.071 -6.07208e-06 3.33469e-12 
1628 144.231 -6.26016e-06 3.31614e-12 
1629 144.427 -6.44609e-06 3.2973e-12 
1630 144.658 -6.62982e-06 3.27816e-12 
1631 144.924 -6.81127e-06 3.25875e-12 
1632 145.224 -6.99039e-06 3.23906e-12 
1633 145.558 -7.16711e-06 3.21912e-12 
1634 145.925 -7.34136e-06 3.19891e-12 
1635 146.326 -7.51308e-06 3.17846e-12 
1636 146.759 -7.6822e-06 3.15777e-12 
1637 147.224 -7.84866e-06 3.13685e-12 
1638 147.721 -8.0124e-06 3.1157e-12 
1639 148.249 -8.17334e-06 3.09434e-12 
1640 148.808 -8.33142e-06 3.07278e-12 
1641 149.397 -8.48657e-06 3.05101e-12 
1642 150.016 -8.63873e-06 3.02906e-12 
1643 150.664 -8.78782e-06 3.00693e-12 
1644 151.341 -8.93379e-06 2.98462e-12 
1645 152.047 -9.07656e-06 2.96215e-12 
1646 152.78 -9.21606e-06 2.93953e-12 
1647 153.541 -9.35223e-06 2.91676e-12 
1648 154.33 -9.48499e-06 2.89385e-12 
1649 155.144 -9.61429e-06 2.87081e-12 
1650 155.985 -9.74004e-06 2.84765e-12 
1651 156.851 -9.86219e-06 2.82438e-12 
1652 157.742 -9.98074e-06 2.80101e-12 
1653 158.656 -1.00957e-05 2.77753e-12 
1654 159.594 -1.02071e-05 2.75396e-12 
1655 160.554 -1.03148e-05 2.7303e-12 
1656 161.536 -1.0419e-05 2.70655e-12 
1657 162.538 -1.05197e-05 2.68273e-12 
1658 163.56 -1.06168e-05 2.65883e-12 
1659 164.601 -1.07103e-05 2.63487e-12 
1660 165.66 -1.08003e-05 2.61085e-12 
1661 166.736 -1.08867e-05 2.58677e-12 
1662 167.829 -1.09696e-05 2.56264e-12 
1663 168.937 -1.1049e-05 2.53846e-12 
1664 170.06 -1.11249e-05 2.51425e-12 
1665 171.197 -1.11973e-05 2.49e-12 
1666 172.346 -1.12662e-05 2.46573e-12 
1667 173.508 -1.13316e-05 2.44144e-12 
1668 174.681 -1.13935e-05 2.41713e-12 
1669 175.864 -1.14519e-05 2.39281e-12 
1670 177.057 -1.15069e-05 2.36849e-12 
1671 178.258 -1.15584e-05 2.34417e-12 
1672 179.467 -1.16065e-05 2.31986e-12 
1673 180.682 -1.16512e-05 2.29556e-12 
1674 181.904 -1.16924e-05 2.27129e-12 
1675 183.13 -1.17302e-05 2.24704e-12 
1676 184.36 -1.17646e-05 2.22283e-12 
1677 185.593 -1.17956e-05 2.19865e-12 
1678 186.829 -1.18232e-05 2.17452e-12 
1679 188.065 -1.18475e-05 2.15044e-12 
1680 189.302 -1.18683e-05 2.12642e-12 
1681 190.539 -1.18858e-05 2.10247e-12 
1682 191.774 -1.19e-05 2.07858e-12 
1683 193.006 -1.19108e-05 2.05477e-12 
1684 194.235 -1.19183e-05 2.03104e-12 
1685 195.459 -1.19224e-05 2.0074e-12 
1686 196.678 -1.19233e-05 1.98386e-12 
1687 197.891 -1.19208e-05 1.96042e-12 
1688 199.096 -1.19151e-05 1.93709e-12 
1689 200.293 -1.19061e-05 1.91387e-12 
1690 201.481 -1.18938e-05 1.89077e-12 
1691 202.658 -1.18782e-05 1.86781e-12 
1692 203.824 -1.18594e-05 1.84497e-12 
1693 204.978 -1.18374e-05 1.82228e-12 
1694 206.119 -1.18121e-05 1.79974e-12 
1695 207.246 -1.17836e-05 1.77735e-12 
1696 208.357 -1.17519e-05 1.75512e-12 
1697 209.452 -1.1717e-05 1.73306e-12 
1698 210.53 -1.1679e-05 1.71118e-12 
1699 211.59 -1.16377e-05 1.68947e-12 
1700 212.63 -1.15933e-05 1.66795e-12 
1701 213.65 -1.15458e-05 1.64663e-12 
1702 214.65 -1.14951e-05 1.62551e-12 
1703 215.629 -1.14414e-05 1.60458e-12 
1704 216.588 -1.13848e-05 1.58385e-12 
1705 217.525 -1.13252e-05 1.56333e-12 
1706 218.441 -1.12627e-05 1.54301e-12 
1707 219.336 -1.11974e-05 1.52289e-12 
1708 220.209 -1.11293e-05 1.50298e-12 
1709 221.06 -1.10585e-05 1.48328e-12 
1710 221.89 -1.0985e-05 1.46379e-12 
1711 222.698 -1.0909e-05 1.44451e-12 
1712 223.483 -1.08304e-05 1.42544e-12 
1713 224.246 -1.07493e-05 1.40659e-12 
1714 224.986 -1.06658e-05 1.38795e-12 
1715 225.704 -1.05799e-05 1.36954e-12 
1716 226.399 -1.04917e-05 1.35134e-12 
1717 227.07 -1.04013e-05 1.33337e-12 
1718 227.718 -1.03086e-05 1.31562e-12 
1719 228.343 -1.02138e-05 1.2981e-12 
1720 228.944 -1.0117e-05 1.2808e-12 
1721 229.521 -1.00181e-05 1.26373e-12 
1722 230.074 -9.9172e-06 1.2469e-12 
1723 230.603 -9.81443e-06 1.23029e-12 
1724 231.108 -9.70982e-06 1.21392e-12 
1725 231.588 -9.60343e-06 1.19779e-12 
1726 232.043 -9.49531e-06 1.18189e-12 
1727 232.473 -9.38554e-06 1.16624e-12 
1728 232.878 -9.27416e-06 1.15082e-12 
1729 233.257 -9.16125e-06 1.13565e-12 
1730 233.612 -9.04686e-06 1.12073e-12 
1731 233.94 -8.93105e-06 1.10605e-12 
1732 234.242 -8.81389e-06 1.09162e-12 
1733 234.519 -8.69545e-06 1.07744e-12 
1734 234.769 -8.57577e-06 1.06351e-12 
1735 234.993 -8.45494e-06 1.04984e-12 
1736 235.189 -8.333e-06 1.03642e-12 
1737 235.36 -8.21003e-06 1.02326e-12 
1738 235.503 -8.08609e-06 1.01036e-12 
1739 235.618 -7.96124e-06 9.97721e-13 
1740 235.707 -7.83555e-06 9.85346e-13 
1741 235.767 -7.70908e-06 9.73235e-13 
1742 235.8 -7.5819e-06 9.61392e-13 
1743 235.805 -7.45408e-06 9.49818e-13 
1744 235.782 -7.32568e-06 9.38514e-13 
1745 235.73 -7.19677e-06 9.27483e-13 
1746 235.65 -7.06741e-06 9.16727e-13 
1747 235.54 -6.93767e-06 9.06246e-13 
1748 235.402 -6.80762e-06 8.96044e-13 
1749 235.235 -6.67732e-06 8.86123e-13 
1750 235.038 -6.54686e-06 8.76483e-13 
1751 234.812 -6.41627e-06 8.67127e-13 
1752 234.556 -6.28562e-06 8.58052e-13 
1753 234.271 -6.15494e-06 8.49257e-13 
1754 233.958 -6.02427e-06 8.40741e-13 
1755 233.617 -5.89364e-06 8.32499e-13 
1756 233.248 -5.7631e-06 8.24531e-13 
1757 232.852 -5.63268e-06 8.16835e-13 
1758 232.428 -5.50242e-06 8.09408e-13 
1759 231.978 -5.37237e-06 8.02248e-13 
1760 231.502 -5.24256e-06 7.95353e-13 
1761 231 -5.11303e-06 7.8872e-13 
1762 230.472 -4.98383e-06 7.82348e-13 
1763 229.918 -4.85498e-06 7.76235e-13 
1764 229.341 -4.72654e-06 7.70377e-13 
1765 228.738 -4.59854e-06 7.64774e-13 
1766 228.112 -4.47103e-06 7.59422e-13 
1767 227.462 -4.34404e-06 7.5432e-13 
1768 226.789 -4.21761e-06 7.49464e-13 
1769 226.093 -4.09179e-06 7.44854e-13 
1770 225.374 -3.96662e-06 7.40486e-13 
1771 224.634 -3.84214e-06 7.36358e-13 
1772 223.872 -3.71839e-06 7.32468e-13 
1773 223.088 -3.59541e-06 7.28814e-13 
1774 222.284 -3.47324e-06 7.25393e-13 
1775 221.459 -3.35194e-06 7.22203e-13 
1776 220.614 -3.23153e-06 7.19241e-13 
1777 219.75 -3.11206e-06 7.16505e-13 
1778 218.866 -2.99358e-06 7.13993e-13 
1779 217.964 -2.87613e-06 7.11702e-13 
1780 217.043 -2.75974e-06 7.0963e-13 
1781 216.104 -2.64448e-06 7.07775e-13 
1782 215.147 -2.53036e-06 7.06133e-13 
1783 214.174 -2.41745e-06 7.04703e-13 
1784 213.184 -2.30579e-06 7.03481e-13 
1785 212.177 -2.19541e-06 7.02466e-13 
1786 211.155 -2.08637e-06 7.01656e-13 
1787 210.117 -1.9787e-06 7.01046e-13 
1788 209.064 -1.87246e-06 7.00635e-13 
1789 207.997 -1.76768e-06 7.00421e-13 
1790 206.915 -1.66442e-06 7.004e-13 
1791 205.82 -1.56271e-06 7.00571e-13 
1792 204.712 -1.4626e-06 7.0093e-13 
1793 203.59 -1.36414e-06 7.01475e-13 
1794 202.457 -1.26738e-06 7.02204e-13 
1795 201.311 -1.17235e-06 7.03113e-13 
1796 200.154 -1.07911e-06 7.042e-13 
1797 198.986 -9.87699e-07 7.05463e-13 
1798 197.807 -8.98167e-07 7.06898e-13 
1799 196.619 -8.10559e-07 7.08503e-13 
1800 195.42 -7.24922e-07 7.10276e-13 
1801 194.213 -6.41295e-07 7.12213e-13 
1802 192.996 -5.59684e-07 7.1431e-13 
1803 191.772 -4.80088e-07 7.16565e-13 
1804 190.539 -4.02506e-07 7.18972e-13 
1805 189.298 -3.26934e-07 7.21528e-13 
1806 188.051 -2.53373e-07 7.24228e-13 
1807 186.796 -1.81819e-07 7.2707e-13 
1808 185.535 -1.12272e-07 7.30048e-13 
1809 184.268 -4.4729e-08 7.33159e-13 
1810 182.995 2.08112e-08 7.36398e-13 
1811 181.717 8.43506e-08 7.39762e-13 
1812 180.434 1.45891e-07 7.43246e-13 
1813 179.146 2.05435e-07 7.46846e-13 
1814 177.855 2.62983e-07 7.50559e-13 
1815 176.56 3.18539e-07 7.54379e-13 
1816 175.261 3.72103e-07 7.58303e-13 
1817 173.96 4.23679e-07 7.62326e-13 
1818 172.656 4.73268e-07 7.66445e-13 
1819 171.351 5.20871e-07 7.70655e-13 
1820 170.044 5.66493e-07 7.74951e-13 
1821 168.735 6.10133e-07 7.7933e-13 
1822 167.426 6.51796e-07 7.83787e-13 
1823 166.117 6.91483e-07 7.88318e-13 
1824 164.807 7.29195e-07 7.92918e-13 
1825 163.498 7.64937e-07 7.97583e-13 
1826 162.19 7.98709e-07 8.02309e-13 
1827 160.884 8.30514e-07 8.07091e-13 
1828 159.579 8.60355e-07 8.11925e-13 
1829 158.277 8.88234e-07 8.16806e-13 
1830 156.977 9.14154e-07 8.2173e-13 
1831 155.68 9.38117e-07 8.26692e-13 
1832 154.387 9.60125e-07 8.31689e-13 
1833 153.098 9.80182e-07 8.36714e-13 
1834 151.813 9.98289e-07 8.41765e-13 
1835 150.534 1.01445e-06 8.46835e-13 
1836 149.259 1.02867e-06 8.51921e-13 
1837 147.99 1.04094e-06 8.57019e-13 
1838 146.728 1.05128e-06 8.62122e-13 
1839 145.472 1.05968e-06 8.67227e-13 
1840 144.223 1.06615e-06 8.7233e-13 
1841 142.982 1.07068e-06 8.77424e-13 
1842 141.749 1.07329e-06 8.82507e-13 
1843 140.525 1.07398e-06 8.87572e-13 
1844 139.309 1.07274e-06 8.92615e-13 
1845 138.103 1.06959e-06 8.97632e-13 
1846 136.907 1.06452e-06 9.02617e-13 
1847 135.721 1.05753e-06 9.07566e-13 
1848 134.546 1.04864e-06 9.12474e-13 
1849 133.383 1.03784e-06 9.17336e-13 
1850 132.231 1.02514e-06 9.22147e-13 
1851 131.091 1.01054e-06 9.26903e-13 
1852 129.964 9.94072e-07 9.31602e-13 
1853 128.849 9.75757e-07 9.36241e-13 
1854 127.747 9.55625e-07 9.4082e-13 
1855 126.658 9.33705e-07 9.45335e-13 
1856 125.582 9.10025e-07 9.49787e-13 
1857 124.519 8.84614e-07 9.54172e-13 
1858 123.47 8.575e-07 9.58489e-13 
1859 122.435 8.28712e-07 9.62737e-13 
1860 121.413 7.9828e-07 9.66913e-13 
1861 120.405 7.66231e-07 9.71016e-13 
1862 119.412 7.32595e-07 9.75043e-13 
1863 118.432 6.97402e-07 9.78994e-13 
1864 117.468 6.60681e-07 9.82866e-13 
1865 116.517 6.22461e-07 9.86658e-13 
1866 115.582 5.82773e-07 9.90367e-13 
1867 114.662 5.41647e-07 9.93992e-13 
1868 113.757 4.99111e-07 9.97531e-13 
1869 112.867 4.55197e-07 1.00098e-12 
1870 111.993 4.09936e-07 1.00434e-12 
1871 111.135 3.63356e-07 1.00761e-12 
1872 110.293 3.15489e-07 1.01079e-12 
1873 109.467 2.66367e-07 1.01387e-12 
1874 108.657 2.16019e-07 1.01686e-12 
1875 107.864 1.64476e-07 1.01974e-12 
1876 107.087 1.11771e-07 1.02253e-12 
1877 106.327 5.79334e-08 1.02521e-12 
1878 105.584 2.99595e-09 1.02779e-12 
1879 104.859 -5.30101e-08 1.03026e-12 
1880 104.151 -1.10053e-07 1.03262e-12 
1881 103.46 -1.68101e-07 1.03487e-12 
1882 102.788 -2.27122e-07 1.03701e-12 
1883 102.133 -2.87083e-07 1.03903e-12 
1884 101.496 -3.47952e-07 1.04094e-12 
1885 100.878 -4.09698e-07 1.04273e-12 
1886 100.278 -4.72286e-07 1.0444e-12 
1887 99.6975 -5.35685e-07 1.04595e-12 
1888 99.1356 -5.99861e-07 1.04737e-12 
1889 98.5928 -6.64781e-07 1.04867e-12 
1890 98.0693 -7.30413e-07 1.04984e-12 
1891 97.5653 -7.96722e-07 1.05088e-12 
1892 97.081 -8.63675e-07 1.05179e-12 
1893 96.6166 -9.31239e-07 1.05256e-12 
1894 96.1723 -9.99379e-07 1.05319e-12 
1895 95.7483 -1.06806e-06 1.05369e-12 
1896 95.3448 -1.13725e-06 1.05405e-12 
1897 94.962 -1.20692e-06 1.05427e-12 
1898 94.6001 -1.27702e-06 1.05434e-12 
1899 94.2593 -1.34753e-06 1.05427e-12 
1900 93.9397 -1.41842e-06 1.05404e-12 
1901 93.6416 -1.48963e-06 1.05367e-12 
1902 93.3647 -1.56115e-06 1.05315e-12 
1903 93.1089 -1.63294e-06 1.05248e-12 
1904 92.874 -1.70496e-06 1.05167e-12 
1905 92.6598 -1.77718e-06 1.05071e-12 
1906 92.4661 -1.84957e-06 1.04961e-12 
1907 92.2927 -1.9221e-06 1.04838e-12 
1908 92.1394 -1.99472e-06 1.047e-12 
1909 92.0059 -2.0674e-06 1.04549e-12 
1910 91.8921 -2.14011e-06 1.04385e-12 
1911 91.7978 -2.21282e-06 1.04208e-12 
1912 91.7227 -2.28549e-06 1.04017e-12 
1913 91.6667 -2.35808e-06 1.03814e-12 
1914 91.6295 -2.43056e-06 1.03598e-12 
1915 91.6109 -2.5029e-06 1.0337e-12 
1916 91.6108 -2.57505e-06 1.0313e-12 
1917 91.6289 -2.64698e-06 1.02878e-12 
1918 91.6649 -2.71866e-06 1.02613e-12 
1919 91.7188 -2.79006e-06 1.02338e-12 
1920 91.7902 -2.86112e-06 1.02051e-12 
1921 91.8789 -2.93183e-06 1.01753e-12 
1922 91.9848 -3.00214e-06 1.01443e-12 
1923 92.1075 -3.07201e-06 1.01123e-12 
1924 92.247 -3.14141e-06 1.00793e-12 
1925 92.4029 -3.2103e-06 1.00452e-12 
1926 92.5751 -3.27865e-06 1.00101e-12 
1927 92.7633 -3.34642e-06 9.974e-13 
1928 92.9672 -3.41357e-06 9.93693e-13 
1929 93.1868 -3.48006e-06 9.8989e-13 
1930 93.4217 -3.54585e-06 9.85995e-13 
1931 93.6717 -3.61092e-06 9.82008e-13 
1932 93.9365 -3.67521e-06 9.77933e-13 
1933 94.2161 -3.7387e-06 9.73771e-13 
1934 94.51 -3.80134e-06 9.69524e-13 
1935 94.8182 -3.86309e-06 9.65195e-13 
1936 95.1403 -3.92393e-06 9.60785e-13 
1937 95.4761 -3.9838e-06 9.56298e-13 
1938 95.8254 -4.04267e-06 9.51734e-13 
1939 96.188 -4.1005e-06 9.47097e-13 
1940 96.5636 -4.15725e-06 9.42389e-13 
1941 96.9519 -4.21289e-06 9.37611e-13 
1942 97.3528 -4.26737e-06 9.32766e-13 
1943 97.766 -4.32065e-06 9.27856e-13 
1944 98.1913 -4.3727e-06 9.22884e-13 
1945 98.6283 -4.42347e-06 9.17851e-13 
1946 99.0769 -4.47293e-06 9.1276e-13 
1947 99.5368 -4.52103e-06 9.07614e-13 
1948 100.008 -4.56773e-06 9.02414e-13 
1949 100.49 -4.613e-06 8.97163e-13 
1950 100.982 -4.65679e-06 8.91862e-13 
1951 101.485 -4.69907e-06 8.86516e-13 
1952 101.998 -4.73986e-06 8.81123e-13 
1953 102.521 -4.77919e-06 8.75684e-13 
1954 103.053 -4.81708e-06 8.70201e-13 
1955 103.596 -4.85357e-06 8.64674e-13 
1956 104.148 -4.88867e-06 8.59102e-13 
1957 104.709 -4.92242e-06 8.53488e-13 
1958 105.28 -4.95485e-06 8.47831e-13 
1959 105.859 -4.98597e-06 8.42133e-13 
1960 106.447 -5.01584e-06 8.36392e-13 
1961 107.045 -5.04446e-06 8.30612e-13 
1962 107.65 -5.07186e-06 8.24791e-13 
1963 108.264 -5.09809e-06 8.1893e-13 
1964 108.886 -5.12316e-06 8.13031e-13 
1965 109.516 -5.1471e-06 8.07093e-13 
1966 110.154 -5.16995e-06 8.01118e-13 
1967 110.8 -5.19173e-06 7.95105e-13 
1968 111.453 -5.21247e-06 7.89056e-13 
1969 112.114 -5.2322e-06 7.82971e-13 
1970 112.781 -5.25095e-06 7.76851e-13 
1971 113.456 -5.26876e-06 7.70696e-13 
1972 114.138 -5.28564e-06 7.64507e-13 
1973 114.826 -5.30163e-06 7.58285e-13 
1974 115.52 -5.31676e-06 7.5203e-13 
1975 116.221 -5.33106e-06 7.45743e-13 
1976 116.928 -5.34456e-06 7.39424e-13 
1977 117.641 -5.35729e-06 7.33075e-13 
1978 118.36 -5.36928e-06 7.26695e-13 
1979 119.084 -5.38057e-06 7.20286e-13 
1980 119.813 -5.39117e-06 7.13848e-13 
1981 120.548 -5.40113e-06 7.07382e-13 
1982 121.288 -5.41047e-06 7.00888e-13 
1983 122.032 -5.41923e-06 6.94367e-13 
1984 122.782 -5.42744e-06 6.8782e-13 
1985 123.535 -5.43512e-06 6.81247e-13 
1986 124.293 -5.44231e-06 6.7465e-13 
1987 125.055 -5.44905e-06 6.68028e-13 
1988 125.821 -5.45535e-06 6.61382e-13 
1989 126.591 -5.46127e-06 6.54714e-13 
1990 127.364 -5.46681e-06 6.48023e-13 
1991 128.141 -5.47203e-06 6.4131e-13 
1992 128.92 -5.47696e-06 6.34577e-13 
1993 129.703 -5.48161e-06 6.27824e-13 
1994 130.488 -5.48603e-06 6.21051e-13 
1995 131.276 -5.49026e-06 6.14259e-13 
1996 132.067 -5.49431e-06 6.07449e-13 
1997 132.859 -5.49823e-06 6.00622e-13 
1998 133.654 -5.50205e-06 5.93777e-13 
1999 134.45 -5.5058e-06 5.86917e-13 
2000 135.248 -5.50952e-06 5.80042e-13 
