2 389.204 
3 390.861 
4 388.216 
5 386.46 
6 386.106 
7 387.015 
8 388.948 
9 391.479 
10 395.102 
11 399.003 
12 403.377 
13 407.821 
14 412.792 
15 418.27 
16 423.4 
17 428.49 
18 434.042 
19 440.197 
20 446.649 
21 452.819 
22 458.778 
23 464.736 
24 470.795 
25 476.924 
26 483.012 
27 489.111 
28 495.275 
29 501.489 
30 507.654 
31 513.641 
32 519.504 
33 525.338 
34 531.221 
35 537.209 
36 543.338 
37 549.614 
38 556.014 
39 562.48 
40 568.92 
41 575.235 
42 581.438 
43 587.57 
44 593.666 
45 599.755 
46 605.86 
47 611.996 
48 618.171 
49 624.382 
50 630.616 
51 636.861 
52 643.13 
53 649.445 
54 655.821 
55 662.27 
56 668.799 
57 675.41 
58 682.101 
59 688.862 
60 695.679 
61 702.538 
62 709.446 
63 716.416 
64 723.461 
65 730.588 
66 737.806 
67 745.118 
68 752.527 
69 760.033 
70 767.631 
71 775.319 
72 783.102 
73 790.988 
74 798.983 
75 807.091 
76 815.316 
77 823.659 
78 832.12 
79 840.696 
80 849.383 
81 858.178 
82 867.083 
83 876.103 
84 885.242 
85 894.503 
86 903.886 
87 913.392 
88 923.021 
89 932.77 
90 942.638 
91 952.619 
92 962.716 
93 972.929 
94 983.258 
95 993.703 
96 1004.26 
97 1014.93 
98 1025.71 
99 1036.6 
100 1047.58 
101 1058.66 
102 1069.83 
103 1081.1 
104 1092.47 
105 1103.93 
106 1115.48 
107 1127.14 
108 1138.88 
109 1150.72 
110 1162.64 
111 1174.65 
112 1186.74 
113 1198.91 
114 1211.15 
115 1223.46 
116 1235.83 
117 1248.26 
118 1260.73 
119 1273.24 
120 1285.78 
121 1298.34 
122 1310.92 
123 1323.51 
124 1336.12 
125 1348.73 
126 1361.36 
127 1373.98 
128 1386.61 
129 1399.23 
130 1411.84 
131 1424.44 
132 1437.02 
133 1449.57 
134 1462.1 
135 1474.6 
136 1487.05 
137 1499.46 
138 1511.81 
139 1524.1 
140 1536.32 
141 1548.47 
142 1560.54 
143 1572.52 
144 1584.42 
145 1596.22 
146 1607.92 
147 1619.52 
148 1631.01 
149 1642.39 
150 1653.66 
151 1664.79 
152 1675.8 
153 1686.68 
154 1697.41 
155 1707.99 
156 1718.43 
157 1728.7 
158 1738.8 
159 1748.74 
160 1758.49 
161 1768.05 
162 1777.42 
163 1786.6 
164 1795.58 
165 1804.36 
166 1812.93 
167 1821.29 
168 1829.44 
169 1837.37 
170 1845.09 
171 1852.58 
172 1859.84 
173 1866.87 
174 1873.67 
175 1880.23 
176 1886.54 
177 1892.62 
178 1898.44 
179 1904.01 
180 1909.32 
181 1914.38 
182 1919.17 
183 1923.69 
184 1927.96 
185 1931.95 
186 1935.67 
187 1939.12 
188 1942.29 
189 1945.19 
190 1947.81 
191 1950.15 
192 1952.21 
193 1953.99 
194 1955.48 
195 1956.69 
196 1957.61 
197 1958.24 
198 1958.59 
199 1958.64 
200 1958.4 
201 1957.87 
202 1957.04 
203 1955.93 
204 1954.52 
205 1952.82 
206 1950.83 
207 1948.56 
208 1945.99 
209 1943.14 
210 1940 
211 1936.58 
212 1932.87 
213 1928.88 
214 1924.61 
215 1920.07 
216 1915.25 
217 1910.16 
218 1904.79 
219 1899.16 
220 1893.26 
221 1887.1 
222 1880.68 
223 1874 
224 1867.07 
225 1859.89 
226 1852.46 
227 1844.79 
228 1836.88 
229 1828.73 
230 1820.35 
231 1811.74 
232 1802.9 
233 1793.84 
234 1784.56 
235 1775.06 
236 1765.36 
237 1755.46 
238 1745.35 
239 1735.04 
240 1724.55 
241 1713.87 
242 1703.01 
243 1691.98 
244 1680.77 
245 1669.4 
246 1657.88 
247 1646.2 
248 1634.38 
249 1622.42 
250 1610.32 
251 1598.1 
252 1585.76 
253 1573.3 
254 1560.73 
255 1548.05 
256 1535.27 
257 1522.38 
258 1509.41 
259 1496.35 
260 1483.2 
261 1469.98 
262 1456.69 
263 1443.33 
264 1429.9 
265 1416.42 
266 1402.9 
267 1389.32 
268 1375.71 
269 1362.07 
270 1348.4 
271 1334.72 
272 1321.01 
273 1307.3 
274 1293.6 
275 1279.89 
276 1266.2 
277 1252.53 
278 1238.88 
279 1225.26 
280 1211.67 
281 1198.11 
282 1184.6 
283 1171.14 
284 1157.73 
285 1144.38 
286 1131.09 
287 1117.87 
288 1104.73 
289 1091.66 
290 1078.68 
291 1065.79 
292 1052.99 
293 1040.3 
294 1027.72 
295 1015.24 
296 1002.89 
297 990.657 
298 978.557 
299 966.593 
300 954.77 
301 943.095 
302 931.569 
303 920.197 
304 908.979 
305 897.918 
306 887.017 
307 876.277 
308 865.701 
309 855.291 
310 845.049 
311 834.976 
312 825.076 
313 815.349 
314 805.797 
315 796.423 
316 787.228 
317 778.213 
318 769.38 
319 760.731 
320 752.267 
321 743.989 
322 735.898 
323 727.997 
324 720.286 
325 712.766 
326 705.438 
327 698.303 
328 691.363 
329 684.617 
330 678.067 
331 671.714 
332 665.557 
333 659.598 
334 653.838 
335 648.275 
336 642.911 
337 637.746 
338 632.78 
339 628.014 
340 623.446 
341 619.078 
342 614.909 
343 610.938 
344 607.166 
345 603.591 
346 600.214 
347 597.034 
348 594.051 
349 591.262 
350 588.669 
351 586.269 
352 584.062 
353 582.046 
354 580.221 
355 578.586 
356 577.138 
357 575.876 
358 574.8 
359 573.907 
360 573.195 
361 572.664 
362 572.31 
363 572.132 
364 572.127 
365 572.294 
366 572.631 
367 573.134 
368 573.802 
369 574.631 
370 575.619 
371 576.763 
372 578.061 
373 579.509 
374 581.104 
375 582.843 
376 584.722 
377 586.738 
378 588.888 
379 591.167 
380 593.573 
381 596.101 
382 598.746 
383 601.506 
384 604.375 
385 607.35 
386 610.426 
387 613.598 
388 616.862 
389 620.212 
390 623.644 
391 627.153 
392 630.734 
393 634.381 
394 638.089 
395 641.852 
396 645.665 
397 649.521 
398 653.416 
399 657.342 
400 661.294 
401 665.267 
402 669.257 
403 673.264 
404 677.286 
405 681.321 
406 685.369 
407 689.427 
408 693.494 
409 697.569 
410 701.649 
411 705.733 
412 709.819 
413 713.906 
414 717.992 
415 722.075 
416 726.152 
417 730.224 
418 734.286 
419 738.338 
420 742.378 
421 746.403 
422 750.411 
423 754.401 
424 758.371 
425 762.317 
426 766.238 
427 770.133 
428 773.998 
429 777.831 
430 781.63 
431 785.393 
432 789.117 
433 792.8 
434 796.44 
435 800.034 
436 803.579 
437 807.073 
438 810.514 
439 813.898 
440 817.224 
441 820.488 
442 823.687 
443 826.82 
444 829.882 
445 832.872 
446 835.786 
447 838.622 
448 841.377 
449 844.047 
450 846.629 
451 849.122 
452 851.524 
453 853.838 
454 856.064 
455 858.202 
456 860.253 
457 862.218 
458 864.099 
459 865.896 
460 867.61 
461 869.241 
462 870.792 
463 872.263 
464 873.655 
465 874.969 
466 876.207 
467 877.369 
468 878.457 
469 879.472 
470 880.415 
471 881.288 
472 882.091 
473 882.827 
474 883.497 
475 884.102 
476 884.643 
477 885.122 
478 885.541 
479 885.901 
480 886.204 
481 886.452 
482 886.645 
483 886.786 
484 886.877 
485 886.919 
486 886.914 
487 886.865 
488 886.771 
489 886.637 
490 886.464 
491 886.253 
492 886.007 
493 885.727 
494 885.417 
495 885.077 
496 884.711 
497 884.32 
498 883.907 
499 883.473 
500 883.022 
501 882.555 
502 882.075 
503 881.583 
504 881.08 
505 880.569 
506 880.051 
507 879.527 
508 879.001 
509 878.474 
510 877.947 
511 877.423 
512 876.903 
513 876.389 
514 875.884 
515 875.39 
516 874.908 
517 874.44 
518 873.989 
519 873.558 
520 873.147 
521 872.759 
522 872.397 
523 872.063 
524 871.758 
525 871.486 
526 871.249 
527 871.048 
528 870.887 
529 870.769 
530 870.694 
531 870.666 
532 870.688 
533 870.761 
534 870.89 
535 871.075 
536 871.32 
537 871.628 
538 872.001 
539 872.442 
540 872.953 
541 873.539 
542 874.2 
543 874.941 
544 875.764 
545 876.673 
546 877.669 
547 878.756 
548 879.938 
549 881.217 
550 882.596 
551 884.078 
552 885.663 
553 887.35 
554 889.139 
555 891.029 
556 893.019 
557 895.109 
558 897.298 
559 899.585 
560 901.97 
561 904.452 
562 907.029 
563 909.702 
564 912.47 
565 915.33 
566 918.284 
567 921.329 
568 924.466 
569 927.692 
570 931.007 
571 934.41 
572 937.9 
573 941.476 
574 945.137 
575 948.881 
576 952.709 
577 956.618 
578 960.607 
579 964.676 
580 968.823 
581 973.046 
582 977.346 
583 981.719 
584 986.166 
585 990.684 
586 995.273 
587 999.93 
588 1004.66 
589 1009.45 
590 1014.3 
591 1019.22 
592 1024.21 
593 1029.25 
594 1034.35 
595 1039.51 
596 1044.72 
597 1049.99 
598 1055.31 
599 1060.68 
600 1066.09 
601 1071.56 
602 1077.07 
603 1082.63 
604 1088.22 
605 1093.86 
606 1099.53 
607 1105.23 
608 1110.96 
609 1116.73 
610 1122.52 
611 1128.33 
612 1134.17 
613 1140.03 
614 1145.9 
615 1151.79 
616 1157.69 
617 1163.6 
618 1169.51 
619 1175.43 
620 1181.35 
621 1187.26 
622 1193.18 
623 1199.08 
624 1204.97 
625 1210.85 
626 1216.72 
627 1222.56 
628 1228.39 
629 1234.18 
630 1239.95 
631 1245.69 
632 1251.39 
633 1257.05 
634 1262.68 
635 1268.26 
636 1273.79 
637 1279.27 
638 1284.69 
639 1290.06 
640 1295.36 
641 1300.6 
642 1305.78 
643 1310.88 
644 1315.9 
645 1320.85 
646 1325.71 
647 1330.49 
648 1335.17 
649 1339.76 
650 1344.26 
651 1348.65 
652 1352.94 
653 1357.12 
654 1361.2 
655 1365.18 
656 1369.04 
657 1372.8 
658 1376.45 
659 1379.98 
660 1383.41 
661 1386.72 
662 1389.91 
663 1392.99 
664 1395.96 
665 1398.8 
666 1401.52 
667 1404.13 
668 1406.61 
669 1408.97 
670 1411.21 
671 1413.31 
672 1415.3 
673 1417.15 
674 1418.88 
675 1420.47 
676 1421.93 
677 1423.26 
678 1424.46 
679 1425.52 
680 1426.44 
681 1427.23 
682 1427.87 
683 1428.38 
684 1428.74 
685 1428.96 
686 1429.04 
687 1428.97 
688 1428.75 
689 1428.38 
690 1427.86 
691 1427.2 
692 1426.38 
693 1425.4 
694 1424.27 
695 1422.99 
696 1421.54 
697 1419.94 
698 1418.18 
699 1416.25 
700 1414.16 
701 1411.91 
702 1409.49 
703 1406.91 
704 1404.17 
705 1401.28 
706 1398.22 
707 1395.02 
708 1391.65 
709 1388.14 
710 1384.48 
711 1380.67 
712 1376.71 
713 1372.61 
714 1368.36 
715 1363.98 
716 1359.46 
717 1354.8 
718 1350 
719 1345.08 
720 1340.02 
721 1334.84 
722 1329.53 
723 1324.09 
724 1318.53 
725 1312.86 
726 1307.06 
727 1301.15 
728 1295.13 
729 1289 
730 1282.76 
731 1276.42 
732 1269.97 
733 1263.42 
734 1256.77 
735 1250.03 
736 1243.19 
737 1236.27 
738 1229.25 
739 1222.16 
740 1214.97 
741 1207.71 
742 1200.38 
743 1192.97 
744 1185.48 
745 1177.93 
746 1170.32 
747 1162.64 
748 1154.9 
749 1147.1 
750 1139.25 
751 1131.36 
752 1123.41 
753 1115.42 
754 1107.38 
755 1099.3 
756 1091.19 
757 1083.04 
758 1074.85 
759 1066.64 
760 1058.39 
761 1050.12 
762 1041.83 
763 1033.52 
764 1025.19 
765 1016.84 
766 1008.48 
767 1000.12 
768 991.741 
769 983.362 
770 974.982 
771 966.604 
772 958.23 
773 949.863 
774 941.507 
775 933.164 
776 924.838 
777 916.531 
778 908.246 
779 899.987 
780 891.756 
781 883.557 
782 875.393 
783 867.267 
784 859.183 
785 851.143 
786 843.151 
787 835.21 
788 827.324 
789 819.495 
790 811.728 
791 804.026 
792 796.391 
793 788.829 
794 781.341 
795 773.932 
796 766.606 
797 759.365 
798 752.214 
799 745.157 
800 738.196 
801 731.335 
802 724.575 
803 717.917 
804 711.361 
805 704.908 
806 698.558 
807 692.312 
808 686.17 
809 680.132 
810 674.2 
811 668.374 
812 662.654 
813 657.041 
814 651.535 
815 646.137 
816 640.847 
817 635.665 
818 630.593 
819 625.631 
820 620.779 
821 616.038 
822 611.408 
823 606.889 
824 602.483 
825 598.189 
826 594.008 
827 589.941 
828 585.988 
829 582.149 
830 578.425 
831 574.817 
832 571.325 
833 567.948 
834 564.689 
835 561.547 
836 558.522 
837 555.616 
838 552.828 
839 550.16 
840 547.61 
841 545.181 
842 542.872 
843 540.683 
844 538.616 
845 536.671 
846 534.847 
847 533.146 
848 531.568 
849 530.113 
850 528.782 
851 527.575 
852 526.49 
853 525.525 
854 524.68 
855 523.951 
856 523.338 
857 522.838 
858 522.45 
859 522.172 
860 522.001 
861 521.936 
862 521.975 
863 522.116 
864 522.357 
865 522.696 
866 523.13 
867 523.659 
868 524.279 
869 524.988 
870 525.785 
871 526.668 
872 527.633 
873 528.679 
874 529.804 
875 531.005 
876 532.28 
877 533.627 
878 535.043 
879 536.527 
880 538.074 
881 539.685 
882 541.355 
883 543.082 
884 544.864 
885 546.699 
886 548.583 
887 550.514 
888 552.491 
889 554.509 
890 556.567 
891 558.661 
892 560.789 
893 562.949 
894 565.138 
895 567.352 
896 569.589 
897 571.847 
898 574.122 
899 576.411 
900 578.712 
901 581.022 
902 583.34 
903 585.663 
904 587.99 
905 590.321 
906 592.653 
907 594.985 
908 597.316 
909 599.644 
910 601.968 
911 604.285 
912 606.595 
913 608.896 
914 611.186 
915 613.464 
916 615.729 
917 617.977 
918 620.209 
919 622.423 
920 624.615 
921 626.786 
922 628.934 
923 631.056 
924 633.151 
925 635.217 
926 637.253 
927 639.257 
928 641.227 
929 643.161 
930 645.058 
931 646.916 
932 648.732 
933 650.506 
934 652.234 
935 653.917 
936 655.551 
937 657.134 
938 658.665 
939 660.143 
940 661.564 
941 662.927 
942 664.231 
943 665.472 
944 666.65 
945 667.762 
946 668.806 
947 669.781 
948 670.683 
949 671.512 
950 672.265 
951 672.94 
952 673.538 
953 674.059 
954 674.505 
955 674.876 
956 675.172 
957 675.396 
958 675.547 
959 675.626 
960 675.635 
961 675.573 
962 675.443 
963 675.244 
964 674.979 
965 674.646 
966 674.249 
967 673.786 
968 673.26 
969 672.672 
970 672.021 
971 671.31 
972 670.539 
973 669.709 
974 668.821 
975 667.876 
976 666.875 
977 665.819 
978 664.71 
979 663.547 
980 662.333 
981 661.068 
982 659.754 
983 658.39 
984 656.98 
985 655.523 
986 654.02 
987 652.474 
988 650.884 
989 649.252 
990 647.58 
991 645.868 
992 644.118 
993 642.33 
994 640.506 
995 638.648 
996 636.756 
997 634.831 
998 632.875 
999 630.889 
1000 628.875 
1001 626.833 
1002 624.765 
1003 622.671 
1004 620.554 
1005 618.414 
1006 616.252 
1007 614.069 
1008 611.867 
1009 609.647 
1010 607.41 
1011 605.157 
1012 602.89 
1013 600.609 
1014 598.316 
1015 596.013 
1016 593.699 
1017 591.378 
1018 589.049 
1019 586.715 
1020 584.376 
1021 582.034 
1022 579.69 
1023 577.346 
1024 575.002 
1025 572.661 
1026 570.323 
1027 567.991 
1028 565.664 
1029 563.345 
1030 561.035 
1031 558.736 
1032 556.449 
1033 554.175 
1034 551.916 
1035 549.673 
1036 547.447 
1037 545.241 
1038 543.056 
1039 540.893 
1040 538.753 
1041 536.639 
1042 534.551 
1043 532.491 
1044 530.462 
1045 528.463 
1046 526.498 
1047 524.567 
1048 522.672 
1049 520.815 
1050 518.997 
1051 517.22 
1052 515.484 
1053 513.789 
1054 512.137 
1055 510.527 
1056 508.959 
1057 507.435 
1058 505.953 
1059 504.516 
1060 503.122 
1061 501.773 
1062 500.468 
1063 499.209 
1064 497.995 
1065 496.827 
1066 495.704 
1067 494.629 
1068 493.6 
1069 492.618 
1070 491.684 
1071 490.797 
1072 489.959 
1073 489.17 
1074 488.429 
1075 487.738 
1076 487.097 
1077 486.505 
1078 485.964 
1079 485.474 
1080 485.035 
1081 484.648 
1082 484.312 
1083 484.029 
1084 483.798 
1085 483.621 
1086 483.496 
1087 483.426 
1088 483.41 
1089 483.448 
1090 483.541 
1091 483.69 
1092 483.894 
1093 484.154 
1094 484.471 
1095 484.844 
1096 485.275 
1097 485.763 
1098 486.309 
1099 486.914 
1100 487.578 
1101 488.3 
1102 489.08 
1103 489.918 
1104 490.811 
1105 491.76 
1106 492.762 
1107 493.817 
1108 494.924 
1109 496.081 
1110 497.287 
1111 498.542 
1112 499.844 
1113 501.192 
1114 502.585 
1115 504.021 
1116 505.5 
1117 507.021 
1118 508.581 
1119 510.18 
1120 511.817 
1121 513.491 
1122 515.199 
1123 516.942 
1124 518.717 
1125 520.524 
1126 522.361 
1127 524.227 
1128 526.12 
1129 528.04 
1130 529.985 
1131 531.953 
1132 533.944 
1133 535.955 
1134 537.986 
1135 540.036 
1136 542.102 
1137 544.184 
1138 546.28 
1139 548.389 
1140 550.509 
1141 552.638 
1142 554.777 
1143 556.922 
1144 559.072 
1145 561.227 
1146 563.384 
1147 565.543 
1148 567.701 
1149 569.857 
1150 572.009 
1151 574.157 
1152 576.298 
1153 578.433 
1154 580.559 
1155 582.676 
1156 584.782 
1157 586.877 
1158 588.96 
1159 591.028 
1160 593.081 
1161 595.119 
1162 597.139 
1163 599.14 
1164 601.122 
1165 603.084 
1166 605.023 
1167 606.94 
1168 608.831 
1169 610.698 
1170 612.538 
1171 614.349 
1172 616.132 
1173 617.884 
1174 619.604 
1175 621.292 
1176 622.945 
1177 624.563 
1178 626.144 
1179 627.687 
1180 629.191 
1181 630.655 
1182 632.076 
1183 633.454 
1184 634.788 
1185 636.076 
1186 637.317 
1187 638.509 
1188 639.651 
1189 640.742 
1190 641.781 
1191 642.765 
1192 643.694 
1193 644.567 
1194 645.381 
1195 646.136 
1196 646.829 
1197 647.461 
1198 648.028 
1199 648.53 
1200 648.966 
1201 649.334 
1202 649.634 
1203 649.866 
1204 650.03 
1205 650.127 
1206 650.158 
1207 650.121 
1208 650.018 
1209 649.849 
1210 649.613 
1211 649.312 
1212 648.945 
1213 648.512 
1214 648.015 
1215 647.452 
1216 646.826 
1217 646.134 
1218 645.379 
1219 644.56 
1220 643.677 
1221 642.732 
1222 641.723 
1223 640.651 
1224 639.518 
1225 638.322 
1226 637.064 
1227 635.745 
1228 634.364 
1229 632.923 
1230 631.421 
1231 629.859 
1232 628.237 
1233 626.555 
1234 624.814 
1235 623.013 
1236 621.155 
1237 619.237 
1238 617.262 
1239 615.229 
1240 613.139 
1241 610.991 
1242 608.787 
1243 606.527 
1244 604.211 
1245 601.839 
1246 599.412 
1247 596.93 
1248 594.393 
1249 591.803 
1250 589.158 
1251 586.461 
1252 583.711 
1253 580.911 
1254 578.061 
1255 575.163 
1256 572.219 
1257 569.23 
1258 566.197 
1259 563.121 
1260 560.005 
1261 556.849 
1262 553.655 
1263 550.425 
1264 547.159 
1265 543.86 
1266 540.529 
1267 537.167 
1268 533.776 
1269 530.357 
1270 526.912 
1271 523.443 
1272 519.95 
1273 516.437 
1274 512.903 
1275 509.35 
1276 505.782 
1277 502.197 
1278 498.6 
1279 494.99 
1280 491.37 
1281 487.742 
1282 484.106 
1283 480.465 
1284 476.821 
1285 473.174 
1286 469.527 
1287 465.881 
1288 462.239 
1289 458.601 
1290 454.969 
1291 451.346 
1292 447.733 
1293 444.132 
1294 440.544 
1295 436.972 
1296 433.417 
1297 429.88 
1298 426.365 
1299 422.871 
1300 419.403 
1301 415.96 
1302 412.544 
1303 409.155 
1304 405.794 
1305 402.461 
1306 399.157 
1307 395.882 
1308 392.637 
1309 389.422 
1310 386.238 
1311 383.085 
1312 379.964 
1313 376.876 
1314 373.82 
1315 370.797 
1316 367.809 
1317 364.854 
1318 361.935 
1319 359.051 
1320 356.203 
1321 353.392 
1322 350.618 
1323 347.882 
1324 345.183 
1325 342.524 
1326 339.903 
1327 337.323 
1328 334.783 
1329 332.284 
1330 329.826 
1331 327.411 
1332 325.038 
1333 322.708 
1334 320.423 
1335 318.181 
1336 315.984 
1337 313.833 
1338 311.728 
1339 309.67 
1340 307.659 
1341 305.696 
1342 303.781 
1343 301.915 
1344 300.099 
1345 298.333 
1346 296.618 
1347 294.954 
1348 293.343 
1349 291.784 
1350 290.278 
1351 288.826 
1352 287.427 
1353 286.081 
1354 284.786 
1355 283.544 
1356 282.352 
1357 281.211 
1358 280.12 
1359 279.078 
1360 278.084 
1361 277.138 
1362 276.24 
1363 275.389 
1364 274.583 
1365 273.823 
1366 273.108 
1367 272.437 
1368 271.81 
1369 271.226 
1370 270.683 
1371 270.183 
1372 269.724 
1373 269.304 
1374 268.925 
1375 268.584 
1376 268.282 
1377 268.018 
1378 267.79 
1379 267.599 
1380 267.443 
1381 267.322 
1382 267.235 
1383 267.181 
1384 267.16 
1385 267.171 
1386 267.214 
1387 267.287 
1388 267.389 
1389 267.521 
1390 267.681 
1391 267.869 
1392 268.083 
1393 268.324 
1394 268.59 
1395 268.88 
1396 269.194 
1397 269.531 
1398 269.89 
1399 270.271 
1400 270.672 
1401 271.093 
1402 271.533 
1403 271.992 
1404 272.469 
1405 272.964 
1406 273.475 
1407 274.003 
1408 274.547 
1409 275.106 
1410 275.679 
1411 276.266 
1412 276.867 
1413 277.481 
1414 278.107 
1415 278.744 
1416 279.392 
1417 280.051 
1418 280.719 
1419 281.397 
1420 282.083 
1421 282.776 
1422 283.477 
1423 284.185 
1424 284.898 
1425 285.617 
1426 286.34 
1427 287.067 
1428 287.798 
1429 288.531 
1430 289.266 
1431 290.003 
1432 290.74 
1433 291.477 
1434 292.213 
1435 292.948 
1436 293.68 
1437 294.41 
1438 295.137 
1439 295.859 
1440 296.576 
1441 297.288 
1442 297.993 
1443 298.691 
1444 299.382 
1445 300.064 
1446 300.736 
1447 301.399 
1448 302.051 
1449 302.692 
1450 303.321 
1451 303.936 
1452 304.539 
1453 305.127 
1454 305.701 
1455 306.261 
1456 306.806 
1457 307.335 
1458 307.848 
1459 308.344 
1460 308.824 
1461 309.286 
1462 309.73 
1463 310.157 
1464 310.564 
1465 310.952 
1466 311.321 
1467 311.67 
1468 311.998 
1469 312.304 
1470 312.59 
1471 312.853 
1472 313.094 
1473 313.312 
1474 313.506 
1475 313.677 
1476 313.823 
1477 313.944 
1478 314.04 
1479 314.11 
1480 314.154 
1481 314.17 
1482 314.159 
1483 314.121 
1484 314.054 
1485 313.958 
1486 313.833 
1487 313.678 
1488 313.492 
1489 313.275 
1490 313.027 
1491 312.747 
1492 312.435 
1493 312.089 
1494 311.71 
1495 311.297 
1496 310.849 
1497 310.366 
1498 309.847 
1499 309.293 
1500 308.701 
1501 308.072 
1502 307.407 
1503 306.706 
1504 305.97 
1505 305.2 
1506 304.397 
1507 303.561 
1508 302.694 
1509 301.796 
1510 300.868 
1511 299.911 
1512 298.925 
1513 297.913 
1514 296.874 
1515 295.809 
1516 294.719 
1517 293.605 
1518 292.469 
1519 291.31 
1520 290.13 
1521 288.929 
1522 287.71 
1523 286.471 
1524 285.215 
1525 283.942 
1526 282.653 
1527 281.35 
1528 280.032 
1529 278.701 
1530 277.359 
1531 276.005 
1532 274.64 
1533 273.267 
1534 271.885 
1535 270.496 
1536 269.101 
1537 267.7 
1538 266.295 
1539 264.886 
1540 263.475 
1541 262.063 
1542 260.65 
1543 259.238 
1544 257.827 
1545 256.419 
1546 255.014 
1547 253.614 
1548 252.22 
1549 250.832 
1550 249.453 
1551 248.082 
1552 246.72 
1553 245.367 
1554 244.025 
1555 242.692 
1556 241.371 
1557 240.06 
1558 238.761 
1559 237.473 
1560 236.197 
1561 234.934 
1562 233.684 
1563 232.447 
1564 231.224 
1565 230.014 
1566 228.819 
1567 227.639 
1568 226.474 
1569 225.324 
1570 224.19 
1571 223.073 
1572 221.972 
1573 220.889 
1574 219.823 
1575 218.774 
1576 217.744 
1577 216.733 
1578 215.741 
1579 214.768 
1580 213.816 
1581 212.883 
1582 211.971 
1583 211.081 
1584 210.212 
1585 209.365 
1586 208.54 
1587 207.738 
1588 206.96 
1589 206.205 
1590 205.474 
1591 204.767 
1592 204.086 
1593 203.43 
1594 202.8 
1595 202.196 
1596 201.618 
1597 201.068 
1598 200.545 
1599 200.05 
1600 199.584 
1601 199.147 
1602 198.737 
1603 198.356 
1604 198.002 
1605 197.676 
1606 197.376 
1607 197.102 
1608 196.853 
1609 196.63 
1610 196.432 
1611 196.258 
1612 196.107 
1613 195.98 
1614 195.876 
1615 195.794 
1616 195.733 
1617 195.694 
1618 195.676 
1619 195.679 
1620 195.701 
1621 195.742 
1622 195.802 
1623 195.881 
1624 195.977 
1625 196.091 
1626 196.221 
1627 196.368 
1628 196.53 
1629 196.708 
1630 196.9 
1631 197.106 
1632 197.326 
1633 197.559 
1634 197.805 
1635 198.063 
1636 198.332 
1637 198.612 
1638 198.902 
1639 199.202 
1640 199.511 
1641 199.829 
1642 200.156 
1643 200.489 
1644 200.83 
1645 201.177 
1646 201.53 
1647 201.888 
1648 202.251 
1649 202.618 
1650 202.989 
1651 203.362 
1652 203.739 
1653 204.118 
1654 204.5 
1655 204.885 
1656 205.272 
1657 205.662 
1658 206.054 
1659 206.449 
1660 206.845 
1661 207.245 
1662 207.646 
1663 208.05 
1664 208.455 
1665 208.863 
1666 209.272 
1667 209.683 
1668 210.096 
1669 210.511 
1670 210.927 
1671 211.345 
1672 211.764 
1673 212.185 
1674 212.607 
1675 213.03 
1676 213.454 
1677 213.879 
1678 214.306 
1679 214.733 
1680 215.161 
1681 215.59 
1682 216.02 
1683 216.45 
1684 216.881 
1685 217.312 
1686 217.744 
1687 218.176 
1688 218.608 
1689 219.04 
1690 219.473 
1691 219.905 
1692 220.337 
1693 220.769 
1694 221.201 
1695 221.633 
1696 222.064 
1697 222.494 
1698 222.924 
1699 223.353 
1700 223.782 
1701 224.209 
1702 224.635 
1703 225.06 
1704 225.482 
1705 225.901 
1706 226.316 
1707 226.728 
1708 227.136 
1709 227.538 
1710 227.935 
1711 228.326 
1712 228.711 
1713 229.088 
1714 229.458 
1715 229.82 
1716 230.173 
1717 230.517 
1718 230.852 
1719 231.176 
1720 231.489 
1721 231.791 
1722 232.082 
1723 232.359 
1724 232.624 
1725 232.876 
1726 233.113 
1727 233.335 
1728 233.543 
1729 233.734 
1730 233.909 
1731 234.068 
1732 234.208 
1733 234.331 
1734 234.435 
1735 234.52 
1736 234.585 
1737 234.63 
1738 234.653 
1739 234.656 
1740 234.636 
1741 234.593 
1742 234.527 
1743 234.436 
1744 234.322 
1745 234.182 
1746 234.016 
1747 233.824 
1748 233.605 
1749 233.359 
1750 233.084 
1751 232.781 
1752 232.449 
1753 232.088 
1754 231.7 
1755 231.285 
1756 230.842 
1757 230.372 
1758 229.876 
1759 229.354 
1760 228.806 
1761 228.232 
1762 227.633 
1763 227.009 
1764 226.361 
1765 225.689 
1766 224.993 
1767 224.273 
1768 223.531 
1769 222.765 
1770 221.978 
1771 221.168 
1772 220.337 
1773 219.484 
1774 218.611 
1775 217.717 
1776 216.802 
1777 215.868 
1778 214.915 
1779 213.943 
1780 212.951 
1781 211.942 
1782 210.915 
1783 209.87 
1784 208.808 
1785 207.729 
1786 206.634 
1787 205.523 
1788 204.396 
1789 203.254 
1790 202.097 
1791 200.926 
1792 199.741 
1793 198.542 
1794 197.33 
1795 196.106 
1796 194.868 
1797 193.619 
1798 192.359 
1799 191.087 
1800 189.804 
1801 188.511 
1802 187.209 
1803 185.897 
1804 184.577 
1805 183.249 
1806 181.913 
1807 180.571 
1808 179.222 
1809 177.868 
1810 176.51 
1811 175.147 
1812 173.78 
1813 172.41 
1814 171.038 
1815 169.664 
1816 168.289 
1817 166.913 
1818 165.538 
1819 164.163 
1820 162.79 
1821 161.419 
1822 160.05 
1823 158.685 
1824 157.323 
1825 155.967 
1826 154.616 
1827 153.27 
1828 151.932 
1829 150.6 
1830 149.277 
1831 147.962 
1832 146.657 
1833 145.362 
1834 144.077 
1835 142.804 
1836 141.542 
1837 140.294 
1838 139.059 
1839 137.838 
1840 136.632 
1841 135.441 
1842 134.267 
1843 133.11 
1844 131.97 
1845 130.849 
1846 129.747 
1847 128.664 
1848 127.602 
1849 126.562 
1850 125.543 
1851 124.547 
1852 123.573 
1853 122.622 
1854 121.692 
1855 120.785 
1856 119.899 
1857 119.034 
1858 118.19 
1859 117.366 
1860 116.564 
1861 115.781 
1862 115.019 
1863 114.276 
1864 113.552 
1865 112.848 
1866 112.163 
1867 111.496 
1868 110.848 
1869 110.218 
1870 109.606 
1871 109.011 
1872 108.434 
1873 107.874 
1874 107.331 
1875 106.804 
1876 106.293 
1877 105.799 
1878 105.32 
1879 104.856 
1880 104.408 
1881 103.974 
1882 103.556 
1883 103.151 
1884 102.76 
1885 102.384 
1886 102.02 
1887 101.67 
1888 101.332 
1889 101.008 
1890 100.695 
1891 100.394 
1892 100.105 
1893 99.8278 
1894 99.5614 
1895 99.3057 
1896 99.0604 
1897 98.8254 
1898 98.6002 
1899 98.3846 
1900 98.1783 
1901 97.9809 
1902 97.7924 
1903 97.6125 
1904 97.4413 
1905 97.2785 
1906 97.1241 
1907 96.9779 
1908 96.8398 
1909 96.7096 
1910 96.5873 
1911 96.4728 
1912 96.3658 
1913 96.2663 
1914 96.1741 
1915 96.0891 
1916 96.0112 
1917 95.9403 
1918 95.8762 
1919 95.8188 
1920 95.768 
1921 95.7235 
1922 95.6854 
1923 95.6535 
1924 95.6276 
1925 95.6075 
1926 95.5933 
1927 95.5846 
1928 95.5815 
1929 95.5837 
1930 95.5911 
1931 95.6036 
1932 95.6211 
1933 95.6433 
1934 95.6702 
1935 95.7016 
1936 95.7374 
1937 95.7775 
1938 95.8216 
1939 95.8697 
1940 95.9216 
1941 95.9772 
1942 96.0363 
1943 96.0987 
1944 96.1644 
1945 96.2332 
1946 96.3049 
1947 96.3793 
1948 96.4565 
1949 96.5361 
1950 96.618 
1951 96.7022 
1952 96.7885 
1953 96.8769 
1954 96.9674 
1955 97.0599 
1956 97.1545 
1957 97.251 
1958 97.3494 
1959 97.4497 
1960 97.5519 
1961 97.6558 
1962 97.7616 
1963 97.8691 
1964 97.9782 
1965 98.0891 
1966 98.2015 
1967 98.3155 
1968 98.4311 
1969 98.5482 
1970 98.6667 
1971 98.7866 
1972 98.9079 
1973 99.0306 
1974 99.1545 
1975 99.2797 
1976 99.4062 
1977 99.5338 
1978 99.6625 
1979 99.7923 
1980 99.9232 
1981 100.055 
1982 100.188 
1983 100.322 
1984 100.456 
1985 100.592 
1986 100.728 
1987 100.865 
1988 101.003 
1989 101.141 
1990 101.28 
1991 101.42 
1992 101.56 
1993 101.701 
1994 101.842 
1995 101.983 
1996 102.125 
1997 102.267 
1998 102.409 
1999 102.552 
2000 102.695 
