2 1018.46 0.0256116 0.117623 
3 962.941 0.0575604 0.276106 
4 907.817 0.0969033 0.472876 
5 866.398 0.142798 0.705512 
6 837.524 0.194545 0.971698 
7 818.544 0.251571 1.26947 
8 807.101 0.313345 1.59709 
9 800.824 0.379024 1.95183 
10 799.81 0.449018 2.33556 
11 801.322 0.521825 2.74313 
12 805.351 0.597294 3.17554 
13 810.612 0.674115 3.62724 
14 817.941 0.752957 4.10288 
15 827.154 0.833663 4.60335 
16 836.181 0.912941 5.1141 
17 845.594 0.99091 5.63751 
18 856.423 1.06916 6.18332 
19 868.941 1.1485 6.75726 
20 882.46 1.22755 7.35414 
21 895.713 1.30267 7.95724 
22 908.824 1.3733 8.56546 
23 922.219 1.44008 9.18364 
24 936.1 1.50331 9.81489 
25 950.403 1.56244 10.4582 
26 964.897 1.61618 11.1086 
27 979.681 1.6645 11.7676 
28 994.858 1.70759 12.4375 
29 1010.39 1.745 13.1174 
30 1026.05 1.77534 13.8016 
31 1041.59 1.79649 14.4807 
32 1057.1 1.80836 15.1554 
33 1072.76 1.81159 15.83 
34 1088.72 1.80684 16.509 
35 1105.09 1.79478 17.1966 
36 1121.93 1.77585 17.8962 
37 1139.26 1.75024 18.6096 
38 1157.02 1.7176 19.3359 
39 1175.09 1.67695 20.071 
40 1193.29 1.62637 20.8061 
41 1211.41 1.5635 21.5299 
42 1229.48 1.48793 22.2411 
43 1247.58 1.39991 22.9414 
44 1265.75 1.29971 23.6328 
45 1284.07 1.1876 24.317 
46 1302.56 1.06379 24.9955 
47 1321.24 0.928426 25.6693 
48 1340.14 0.781479 26.3386 
49 1359.23 0.62273 27.0024 
50 1378.5 0.451677 27.6585 
51 1397.9 0.267727 28.3039 
52 1417.46 0.0710322 28.9394 
53 1437.22 -0.138043 29.5669 
54 1457.19 -0.359169 30.1877 
55 1477.41 -0.592084 30.8032 
56 1497.87 -0.836624 31.4138 
57 1518.58 -1.09276 32.0193 
58 1539.53 -1.36064 32.6186 
59 1560.7 -1.64063 33.2094 
60 1582.05 -1.93338 33.7879 
61 1603.56 -2.23958 34.3498 
62 1625.22 -2.5591 34.8953 
63 1647.08 -2.89159 35.4254 
64 1669.13 -3.23669 35.9412 
65 1691.4 -3.59408 36.4436 
66 1713.9 -3.96346 36.9331 
67 1736.62 -4.3446 37.41 
68 1759.58 -4.73736 37.874 
69 1782.76 -5.14167 38.3243 
70 1806.16 -5.55759 38.7596 
71 1829.76 -5.9852 39.1782 
72 1853.58 -6.42418 39.5806 
73 1877.62 -6.87407 39.9677 
74 1901.9 -7.33448 40.3403 
75 1926.42 -7.80503 40.6989 
76 1951.18 -8.28538 41.0438 
77 1976.18 -8.77526 41.3749 
78 2001.43 -9.27445 41.6917 
79 2026.91 -9.78285 41.993 
80 2052.62 -10.3004 42.2774 
81 2078.54 -10.8272 42.5432 
82 2104.68 -11.3626 42.7907 
83 2131.05 -11.9064 43.0207 
84 2157.65 -12.4578 43.234 
85 2184.48 -13.0166 43.4313 
86 2211.56 -13.5821 43.6128 
87 2238.87 -14.1541 43.7788 
88 2266.41 -14.7321 43.9292 
89 2294.19 -15.3158 44.0636 
90 2322.18 -15.9049 44.1813 
91 2350.4 -16.4992 44.2814 
92 2378.83 -17.0982 44.3644 
93 2407.49 -17.7014 44.4307 
94 2436.36 -18.3082 44.4809 
95 2465.45 -18.9182 44.5151 
96 2494.75 -19.5309 44.5336 
97 2524.27 -20.1459 44.536 
98 2553.99 -20.7628 44.5219 
99 2583.9 -21.3814 44.4907 
100 2614.01 -22.0013 44.4412 
101 2644.29 -22.6222 44.3724 
102 2674.75 -23.2437 44.285 
103 2705.39 -23.8649 44.18 
104 2736.21 -24.4854 44.0585 
105 2767.22 -25.1043 43.9216 
106 2798.41 -25.7212 43.7704 
107 2829.78 -26.3352 43.6056 
108 2861.33 -26.9459 43.4284 
109 2893.05 -27.5525 43.2393 
110 2924.94 -28.1545 43.0393 
111 2957.01 -28.7514 42.8289 
112 2989.23 -29.3424 42.6085 
113 3021.61 -29.9272 42.3785 
114 3054.14 -30.5052 42.139 
115 3086.81 -31.076 41.8899 
116 3119.6 -31.6391 41.631 
117 3152.52 -32.1941 41.3616 
118 3185.54 -32.7407 41.0811 
119 3218.65 -33.2786 40.7883 
120 3251.84 -33.8076 40.4818 
121 3285.1 -34.3275 40.1603 
122 3318.42 -34.8376 39.8244 
123 3351.8 -35.3375 39.4748 
124 3385.23 -35.8264 39.1126 
125 3418.7 -36.3039 38.7387 
126 3452.22 -36.7692 38.3539 
127 3485.78 -37.2219 37.9591 
128 3519.36 -37.6614 37.5551 
129 3552.98 -38.0871 37.1427 
130 3586.61 -38.4985 36.7226 
131 3620.25 -38.8951 36.2955 
132 3653.89 -39.2763 35.862 
133 3687.53 -39.6416 35.4225 
134 3721.15 -39.9907 34.9774 
135 3754.74 -40.323 34.5272 
136 3788.3 -40.6382 34.0719 
137 3821.82 -40.9358 33.6116 
138 3855.27 -41.2155 33.1464 
139 3888.66 -41.4769 32.6758 
140 3921.97 -41.7198 32.1997 
141 3955.17 -41.9438 31.7176 
142 3988.28 -42.1485 31.2303 
143 4021.28 -42.3335 30.7385 
144 4054.16 -42.4982 30.2432 
145 4086.92 -42.6424 29.7451 
146 4119.54 -42.7655 29.2451 
147 4152.03 -42.8673 28.7437 
148 4184.36 -42.9472 28.2418 
149 4216.55 -43.005 27.74 
150 4248.56 -43.0404 27.2389 
151 4280.41 -43.0529 26.7389 
152 4312.06 -43.0423 26.2406 
153 4343.53 -43.0083 25.7444 
154 4374.79 -42.9507 25.2504 
155 4405.84 -42.8693 24.759 
156 4436.66 -42.7637 24.2702 
157 4467.25 -42.634 23.784 
158 4497.59 -42.4798 23.3004 
159 4527.68 -42.3011 22.819 
160 4557.49 -42.0978 22.3396 
161 4587.02 -41.8697 21.8618 
162 4616.25 -41.6168 21.3862 
163 4645.19 -41.3388 20.9134 
164 4673.83 -41.0356 20.4443 
165 4702.15 -40.7069 19.9794 
166 4730.15 -40.3527 19.5195 
167 4757.82 -39.9728 19.065 
168 4785.15 -39.567 18.6167 
169 4812.14 -39.1354 18.1751 
170 4838.77 -38.6778 17.7406 
171 4865.04 -38.1942 17.3137 
172 4890.94 -37.6846 16.8948 
173 4916.46 -37.1488 16.4842 
174 4941.59 -36.587 16.0823 
175 4966.32 -35.9992 15.6893 
176 4990.65 -35.3854 15.3053 
177 5014.56 -34.7456 14.9303 
178 5038.05 -34.08 14.5645 
179 5061.11 -33.3887 14.2078 
180 5083.72 -32.6718 13.8598 
181 5105.87 -31.9294 13.5207 
182 5127.57 -31.1617 13.1907 
183 5148.8 -30.3687 12.8705 
184 5169.56 -29.5506 12.5604 
185 5189.84 -28.7076 12.2611 
186 5209.64 -27.8398 11.9728 
187 5228.94 -26.9473 11.6962 
188 5247.76 -26.0305 11.4314 
189 5266.06 -25.0894 11.1789 
190 5283.86 -24.1243 10.939 
191 5301.15 -23.1355 10.712 
192 5317.92 -22.1232 10.498 
193 5334.16 -21.0877 10.2972 
194 5349.87 -20.0294 10.1097 
195 5365.04 -18.9484 9.9356 
196 5379.67 -17.8451 9.7749 
197 5393.75 -16.7199 9.62753 
198 5407.27 -15.5731 9.49336 
199 5420.24 -14.4052 9.3722 
200 5432.63 -13.2164 9.2638 
201 5444.46 -12.0073 9.16794 
202 5455.71 -10.7781 9.08489 
203 5466.38 -9.52932 9.01501 
204 5476.48 -8.26138 8.95865 
205 5485.98 -6.9747 8.91615 
206 5494.9 -5.66971 8.88779 
207 5503.23 -4.34688 8.87388 
208 5510.97 -3.00668 8.87466 
209 5518.12 -1.64958 8.89036 
210 5524.67 -0.276084 8.92119 
211 5530.62 1.11331 8.96733 
212 5535.97 2.5181 9.0289 
213 5540.73 3.93774 9.10603 
214 5544.87 5.37172 9.19878 
215 5548.42 6.81949 9.30719 
216 5551.35 8.28049 9.43127 
217 5553.68 9.75418 9.57096 
218 5555.4 11.24 9.7262 
219 5556.52 12.7373 9.89684 
220 5557.02 14.2456 10.0827 
221 5556.91 15.7643 10.2836 
222 5556.2 17.2927 10.4993 
223 5554.87 18.8304 10.7294 
224 5552.93 20.3766 10.9735 
225 5550.38 21.9308 11.2313 
226 5547.22 23.4923 11.5023 
227 5543.46 25.0605 11.7865 
228 5539.08 26.6348 12.0842 
229 5534.1 28.2144 12.3952 
230 5528.51 29.7987 12.7198 
231 5522.33 31.387 13.058 
232 5515.54 32.9786 13.4098 
233 5508.15 34.5728 13.7752 
234 5500.18 36.1689 14.1542 
235 5491.6 37.7662 14.5468 
236 5482.45 39.3641 14.953 
237 5472.7 40.9618 15.3726 
238 5462.38 42.5587 15.8057 
239 5451.47 44.154 16.252 
240 5439.99 45.7471 16.7115 
241 5427.95 47.3373 17.1839 
242 5415.33 48.9239 17.6691 
243 5402.16 50.5062 18.1668 
244 5388.43 52.0836 18.6768 
245 5374.15 53.6553 19.1989 
246 5359.33 55.2208 19.7326 
247 5343.96 56.7794 20.2778 
248 5328.06 58.3304 20.8339 
249 5311.63 59.8732 21.4005 
250 5294.68 61.4073 21.9773 
251 5277.22 62.9319 22.5638 
252 5259.24 64.4463 23.1598 
253 5240.76 65.9499 23.7653 
254 5221.78 67.4417 24.3801 
255 5202.31 68.9212 25.004 
256 5182.35 70.3875 25.637 
257 5161.91 71.8399 26.2789 
258 5140.99 73.2777 26.9294 
259 5119.61 74.7001 27.5885 
260 5097.77 76.1066 28.2558 
261 5075.47 77.4963 28.9313 
262 5052.73 78.8685 29.6145 
263 5029.55 80.2227 30.3055 
264 5005.94 81.5582 31.0037 
265 4981.91 82.8742 31.709 
266 4957.46 84.1703 32.4211 
267 4932.6 85.4457 33.1397 
268 4907.35 86.6998 33.8643 
269 4881.71 87.9321 34.5948 
270 4855.69 89.1421 35.3307 
271 4829.3 90.3291 36.0716 
272 4802.54 91.4927 36.8171 
273 4775.44 92.6324 37.5669 
274 4748 93.7476 38.3204 
275 4720.22 94.838 39.0772 
276 4692.13 95.9031 39.8368 
277 4663.72 96.9423 40.599 
278 4635.01 97.9551 41.3636 
279 4606 98.9409 42.1302 
280 4576.71 99.8992 42.8987 
281 4547.15 100.829 43.6688 
282 4517.32 101.731 44.4401 
283 4487.23 102.604 45.2125 
284 4456.9 103.447 45.9857 
285 4426.34 104.26 46.7593 
286 4395.54 105.043 47.5331 
287 4364.54 105.796 48.3068 
288 4333.33 106.517 49.08 
289 4301.92 107.207 49.8525 
290 4270.34 107.866 50.6239 
291 4238.58 108.493 51.3939 
292 4206.67 109.087 52.1622 
293 4174.6 109.649 52.9284 
294 4142.4 110.179 53.6922 
295 4110.08 110.677 54.4532 
296 4077.65 111.141 55.211 
297 4045.12 111.573 55.9654 
298 4012.5 111.972 56.7158 
299 3979.81 112.339 57.4619 
300 3947.05 112.673 58.2034 
301 3914.25 112.975 58.9398 
302 3881.41 113.243 59.6709 
303 3848.54 113.478 60.3963 
304 3815.65 113.68 61.1159 
305 3782.74 113.847 61.8294 
306 3749.81 113.98 62.5366 
307 3716.89 114.078 63.2371 
308 3683.98 114.141 63.9308 
309 3651.08 114.169 64.6173 
310 3618.2 114.161 65.2965 
311 3585.35 114.116 65.9681 
312 3552.54 114.036 66.6318 
313 3519.78 113.919 67.2874 
314 3487.07 113.765 67.9346 
315 3454.42 113.575 68.5733 
316 3421.85 113.347 69.2031 
317 3389.36 113.082 69.8239 
318 3356.95 112.78 70.4353 
319 3324.64 112.441 71.0373 
320 3292.43 112.064 71.6295 
321 3260.33 111.649 72.2117 
322 3228.36 111.197 72.7837 
323 3196.51 110.708 73.3453 
324 3164.81 110.181 73.8962 
325 3133.24 109.617 74.4364 
326 3101.84 109.016 74.9655 
327 3070.59 108.377 75.4833 
328 3039.52 107.702 75.9897 
329 3008.63 106.99 76.4845 
330 2977.93 106.242 76.9675 
331 2947.43 105.457 77.4385 
332 2917.13 104.637 77.8973 
333 2887.05 103.781 78.3437 
334 2857.19 102.891 78.7777 
335 2827.57 101.965 79.199 
336 2798.19 101.006 79.6075 
337 2769.06 100.013 80.003 
338 2740.19 98.9865 80.3855 
339 2711.59 97.9279 80.7547 
340 2683.27 96.8375 81.1106 
341 2655.24 95.716 81.453 
342 2627.5 94.5642 81.7819 
343 2600.07 93.3828 82.0971 
344 2572.95 92.1727 82.3985 
345 2546.16 90.9348 82.6861 
346 2519.7 89.67 82.9598 
347 2493.58 88.3793 83.2195 
348 2467.81 87.0637 83.4651 
349 2442.41 85.7244 83.6967 
350 2417.37 84.3625 83.9142 
351 2392.72 82.979 84.1176 
352 2368.45 81.5744 84.3066 
353 2344.56 80.149 84.4813 
354 2321.06 78.703 84.6416 
355 2297.96 77.2367 84.7872 
356 2275.25 75.7506 84.9181 
357 2252.95 74.2448 85.0342 
358 2231.04 72.7198 85.1355 
359 2209.54 71.176 85.2218 
360 2188.45 69.6137 85.2931 
361 2167.76 68.0332 85.3493 
362 2147.49 66.4351 85.3903 
363 2127.63 64.8197 85.4162 
364 2108.19 63.1875 85.4268 
365 2089.17 61.5389 85.4221 
366 2070.57 59.8743 85.4022 
367 2052.39 58.1944 85.3669 
368 2034.63 56.4996 85.3163 
369 2017.3 54.7904 85.2504 
370 2000.4 53.0673 85.1693 
371 1983.92 51.3309 85.0728 
372 1967.88 49.5818 84.9611 
373 1952.26 47.8205 84.8342 
374 1937.07 46.0477 84.6921 
375 1922.32 44.2639 84.5349 
376 1908 42.4699 84.3628 
377 1894.11 40.6662 84.1756 
378 1880.65 38.8537 83.9737 
379 1867.63 37.0328 83.757 
380 1855.04 35.2045 83.5258 
381 1842.89 33.3693 83.28 
382 1831.16 31.5281 83.0199 
383 1819.87 29.6816 82.7457 
384 1809.01 27.8307 82.4574 
385 1798.58 25.9761 82.1553 
386 1788.59 24.1187 81.8396 
387 1779.02 22.2594 81.5104 
388 1769.88 20.3989 81.1681 
389 1761.16 18.5383 80.8128 
390 1752.88 16.6784 80.4448 
391 1745.01 14.8202 80.0644 
392 1737.57 12.9646 79.6718 
393 1730.55 11.1126 79.2673 
394 1723.94 9.26531 78.8514 
395 1717.76 7.42368 78.4242 
396 1711.98 5.58877 77.9861 
397 1706.62 3.76167 77.5375 
398 1701.66 1.94348 77.0788 
399 1697.11 0.135335 76.6104 
400 1692.97 -1.66162 76.1327 
401 1689.22 -3.44632 75.646 
402 1685.87 -5.21811 75.1506 
403 1682.91 -6.97645 74.6464 
404 1680.34 -8.72082 74.1338 
405 1678.17 -10.4507 73.6126 
406 1676.38 -12.1655 73.0832 
407 1674.97 -13.8647 72.5456 
408 1673.95 -15.5478 71.9999 
409 1673.3 -17.2143 71.4463 
410 1673.02 -18.8636 70.8849 
411 1673.12 -20.4952 70.3158 
412 1673.58 -22.1086 69.7393 
413 1674.41 -23.7034 69.1555 
414 1675.59 -25.2789 68.5645 
415 1677.13 -26.8346 67.9666 
416 1679.02 -28.3701 67.3618 
417 1681.26 -29.8849 66.7504 
418 1683.83 -31.3785 66.1325 
419 1686.75 -32.8504 65.5084 
420 1689.99 -34.3 64.8782 
421 1693.56 -35.727 64.2422 
422 1697.45 -37.1308 63.6005 
423 1701.66 -38.5111 62.9534 
424 1706.18 -39.8672 62.3011 
425 1711 -41.1988 61.6438 
426 1716.11 -42.5054 60.9817 
427 1721.52 -43.7866 60.3152 
428 1727.22 -45.042 59.6444 
429 1733.19 -46.2711 58.9696 
430 1739.44 -47.4735 58.2911 
431 1745.95 -48.6488 57.609 
432 1752.72 -49.7966 56.9238 
433 1759.74 -50.9165 56.2357 
434 1767 -52.0081 55.5449 
435 1774.5 -53.071 54.8518 
436 1782.23 -54.105 54.1566 
437 1790.17 -55.1096 53.4597 
438 1798.33 -56.0844 52.7614 
439 1806.7 -57.0292 52.062 
440 1815.25 -57.9437 51.3619 
441 1823.99 -58.8275 50.6613 
442 1832.92 -59.6803 49.9607 
443 1842 -60.5018 49.2603 
444 1851.25 -61.2918 48.5606 
445 1860.65 -62.05 47.8619 
446 1870.18 -62.7761 47.1646 
447 1879.85 -63.47 46.4691 
448 1889.63 -64.1314 45.7757 
449 1899.53 -64.76 45.0849 
450 1909.52 -65.3558 44.3971 
451 1919.6 -65.9184 43.7126 
452 1929.77 -66.4478 43.0318 
453 1940.01 -66.9438 42.3546 
454 1950.34 -67.4061 41.6814 
455 1960.73 -67.8346 41.0124 
456 1971.19 -68.2292 40.3476 
457 1981.72 -68.5898 39.6872 
458 1992.31 -68.9162 39.0316 
459 2002.95 -69.2085 38.3807 
460 2013.64 -69.4664 37.7348 
461 2024.38 -69.6901 37.0941 
462 2035.16 -69.8793 36.4587 
463 2045.97 -70.0342 35.8289 
464 2056.82 -70.1546 35.2047 
465 2067.7 -70.2407 34.5864 
466 2078.59 -70.2925 33.9741 
467 2089.51 -70.31 33.368 
468 2100.43 -70.2934 32.7682 
469 2111.37 -70.2427 32.175 
470 2122.3 -70.158 31.5885 
471 2133.23 -70.0395 31.0089 
472 2144.15 -69.8874 30.4362 
473 2155.06 -69.7018 29.8708 
474 2165.94 -69.483 29.3127 
475 2176.8 -69.2311 28.7621 
476 2187.62 -68.9466 28.2191 
477 2198.41 -68.6295 27.684 
478 2209.16 -68.2804 27.1568 
479 2219.85 -67.8993 26.6377 
480 2230.48 -67.4869 26.1269 
481 2241.06 -67.0433 25.6245 
482 2251.56 -66.5691 25.1307 
483 2261.99 -66.0647 24.6456 
484 2272.33 -65.5304 24.1693 
485 2282.59 -64.967 23.7019 
486 2292.75 -64.3747 23.2437 
487 2302.81 -63.7543 22.7948 
488 2312.76 -63.1062 22.3552 
489 2322.59 -62.4312 21.9251 
490 2332.3 -61.7297 21.5046 
491 2341.88 -61.0026 21.0939 
492 2351.31 -60.2505 20.6931 
493 2360.61 -59.4741 20.3022 
494 2369.75 -58.6742 19.9215 
495 2378.73 -57.8516 19.5509 
496 2387.54 -57.0072 19.1907 
497 2396.17 -56.1418 18.8409 
498 2404.62 -55.2562 18.5016 
499 2412.88 -54.3516 18.1729 
500 2420.94 -53.4287 17.8549 
501 2428.79 -52.4885 17.5478 
502 2436.43 -51.5315 17.2515 
503 2443.86 -50.5579 16.9661 
504 2451.08 -49.568 16.6917 
505 2458.09 -48.5621 16.4285 
506 2464.89 -47.5407 16.1763 
507 2471.47 -46.504 15.9353 
508 2477.84 -45.4524 15.7056 
509 2484 -44.3863 15.4871 
510 2489.94 -43.3061 15.2799 
511 2495.67 -42.2123 15.0841 
512 2501.18 -41.1052 14.8997 
513 2506.48 -39.9852 14.7266 
514 2511.56 -38.853 14.5649 
515 2516.42 -37.7088 14.4147 
516 2521.06 -36.5533 14.2759 
517 2525.49 -35.3869 14.1485 
518 2529.7 -34.2101 14.0326 
519 2533.68 -33.0235 13.928 
520 2537.45 -31.8277 13.8348 
521 2541 -30.6231 13.753 
522 2544.33 -29.4105 13.6826 
523 2547.44 -28.1904 13.6234 
524 2550.33 -26.9634 13.5755 
525 2553 -25.7302 13.5388 
526 2555.45 -24.4915 13.5133 
527 2557.68 -23.2478 13.4988 
528 2559.68 -22 13.4954 
529 2561.47 -20.7488 13.5029 
530 2563.03 -19.4948 13.5212 
531 2564.37 -18.2389 13.5503 
532 2565.49 -16.9818 13.5901 
533 2566.38 -15.7243 13.6404 
534 2567.06 -14.4673 13.7011 
535 2567.51 -13.2115 13.7722 
536 2567.74 -11.9578 13.8534 
537 2567.75 -10.7072 13.9447 
538 2567.54 -9.46043 14.0459 
539 2567.1 -8.21852 14.1568 
540 2566.44 -6.9824 14.2773 
541 2565.57 -5.75301 14.4071 
542 2564.47 -4.53136 14.5462 
543 2563.14 -3.31846 14.6943 
544 2561.6 -2.11533 14.8512 
545 2559.84 -0.923035 15.0167 
546 2557.85 0.257341 15.1906 
547 2555.65 1.4247 15.3727 
548 2553.23 2.5779 15.5626 
549 2550.58 3.7158 15.7603 
550 2547.72 4.83722 15.9653 
551 2544.64 5.94111 16.1775 
552 2541.34 7.02696 16.3968 
553 2537.83 8.09445 16.6231 
554 2534.11 9.14321 16.8564 
555 2530.18 10.1729 17.0965 
556 2526.05 11.1832 17.3434 
557 2521.71 12.1737 17.597 
558 2517.18 13.1441 17.8573 
559 2512.46 14.0941 18.1241 
560 2507.54 15.0233 18.3973 
561 2502.44 15.9314 18.6769 
562 2497.15 16.818 18.9627 
563 2491.69 17.6827 19.2546 
564 2486.04 18.5254 19.5526 
565 2480.23 19.3455 19.8564 
566 2474.24 20.1428 20.1661 
567 2468.09 20.9169 20.4813 
568 2461.78 21.6675 20.8021 
569 2455.31 22.3942 21.1283 
570 2448.68 23.0968 21.4596 
571 2441.91 23.7748 21.7961 
572 2434.99 24.428 22.1374 
573 2427.93 25.056 22.4836 
574 2420.74 25.6585 22.8343 
575 2413.41 26.2352 23.1894 
576 2405.96 26.7857 23.5488 
577 2398.38 27.3097 23.9122 
578 2390.68 27.8069 24.2795 
579 2382.87 28.277 24.6505 
580 2374.95 28.7196 25.0249 
581 2366.93 29.1345 25.4026 
582 2358.81 29.5212 25.7834 
583 2350.59 29.8796 26.1669 
584 2342.28 30.2093 26.5531 
585 2333.89 30.5099 26.9416 
586 2325.42 30.7812 27.3322 
587 2316.87 31.0229 27.7248 
588 2308.26 31.2346 28.1189 
589 2299.58 31.4161 28.5144 
590 2290.85 31.5671 28.911 
591 2282.06 31.6873 29.3084 
592 2273.23 31.7763 29.7064 
593 2264.36 31.834 30.1046 
594 2255.45 31.8599 30.5028 
595 2246.51 31.8539 30.9006 
596 2237.55 31.8156 31.2977 
597 2228.57 31.7448 31.6939 
598 2219.58 31.6413 32.0887 
599 2210.58 31.5046 32.4819 
600 2201.59 31.3346 32.8732 
601 2192.6 31.1311 33.2621 
602 2183.62 30.894 33.6487 
603 2174.66 30.6234 34.0327 
604 2165.71 30.3193 34.4141 
605 2156.78 29.982 34.7928 
606 2147.87 29.6114 35.1688 
607 2138.99 29.2076 35.5418 
608 2130.14 28.7708 35.9119 
609 2121.33 28.3011 36.2789 
610 2112.54 27.7987 36.6428 
611 2103.8 27.2636 37.0033 
612 2095.1 26.6962 37.3606 
613 2086.44 26.0965 37.7143 
614 2077.84 25.4647 38.0645 
615 2069.28 24.8012 38.411 
616 2060.79 24.106 38.7537 
617 2052.35 23.3795 39.0926 
618 2043.97 22.6219 39.4274 
619 2035.67 21.8334 39.7582 
620 2027.43 21.0145 40.0848 
621 2019.27 20.1653 40.4071 
622 2011.18 19.2861 40.725 
623 2003.18 18.3774 41.0383 
624 1995.26 17.4395 41.3471 
625 1987.43 16.4727 41.651 
626 1979.69 15.4774 41.9501 
627 1972.05 14.454 42.2443 
628 1964.51 13.4029 42.5333 
629 1957.08 12.3247 42.8172 
630 1949.76 11.2196 43.0957 
631 1942.54 10.0882 43.3688 
632 1935.45 8.93103 43.6363 
633 1928.47 7.74851 43.8981 
634 1921.62 6.54119 44.1541 
635 1914.9 5.30962 44.4042 
636 1908.32 4.05436 44.6483 
637 1901.87 2.77598 44.8861 
638 1895.56 1.47508 45.1177 
639 1889.4 0.152293 45.3428 
640 1883.39 -1.19176 45.5614 
641 1877.54 -2.55641 45.7733 
642 1871.84 -3.94098 45.9783 
643 1866.31 -5.34478 46.1764 
644 1860.95 -6.76708 46.3674 
645 1855.76 -8.20714 46.5512 
646 1850.75 -9.6642 46.7276 
647 1845.92 -11.1375 46.8966 
648 1841.28 -12.6262 47.0579 
649 1836.83 -14.1294 47.2114 
650 1832.57 -15.6464 47.357 
651 1828.52 -17.1764 47.4946 
652 1824.67 -18.7188 47.6242 
653 1821.02 -20.2733 47.7456 
654 1817.57 -21.8394 47.859 
655 1814.32 -23.4167 47.9642 
656 1811.27 -25.0047 48.0614 
657 1808.42 -26.603 48.1505 
658 1805.78 -28.2112 48.2314 
659 1803.33 -29.8287 48.3043 
660 1801.08 -31.455 48.3691 
661 1799.03 -33.0897 48.4257 
662 1797.18 -34.7323 48.4743 
663 1795.53 -36.3821 48.5148 
664 1794.07 -38.0387 48.5473 
665 1792.82 -39.7015 48.5717 
666 1791.76 -41.37 48.588 
667 1790.9 -43.0435 48.5964 
668 1790.23 -44.7216 48.5968 
669 1789.77 -46.4035 48.5892 
670 1789.49 -48.0886 48.5736 
671 1789.41 -49.7764 48.5502 
672 1789.53 -51.4662 48.5189 
673 1789.84 -53.1573 48.4797 
674 1790.34 -54.8491 48.4328 
675 1791.04 -56.5408 48.3781 
676 1791.93 -58.2318 48.3156 
677 1793.01 -59.9214 48.2455 
678 1794.27 -61.6088 48.1678 
679 1795.73 -63.2933 48.0825 
680 1797.38 -64.9742 47.9897 
681 1799.22 -66.6506 47.8895 
682 1801.24 -68.3218 47.7818 
683 1803.46 -69.987 47.6668 
684 1805.85 -71.6453 47.5445 
685 1808.43 -73.296 47.4151 
686 1811.2 -74.9382 47.2785 
687 1814.15 -76.571 47.1349 
688 1817.28 -78.1935 46.9843 
689 1820.6 -79.8049 46.8268 
690 1824.09 -81.4043 46.6625 
691 1827.76 -82.9907 46.4916 
692 1831.61 -84.5631 46.314 
693 1835.64 -86.1207 46.1298 
694 1839.85 -87.6624 45.9393 
695 1844.23 -89.1873 45.7424 
696 1848.78 -90.6944 45.5394 
697 1853.5 -92.1825 45.3302 
698 1858.4 -93.6507 45.1151 
699 1863.47 -95.098 44.894 
700 1868.71 -96.5231 44.6673 
701 1874.11 -97.9253 44.4349 
702 1879.68 -99.3039 44.1969 
703 1885.41 -100.659 43.9535 
704 1891.3 -101.99 43.7047 
705 1897.34 -103.296 43.4505 
706 1903.54 -104.577 43.191 
707 1909.88 -105.834 42.9264 
708 1916.37 -107.065 42.6567 
709 1923.01 -108.271 42.382 
710 1929.78 -109.45 42.1024 
711 1936.68 -110.603 41.8179 
712 1943.72 -111.73 41.5287 
713 1950.89 -112.829 41.2349 
714 1958.18 -113.901 40.9365 
715 1965.59 -114.946 40.6337 
716 1973.12 -115.962 40.3266 
717 1980.76 -116.951 40.0152 
718 1988.51 -117.911 39.6997 
719 1996.37 -118.842 39.3802 
720 2004.33 -119.744 39.0569 
721 2012.39 -120.616 38.7298 
722 2020.54 -121.459 38.399 
723 2028.78 -122.272 38.0647 
724 2037.11 -123.054 37.7271 
725 2045.51 -123.805 37.3861 
726 2054 -124.526 37.0421 
727 2062.56 -125.215 36.6951 
728 2071.19 -125.872 36.3452 
729 2079.88 -126.498 35.9927 
730 2088.63 -127.091 35.6376 
731 2097.44 -127.652 35.2801 
732 2106.3 -128.18 34.9203 
733 2115.2 -128.675 34.5585 
734 2124.15 -129.136 34.1948 
735 2133.14 -129.564 33.8293 
736 2142.15 -129.957 33.4622 
737 2151.2 -130.316 33.0937 
738 2160.27 -130.641 32.7239 
739 2169.35 -130.931 32.3531 
740 2178.45 -131.185 31.9814 
741 2187.56 -131.404 31.609 
742 2196.67 -131.587 31.2361 
743 2205.78 -131.734 30.8629 
744 2214.88 -131.845 30.4896 
745 2223.97 -131.919 30.1164 
746 2233.04 -131.956 29.7435 
747 2242.09 -131.955 29.371 
748 2251.11 -131.918 28.9993 
749 2260.1 -131.842 28.6285 
750 2269.04 -131.729 28.2589 
751 2277.95 -131.577 27.8906 
752 2286.8 -131.387 27.5237 
753 2295.61 -131.159 27.1584 
754 2304.36 -130.892 26.7947 
755 2313.06 -130.589 26.4326 
756 2321.7 -130.247 26.0723 
757 2330.28 -129.868 25.7138 
758 2338.79 -129.452 25.3571 
759 2347.24 -128.999 25.0025 
760 2355.61 -128.508 24.6499 
761 2363.92 -127.982 24.2993 
762 2372.15 -127.419 23.951 
763 2380.29 -126.819 23.605 
764 2388.36 -126.184 23.2613 
765 2396.34 -125.513 22.9201 
766 2404.24 -124.807 22.5814 
767 2412.04 -124.066 22.2453 
768 2419.75 -123.29 21.9118 
769 2427.36 -122.479 21.5812 
770 2434.86 -121.634 21.2533 
771 2442.27 -120.756 20.9285 
772 2449.57 -119.844 20.6066 
773 2456.76 -118.899 20.2879 
774 2463.83 -117.922 19.9723 
775 2470.79 -116.912 19.6601 
776 2477.63 -115.87 19.3512 
777 2484.34 -114.797 19.0458 
778 2490.93 -113.693 18.744 
779 2497.38 -112.558 18.4458 
780 2503.7 -111.393 18.1513 
781 2509.89 -110.199 17.8607 
782 2515.93 -108.975 17.574 
783 2521.83 -107.723 17.2913 
784 2527.58 -106.443 17.0128 
785 2533.18 -105.135 16.7385 
786 2538.62 -103.8 16.4685 
787 2543.91 -102.438 16.2029 
788 2549.03 -101.051 15.9418 
789 2553.98 -99.638 15.6854 
790 2558.77 -98.2007 15.4336 
791 2563.38 -96.7393 15.1867 
792 2567.81 -95.2544 14.9447 
793 2572.07 -93.7468 14.7077 
794 2576.14 -92.2172 14.4759 
795 2580.01 -90.6661 14.2493 
796 2583.7 -89.0943 14.028 
797 2587.19 -87.5026 13.8122 
798 2590.48 -85.8916 13.602 
799 2593.56 -84.2622 13.3974 
800 2596.43 -82.6151 13.1986 
801 2599.1 -80.951 13.0056 
802 2601.54 -79.2704 12.8186 
803 2603.78 -77.5738 12.6374 
804 2605.81 -75.8616 12.4622 
805 2607.62 -74.1343 12.2929 
806 2609.22 -72.3924 12.1294 
807 2610.6 -70.6363 11.9719 
808 2611.78 -68.8665 11.8203 
809 2612.74 -67.0836 11.6746 
810 2613.5 -65.288 11.5349 
811 2614.04 -63.4802 11.401 
812 2614.37 -61.6609 11.273 
813 2614.49 -59.8305 11.1509 
814 2614.4 -57.9897 11.0347 
815 2614.1 -56.1389 10.9244 
816 2613.59 -54.2788 10.8199 
817 2612.87 -52.4099 10.7213 
818 2611.94 -50.5329 10.6285 
819 2610.8 -48.6484 10.5415 
820 2609.46 -46.757 10.4603 
821 2607.9 -44.8593 10.3849 
822 2606.14 -42.956 10.3153 
823 2604.17 -41.0477 10.2515 
824 2601.99 -39.1352 10.1933 
825 2599.61 -37.2191 10.1408 
826 2597.02 -35.3001 10.0941 
827 2594.23 -33.3789 10.0529 
828 2591.23 -31.4563 10.0174 
829 2588.02 -29.533 9.98745 
830 2584.62 -27.6097 9.96306 
831 2581 -25.6872 9.94419 
832 2577.19 -23.7663 9.9308 
833 2573.17 -21.8478 9.92286 
834 2568.95 -19.9324 9.92032 
835 2564.53 -18.0211 9.92315 
836 2559.91 -16.1145 9.9313 
837 2555.08 -14.2136 9.94474 
838 2550.06 -12.3192 9.96341 
839 2544.84 -10.4323 9.98726 
840 2539.42 -8.55355 10.0162 
841 2533.8 -6.684 10.0503 
842 2527.99 -4.82454 10.0894 
843 2521.97 -2.9761 10.1335 
844 2515.77 -1.1396 10.1825 
845 2509.36 0.683981 10.2364 
846 2502.77 2.49369 10.2951 
847 2495.98 4.28853 10.3585 
848 2488.99 6.0675 10.4265 
849 2481.82 7.8296 10.4992 
850 2474.45 9.57379 10.5765 
851 2466.9 11.2991 10.6582 
852 2459.15 13.0052 10.7443 
853 2451.22 14.6917 10.8347 
854 2443.11 16.3584 10.9295 
855 2434.82 18.0048 11.0285 
856 2426.35 19.6306 11.1318 
857 2417.71 21.2357 11.2391 
858 2408.9 22.8195 11.3505 
859 2399.93 24.3819 11.4659 
860 2390.78 25.9224 11.5853 
861 2381.48 27.4409 11.7085 
862 2372.02 28.9368 11.8355 
863 2362.4 30.41 11.9663 
864 2352.64 31.86 12.1007 
865 2342.72 33.2866 12.2386 
866 2332.66 34.6894 12.3801 
867 2322.45 36.0681 12.525 
868 2312.11 37.4224 12.6733 
869 2301.63 38.7519 12.8248 
870 2291.02 40.0562 12.9794 
871 2280.29 41.3352 13.1372 
872 2269.42 42.5883 13.2979 
873 2258.44 43.8152 13.4616 
874 2247.34 45.0157 13.6281 
875 2236.12 46.1894 13.7973 
876 2224.79 47.3359 13.9691 
877 2213.36 48.455 14.1434 
878 2201.82 49.5461 14.3202 
879 2190.18 50.6091 14.4993 
880 2178.45 51.6435 14.6805 
881 2166.62 52.6489 14.8639 
882 2154.71 53.6252 15.0493 
883 2142.71 54.5718 15.2365 
884 2130.63 55.4885 15.4256 
885 2118.48 56.3748 15.6162 
886 2106.25 57.2305 15.8084 
887 2093.95 58.0551 16.002 
888 2081.59 58.8484 16.1969 
889 2069.17 59.6099 16.393 
890 2056.69 60.3393 16.5901 
891 2044.16 61.0362 16.7881 
892 2031.58 61.7002 16.9868 
893 2018.96 62.3311 17.1862 
894 2006.3 62.9284 17.386 
895 1993.6 63.4917 17.5863 
896 1980.88 64.0207 17.7867 
897 1968.12 64.515 17.9872 
898 1955.35 64.9743 18.1876 
899 1942.56 65.3982 18.3878 
900 1929.75 65.7863 18.5875 
901 1916.94 66.1382 18.7868 
902 1904.12 66.4541 18.9855 
903 1891.3 66.7341 19.1835 
904 1878.47 66.9782 19.3808 
905 1865.65 67.1866 19.5774 
906 1852.83 67.3595 19.7731 
907 1840.03 67.4969 19.9681 
908 1827.23 67.5991 20.1621 
909 1814.44 67.6662 20.3551 
910 1801.67 67.6983 20.5471 
911 1788.92 67.6957 20.738 
912 1776.19 67.6585 20.9278 
913 1763.49 67.5869 21.1164 
914 1750.81 67.4812 21.3038 
915 1738.16 67.3415 21.4898 
916 1725.54 67.168 21.6745 
917 1712.96 66.961 21.8577 
918 1700.42 66.7207 22.0395 
919 1687.92 66.4474 22.2196 
920 1675.47 66.1413 22.3982 
921 1663.06 65.8026 22.575 
922 1650.7 65.4317 22.7502 
923 1638.4 65.0289 22.9234 
924 1626.15 64.5943 23.0948 
925 1613.97 64.1284 23.2643 
926 1601.84 63.6313 23.4317 
927 1589.79 63.1035 23.597 
928 1577.8 62.5453 23.7602 
929 1565.88 61.9569 23.9211 
930 1554.04 61.3388 24.0798 
931 1542.28 60.6913 24.236 
932 1530.6 60.0148 24.3898 
933 1519.01 59.3096 24.5411 
934 1507.5 58.5761 24.6897 
935 1496.09 57.8147 24.8357 
936 1484.77 57.0259 24.979 
937 1473.55 56.21 25.1194 
938 1462.44 55.3674 25.2568 
939 1451.43 54.4987 25.3913 
940 1440.53 53.6042 25.5227 
941 1429.74 52.6845 25.651 
942 1419.06 51.7398 25.776 
943 1408.51 50.7709 25.8977 
944 1398.08 49.7781 26.016 
945 1387.78 48.7619 26.1308 
946 1377.6 47.7229 26.2421 
947 1367.56 46.6616 26.3496 
948 1357.66 45.5785 26.4534 
949 1347.9 44.4742 26.5534 
950 1338.28 43.3491 26.6494 
951 1328.81 42.204 26.7414 
952 1319.49 41.0391 26.8294 
953 1310.32 39.8549 26.9134 
954 1301.3 38.6518 26.9933 
955 1292.43 37.4302 27.0692 
956 1283.71 36.1906 27.1411 
957 1275.13 34.9334 27.2089 
958 1266.71 33.659 27.2727 
959 1258.44 32.3679 27.3325 
960 1250.32 31.0605 27.3882 
961 1242.36 29.7374 27.4399 
962 1234.54 28.3991 27.4876 
963 1226.88 27.0459 27.5312 
964 1219.37 25.6785 27.5708 
965 1212.01 24.2973 27.6064 
966 1204.8 22.9029 27.638 
967 1197.75 21.4957 27.6656 
968 1190.85 20.0764 27.6892 
969 1184.11 18.6455 27.7088 
970 1177.51 17.2035 27.7244 
971 1171.08 15.7511 27.736 
972 1164.79 14.2887 27.7437 
973 1158.66 12.8171 27.7474 
974 1152.69 11.3367 27.7471 
975 1146.87 9.84825 27.7429 
976 1141.2 8.35235 27.7348 
977 1135.7 6.84961 27.7227 
978 1130.34 5.34068 27.7067 
979 1125.14 3.82622 27.6869 
980 1120.1 2.3069 27.6631 
981 1115.22 0.783385 27.6355 
982 1110.49 -0.743629 27.6041 
983 1105.92 -2.27345 27.5688 
984 1101.5 -3.80536 27.5296 
985 1097.24 -5.33864 27.4867 
986 1093.14 -6.87257 27.44 
987 1089.19 -8.40639 27.3895 
988 1085.41 -9.93936 27.3353 
989 1081.78 -11.4707 27.2773 
990 1078.3 -12.9996 27.2157 
991 1074.99 -14.5254 27.1503 
992 1071.83 -16.0472 27.0813 
993 1068.83 -17.5641 27.0087 
994 1065.99 -19.0755 26.9324 
995 1063.31 -20.5803 26.8525 
996 1060.78 -22.0779 26.7691 
997 1058.42 -23.5673 26.6821 
998 1056.21 -25.0476 26.5916 
999 1054.16 -26.5181 26.4976 
1000 1052.27 -27.9776 26.4001 
1001 1050.54 -29.4256 26.2993 
1002 1048.97 -30.8616 26.195 
1003 1047.55 -32.2853 26.0874 
1004 1046.28 -33.6964 25.9764 
1005 1045.17 -35.0947 25.8622 
1006 1044.2 -36.48 25.7448 
1007 1043.38 -37.8519 25.6242 
1008 1042.71 -39.2101 25.5005 
1009 1042.18 -40.5545 25.3737 
1010 1041.79 -41.8846 25.2438 
1011 1041.54 -43.2002 25.1109 
1012 1041.43 -44.5011 24.9751 
1013 1041.45 -45.7869 24.8365 
1014 1041.61 -47.0574 24.6949 
1015 1041.9 -48.3122 24.5506 
1016 1042.31 -49.551 24.4036 
1017 1042.85 -50.7736 24.2539 
1018 1043.52 -51.9797 24.1015 
1019 1044.31 -53.1689 23.9466 
1020 1045.22 -54.3409 23.7892 
1021 1046.24 -55.4955 23.6294 
1022 1047.39 -56.6323 23.4671 
1023 1048.64 -57.7511 23.3026 
1024 1050.01 -58.8514 23.1357 
1025 1051.48 -59.933 22.9667 
1026 1053.06 -60.9955 22.7956 
1027 1054.74 -62.0388 22.6224 
1028 1056.53 -63.0623 22.4471 
1029 1058.41 -64.0658 22.27 
1030 1060.39 -65.0489 22.091 
1031 1062.46 -66.0114 21.9102 
1032 1064.63 -66.9529 21.7277 
1033 1066.88 -67.873 21.5436 
1034 1069.22 -68.7715 21.3579 
1035 1071.64 -69.6479 21.1707 
1036 1074.14 -70.502 20.9821 
1037 1076.73 -71.3333 20.7921 
1038 1079.38 -72.1415 20.601 
1039 1082.11 -72.9264 20.4086 
1040 1084.92 -73.6875 20.2151 
1041 1087.78 -74.4244 20.0207 
1042 1090.72 -75.1368 19.8253 
1043 1093.71 -75.8244 19.6291 
1044 1096.77 -76.4868 19.4321 
1045 1099.88 -77.1236 19.2345 
1046 1103.05 -77.7344 19.0363 
1047 1106.26 -78.3189 18.8377 
1048 1109.53 -78.8767 18.6386 
1049 1112.84 -79.4074 18.4393 
1050 1116.19 -79.9107 18.2398 
1051 1119.58 -80.3862 18.0402 
1052 1123.01 -80.8339 17.8405 
1053 1126.47 -81.254 17.6408 
1054 1129.97 -81.6464 17.4411 
1055 1133.5 -82.0114 17.2416 
1056 1137.05 -82.349 17.0421 
1057 1140.64 -82.6593 16.8428 
1058 1144.24 -82.9424 16.6437 
1059 1147.87 -83.1984 16.4449 
1060 1151.52 -83.4276 16.2464 
1061 1155.19 -83.6298 16.0482 
1062 1158.88 -83.8054 15.8504 
1063 1162.57 -83.9545 15.653 
1064 1166.28 -84.0771 15.4562 
1065 1170 -84.1734 15.2598 
1066 1173.73 -84.2436 15.0641 
1067 1177.45 -84.2878 14.869 
1068 1181.19 -84.3062 14.6746 
1069 1184.92 -84.2989 14.4809 
1070 1188.65 -84.2662 14.288 
1071 1192.37 -84.2081 14.096 
1072 1196.09 -84.1249 13.9048 
1073 1199.79 -84.0167 13.7146 
1074 1203.49 -83.8838 13.5254 
1075 1207.17 -83.7262 13.3373 
1076 1210.83 -83.5443 13.1502 
1077 1214.47 -83.3383 12.9644 
1078 1218.09 -83.1082 12.7797 
1079 1221.69 -82.8545 12.5964 
1080 1225.26 -82.5772 12.4144 
1081 1228.8 -82.2766 12.2338 
1082 1232.31 -81.9529 12.0546 
1083 1235.78 -81.6064 11.877 
1084 1239.22 -81.2374 11.7009 
1085 1242.61 -80.846 11.5265 
1086 1245.97 -80.4325 11.3538 
1087 1249.28 -79.9972 11.1829 
1088 1252.54 -79.5403 11.0138 
1089 1255.75 -79.0622 10.8465 
1090 1258.9 -78.5631 10.6813 
1091 1262 -78.0433 10.518 
1092 1265.04 -77.503 10.3569 
1093 1268.02 -76.9427 10.1979 
1094 1270.94 -76.3625 10.0411 
1095 1273.79 -75.7628 9.88668 
1096 1276.57 -75.1439 9.73457 
1097 1279.27 -74.5062 9.58489 
1098 1281.9 -73.8499 9.43771 
1099 1284.45 -73.1754 9.2931 
1100 1286.92 -72.483 9.15114 
1101 1289.31 -71.7731 9.01188 
1102 1291.61 -71.046 8.87534 
1103 1293.83 -70.3021 8.74152 
1104 1295.96 -69.5416 8.61044 
1105 1298 -68.765 8.48208 
1106 1299.96 -67.9726 8.35646 
1107 1301.84 -67.1647 8.23357 
1108 1303.62 -66.3417 8.11343 
1109 1305.32 -65.5039 7.99602 
1110 1306.93 -64.6518 7.88135 
1111 1308.46 -63.7857 7.76943 
1112 1309.89 -62.9061 7.66026 
1113 1311.24 -62.0133 7.55383 
1114 1312.5 -61.1076 7.45015 
1115 1313.67 -60.1897 7.34921 
1116 1314.75 -59.2597 7.25102 
1117 1315.74 -58.3183 7.15558 
1118 1316.65 -57.3657 7.06288 
1119 1317.46 -56.4025 6.97293 
1120 1318.18 -55.429 6.88573 
1121 1318.81 -54.4458 6.80126 
1122 1319.35 -53.4533 6.71954 
1123 1319.79 -52.4519 6.64056 
1124 1320.15 -51.4422 6.56431 
1125 1320.41 -50.4246 6.49079 
1126 1320.58 -49.3996 6.42 
1127 1320.66 -48.3677 6.35195 
1128 1320.64 -47.3294 6.28661 
1129 1320.53 -46.2851 6.22399 
1130 1320.33 -45.2355 6.16408 
1131 1320.03 -44.1811 6.10689 
1132 1319.64 -43.1223 6.0524 
1133 1319.15 -42.0598 6.0006 
1134 1318.57 -40.994 5.9515 
1135 1317.89 -39.9255 5.90509 
1136 1317.12 -38.8549 5.86135 
1137 1316.25 -37.7828 5.82029 
1138 1315.28 -36.7097 5.78189 
1139 1314.22 -35.6362 5.74615 
1140 1313.06 -34.5629 5.71305 
1141 1311.8 -33.4905 5.6826 
1142 1310.45 -32.4194 5.65478 
1143 1308.99 -31.3505 5.62959 
1144 1307.44 -30.2841 5.607 
1145 1305.79 -29.2211 5.58702 
1146 1304.04 -28.1621 5.56963 
1147 1302.19 -27.1076 5.55483 
1148 1300.24 -26.0584 5.54259 
1149 1298.19 -25.0151 5.53291 
1150 1296.04 -23.9784 5.52578 
1151 1293.79 -22.949 5.52119 
1152 1291.44 -21.927 5.5191 
1153 1289 -20.9128 5.5195 
1154 1286.45 -19.9066 5.52235 
1155 1283.81 -18.9085 5.52764 
1156 1281.08 -17.9189 5.53533 
1157 1278.26 -16.938 5.5454 
1158 1275.34 -15.9659 5.55782 
1159 1272.34 -15.003 5.57256 
1160 1269.25 -14.0495 5.58959 
1161 1266.07 -13.1057 5.60889 
1162 1262.81 -12.1717 5.63041 
1163 1259.47 -11.2478 5.65413 
1164 1256.04 -10.3343 5.68002 
1165 1252.53 -9.43146 5.70804 
1166 1248.95 -8.53949 5.73816 
1167 1245.29 -7.65867 5.77035 
1168 1241.55 -6.78925 5.80458 
1169 1237.75 -5.9315 5.8408 
1170 1233.86 -5.08567 5.87898 
1171 1229.91 -4.25205 5.91909 
1172 1225.89 -3.4309 5.96109 
1173 1221.81 -2.62248 6.00493 
1174 1217.66 -1.82707 6.05059 
1175 1213.44 -1.04496 6.09803 
1176 1209.16 -0.276415 6.14719 
1177 1204.83 0.47828 6.19805 
1178 1200.43 1.21884 6.25056 
1179 1195.98 1.94499 6.30468 
1180 1191.48 2.65642 6.36036 
1181 1186.92 3.35286 6.41757 
1182 1182.31 4.034 6.47626 
1183 1177.65 4.69956 6.53639 
1184 1172.94 5.34923 6.5979 
1185 1168.19 5.98271 6.66076 
1186 1163.39 6.5997 6.72491 
1187 1158.55 7.19989 6.79032 
1188 1153.67 7.78298 6.85692 
1189 1148.76 8.34866 6.92468 
1190 1143.8 8.8966 6.99353 
1191 1138.81 9.4265 7.06344 
1192 1133.79 9.93803 7.13435 
1193 1128.74 10.4309 7.2062 
1194 1123.66 10.9047 7.27895 
1195 1118.56 11.3592 7.35255 
1196 1113.43 11.7941 7.42692 
1197 1108.27 12.2089 7.50203 
1198 1103.1 12.6034 7.57782 
1199 1097.9 12.9772 7.65422 
1200 1092.69 13.3301 7.73119 
1201 1087.47 13.6616 7.80866 
1202 1082.23 13.9719 7.88661 
1203 1076.98 14.2609 7.96499 
1204 1071.72 14.5287 8.04379 
1205 1066.45 14.7755 8.12296 
1206 1061.17 15.0012 8.20247 
1207 1055.89 15.2059 8.2823 
1208 1050.6 15.3898 8.36241 
1209 1045.31 15.5528 8.44275 
1210 1040.01 15.6951 8.52331 
1211 1034.72 15.8168 8.60405 
1212 1029.42 15.9179 8.68492 
1213 1024.13 15.9985 8.7659 
1214 1018.83 16.0587 8.84694 
1215 1013.55 16.0987 8.92802 
1216 1008.27 16.1184 9.00909 
1217 1003 16.118 9.09011 
1218 997.733 16.0977 9.17105 
1219 992.48 16.0575 9.25188 
1220 987.24 15.9974 9.33254 
1221 982.013 15.9178 9.413 
1222 976.802 15.8185 9.49323 
1223 971.606 15.6999 9.57317 
1224 966.43 15.5619 9.6528 
1225 961.272 15.4047 9.73206 
1226 956.136 15.2285 9.81092 
1227 951.023 15.0333 9.88933 
1228 945.934 14.8193 9.96725 
1229 940.871 14.5867 10.0446 
1230 935.835 14.3355 10.1214 
1231 930.829 14.066 10.1976 
1232 925.853 13.7783 10.2732 
1233 920.909 13.4724 10.348 
1234 916 13.1486 10.422 
1235 911.126 12.8071 10.4953 
1236 906.289 12.4479 10.5677 
1237 901.49 12.0713 10.6392 
1238 896.733 11.6774 10.7097 
1239 892.017 11.2664 10.7792 
1240 887.345 10.8384 10.8477 
1241 882.719 10.3937 10.9151 
1242 878.14 9.93239 10.9814 
1243 873.61 9.45468 11.0465 
1244 869.13 8.96076 11.1103 
1245 864.703 8.45082 11.1728 
1246 860.329 7.92505 11.2339 
1247 856.012 7.38365 11.2937 
1248 851.752 6.82682 11.352 
1249 847.551 6.25477 11.4088 
1250 843.412 5.6677 11.464 
1251 839.335 5.06585 11.5175 
1252 835.321 4.44948 11.5695 
1253 831.371 3.81889 11.6198 
1254 827.485 3.17436 11.6685 
1255 823.663 2.51619 11.7156 
1256 819.906 1.84469 11.761 
1257 816.214 1.16017 11.8048 
1258 812.587 0.462927 11.847 
1259 809.026 -0.24671 11.8875 
1260 805.532 -0.968421 11.9264 
1261 802.104 -1.70188 11.9636 
1262 798.743 -2.44676 11.9992 
1263 795.45 -3.20271 12.0331 
1264 792.224 -3.96941 12.0654 
1265 789.067 -4.7465 12.0961 
1266 785.978 -5.53362 12.1251 
1267 782.958 -6.33044 12.1525 
1268 780.007 -7.13657 12.1782 
1269 777.125 -7.95166 12.2023 
1270 774.314 -8.77534 12.2247 
1271 771.574 -9.60722 12.2455 
1272 768.904 -10.4469 12.2646 
1273 766.305 -11.2941 12.2821 
1274 763.778 -12.1483 12.298 
1275 761.323 -13.0091 12.3122 
1276 758.941 -13.8762 12.3247 
1277 756.631 -14.7491 12.3356 
1278 754.394 -15.6274 12.3449 
1279 752.231 -16.5108 12.3525 
1280 750.142 -17.3987 12.3585 
1281 748.127 -18.2908 12.3629 
1282 746.187 -19.1865 12.3656 
1283 744.322 -20.0856 12.3667 
1284 742.533 -20.9874 12.3662 
1285 740.819 -21.8917 12.364 
1286 739.182 -22.7978 12.3602 
1287 737.622 -23.7054 12.3547 
1288 736.139 -24.6139 12.3477 
1289 734.733 -25.523 12.339 
1290 733.405 -26.4321 12.3287 
1291 732.155 -27.3407 12.3168 
1292 730.985 -28.2484 12.3033 
1293 729.893 -29.1546 12.2881 
1294 728.881 -30.0588 12.2714 
1295 727.949 -30.9606 12.2531 
1296 727.097 -31.8593 12.2331 
1297 726.326 -32.7546 12.2116 
1298 725.636 -33.6458 12.1884 
1299 725.027 -34.5325 12.1637 
1300 724.501 -35.414 12.1374 
1301 724.056 -36.2899 12.1095 
1302 723.693 -37.16 12.0801 
1303 723.41 -38.0239 12.0491 
1304 723.206 -38.8816 12.0166 
1305 723.08 -39.7328 11.9825 
1306 723.03 -40.5774 11.947 
1307 723.056 -41.415 11.91 
1308 723.157 -42.2454 11.8715 
1309 723.331 -43.0686 11.8316 
1310 723.576 -43.8842 11.7902 
1311 723.893 -44.692 11.7475 
1312 724.279 -45.4917 11.7034 
1313 724.734 -46.2833 11.6579 
1314 725.255 -47.0664 11.611 
1315 725.843 -47.8408 11.5629 
1316 726.496 -48.6064 11.5134 
1317 727.212 -49.3627 11.4626 
1318 727.99 -50.1097 11.4106 
1319 728.829 -50.8471 11.3573 
1320 729.728 -51.5746 11.3028 
1321 730.685 -52.292 11.2471 
1322 731.7 -52.9991 11.1903 
1323 732.77 -53.6956 11.1323 
1324 733.895 -54.3813 11.0731 
1325 735.073 -55.0559 11.0129 
1326 736.302 -55.7191 10.9515 
1327 737.583 -56.3708 10.8891 
1328 738.912 -57.0106 10.8257 
1329 740.29 -57.6383 10.7613 
1330 741.714 -58.2537 10.6958 
1331 743.183 -58.8564 10.6295 
1332 744.695 -59.4462 10.5621 
1333 746.251 -60.0229 10.4939 
1334 747.847 -60.5862 10.4248 
1335 749.482 -61.1358 10.3549 
1336 751.156 -61.6714 10.2841 
1337 752.866 -62.1927 10.2125 
1338 754.612 -62.6996 10.1402 
1339 756.391 -63.1916 10.0671 
1340 758.203 -63.6686 9.99332 
1341 760.045 -64.1302 9.91884 
1342 761.917 -64.5761 9.84371 
1343 763.817 -65.0061 9.76796 
1344 765.744 -65.4198 9.69162 
1345 767.695 -65.817 9.61472 
1346 769.67 -66.1974 9.53729 
1347 771.666 -66.5606 9.45936 
1348 773.683 -66.9064 9.38096 
1349 775.719 -67.2345 9.30213 
1350 777.772 -67.5446 9.2229 
1351 779.841 -67.8363 9.14329 
1352 781.924 -68.1098 9.06334 
1353 784.021 -68.365 8.98306 
1354 786.13 -68.602 8.90247 
1355 788.25 -68.8209 8.82159 
1356 790.38 -69.0217 8.74043 
1357 792.518 -69.2045 8.65903 
1358 794.663 -69.3693 8.57739 
1359 796.815 -69.5162 8.49555 
1360 798.972 -69.6453 8.41351 
1361 801.132 -69.7566 8.33131 
1362 803.295 -69.8501 8.24896 
1363 805.458 -69.9261 8.16648 
1364 807.622 -69.9845 8.0839 
1365 809.784 -70.0254 8.00124 
1366 811.944 -70.0489 7.91852 
1367 814.099 -70.0551 7.83577 
1368 816.25 -70.044 7.75299 
1369 818.394 -70.0158 7.67023 
1370 820.53 -69.9704 7.5875 
1371 822.657 -69.9081 7.50483 
1372 824.773 -69.8288 7.42223 
1373 826.878 -69.7328 7.33974 
1374 828.969 -69.62 7.25737 
1375 831.046 -69.4905 7.17516 
1376 833.107 -69.3446 7.09313 
1377 835.151 -69.1821 7.01129 
1378 837.176 -69.0034 6.92969 
1379 839.181 -68.8084 6.84834 
1380 841.165 -68.5973 6.76726 
1381 843.127 -68.3702 6.68649 
1382 845.064 -68.1271 6.60606 
1383 846.976 -67.8683 6.52598 
1384 848.86 -67.5938 6.44628 
1385 850.717 -67.3037 6.367 
1386 852.543 -66.9981 6.28816 
1387 854.339 -66.6772 6.20978 
1388 856.102 -66.3412 6.1319 
1389 857.83 -65.99 6.05454 
1390 859.523 -65.6239 5.97774 
1391 861.18 -65.243 5.90152 
1392 862.797 -64.8474 5.82591 
1393 864.375 -64.4372 5.75093 
1394 865.911 -64.0126 5.67663 
1395 867.404 -63.5737 5.60303 
1396 868.853 -63.1208 5.53015 
1397 870.255 -62.6538 5.45804 
1398 871.611 -62.173 5.38672 
1399 872.917 -61.6784 5.31622 
1400 874.172 -61.1704 5.24658 
1401 875.376 -60.649 5.17781 
1402 876.528 -60.1144 5.10994 
1403 877.627 -59.5669 5.04297 
1404 878.674 -59.0066 4.97691 
1405 879.668 -58.434 4.91176 
1406 880.609 -57.8491 4.84753 
1407 881.498 -57.2522 4.78423 
1408 882.334 -56.6436 4.72187 
1409 883.118 -56.0235 4.66045 
1410 883.848 -55.3921 4.59998 
1411 884.525 -54.7498 4.54046 
1412 885.149 -54.0968 4.48192 
1413 885.719 -53.4333 4.42434 
1414 886.236 -52.7596 4.36774 
1415 886.7 -52.076 4.31213 
1416 887.11 -51.3827 4.25751 
1417 887.466 -50.6801 4.2039 
1418 887.768 -49.9684 4.15129 
1419 888.017 -49.2479 4.09969 
1420 888.211 -48.5188 4.04912 
1421 888.352 -47.7816 3.99958 
1422 888.438 -47.0364 3.95108 
1423 888.47 -46.2835 3.90362 
1424 888.448 -45.5234 3.85722 
1425 888.371 -44.7562 3.81187 
1426 888.239 -43.9823 3.76759 
1427 888.053 -43.202 3.72439 
1428 887.812 -42.4156 3.68227 
1429 887.517 -41.6235 3.64123 
1430 887.166 -40.8259 3.6013 
1431 886.761 -40.0232 3.56246 
1432 886.3 -39.2157 3.52474 
1433 885.784 -38.4038 3.48814 
1434 885.213 -37.5878 3.45267 
1435 884.586 -36.7681 3.41833 
1436 883.904 -35.9449 3.38513 
1437 883.167 -35.1187 3.35308 
1438 882.373 -34.2898 3.32219 
1439 881.524 -33.4585 3.29246 
1440 880.62 -32.6253 3.26391 
1441 879.659 -31.7905 3.23653 
1442 878.642 -30.9544 3.21034 
1443 877.569 -30.1175 3.18535 
1444 876.441 -29.2801 3.16156 
1445 875.255 -28.4427 3.13897 
1446 874.014 -27.6055 3.11761 
1447 872.716 -26.769 3.09747 
1448 871.362 -25.9336 3.07856 
1449 869.951 -25.0997 3.0609 
1450 868.483 -24.2677 3.04448 
1451 866.959 -23.438 3.02932 
1452 865.378 -22.6107 3.01539 
1453 863.742 -21.7862 3.00271 
1454 862.05 -20.9645 2.99124 
1455 860.304 -20.1459 2.98098 
1456 858.504 -19.3305 2.97192 
1457 856.65 -18.5186 2.96405 
1458 854.743 -17.7104 2.95734 
1459 852.783 -16.906 2.9518 
1460 850.771 -16.1056 2.9474 
1461 848.708 -15.3096 2.94413 
1462 846.593 -14.518 2.94199 
1463 844.429 -13.731 2.94095 
1464 842.214 -12.949 2.941 
1465 839.95 -12.172 2.94213 
1466 837.637 -11.4004 2.94433 
1467 835.276 -10.6343 2.94757 
1468 832.868 -9.87389 2.95185 
1469 830.412 -9.11947 2.95714 
1470 827.91 -8.37122 2.96345 
1471 825.362 -7.62939 2.97074 
1472 822.768 -6.89417 2.979 
1473 820.13 -6.16582 2.98822 
1474 817.447 -5.44454 2.99839 
1475 814.721 -4.73059 3.00948 
1476 811.952 -4.02417 3.02147 
1477 809.141 -3.32554 3.03436 
1478 806.288 -2.63493 3.04813 
1479 803.393 -1.95258 3.06275 
1480 800.458 -1.27872 3.07821 
1481 797.483 -0.613605 3.0945 
1482 794.469 0.0425237 3.11159 
1483 791.416 0.689419 3.12947 
1484 788.325 1.32683 3.14812 
1485 785.196 1.95451 3.16751 
1486 782.031 2.5722 3.18764 
1487 778.829 3.17965 3.20848 
1488 775.592 3.7766 3.23001 
1489 772.32 4.36279 3.25222 
1490 769.014 4.93796 3.27507 
1491 765.674 5.50184 3.29856 
1492 762.301 6.05417 3.32267 
1493 758.896 6.59468 3.34736 
1494 755.459 7.1231 3.37263 
1495 751.991 7.63916 3.39845 
1496 748.493 8.14258 3.4248 
1497 744.966 8.63308 3.45165 
1498 741.409 9.11039 3.47899 
1499 737.825 9.57422 3.50679 
1500 734.212 10.0243 3.53504 
1501 730.573 10.4604 3.5637 
1502 726.908 10.8824 3.59277 
1503 723.219 11.2904 3.62223 
1504 719.505 11.6845 3.65205 
1505 715.768 12.0645 3.68224 
1506 712.009 12.4305 3.71277 
1507 708.23 12.7826 3.74363 
1508 704.43 13.1207 3.7748 
1509 700.611 13.4449 3.80626 
1510 696.775 13.7552 3.838 
1511 692.921 14.0516 3.87 
1512 689.051 14.3342 3.90225 
1513 685.167 14.6029 3.93472 
1514 681.268 14.8577 3.96741 
1515 677.357 15.0988 4.00029 
1516 673.433 15.3261 4.03335 
1517 669.499 15.5397 4.06656 
1518 665.555 15.7395 4.09992 
1519 661.603 15.9256 4.1334 
1520 657.642 16.0981 4.16699 
1521 653.676 16.2569 4.20066 
1522 649.703 16.4022 4.2344 
1523 645.726 16.5338 4.26819 
1524 641.746 16.6519 4.30201 
1525 637.764 16.7566 4.33584 
1526 633.78 16.8477 4.36966 
1527 629.796 16.9254 4.40345 
1528 625.814 16.9898 4.4372 
1529 621.833 17.0407 4.47088 
1530 617.856 17.0784 4.50447 
1531 613.883 17.1028 4.53795 
1532 609.915 17.1139 4.5713 
1533 605.955 17.1119 4.60451 
1534 602.002 17.0967 4.63754 
1535 598.058 17.0685 4.67038 
1536 594.123 17.0271 4.70301 
1537 590.201 16.9728 4.7354 
1538 586.29 16.9055 4.76753 
1539 582.393 16.8253 4.79939 
1540 578.511 16.7322 4.83095 
1541 574.645 16.6264 4.86218 
1542 570.796 16.5078 4.89307 
1543 566.965 16.3765 4.92358 
1544 563.153 16.2325 4.95371 
1545 559.363 16.076 4.98342 
1546 555.594 15.907 5.01269 
1547 551.848 15.7255 5.04149 
1548 548.127 15.5316 5.06981 
1549 544.431 15.3253 5.09762 
1550 540.762 15.1068 5.1249 
1551 537.12 14.8761 5.15161 
1552 533.508 14.6333 5.17777 
1553 529.924 14.3787 5.20335 
1554 526.369 14.1124 5.22838 
1555 522.845 13.8347 5.25283 
1556 519.35 13.5456 5.2767 
1557 515.887 13.2455 5.30001 
1558 512.455 12.9344 5.32273 
1559 509.054 12.6127 5.34488 
1560 505.686 12.2804 5.36644 
1561 502.35 11.9379 5.38742 
1562 499.048 11.5852 5.40781 
1563 495.779 11.2227 5.42761 
1564 492.544 10.8504 5.44682 
1565 489.344 10.4687 5.46543 
1566 486.179 10.0777 5.48345 
1567 483.049 9.67774 5.50087 
1568 479.956 9.26891 5.51768 
1569 476.899 8.8515 5.53389 
1570 473.879 8.42571 5.5495 
1571 470.896 7.99178 5.5645 
1572 467.952 7.54994 5.57888 
1573 465.046 7.10042 5.59265 
1574 462.179 6.64346 5.60581 
1575 459.352 6.17929 5.61835 
1576 456.564 5.70817 5.63026 
1577 453.817 5.23033 5.64156 
1578 451.112 4.74602 5.65223 
1579 448.447 4.25549 5.66227 
1580 445.825 3.759 5.67168 
1581 443.245 3.25679 5.68046 
1582 440.709 2.74913 5.6886 
1583 438.215 2.23628 5.69611 
1584 435.766 1.7185 5.70298 
1585 433.362 1.19606 5.70921 
1586 431.003 0.669231 5.71479 
1587 428.689 0.138282 5.71973 
1588 426.422 -0.396509 5.72402 
1589 424.201 -0.934865 5.72766 
1590 422.028 -1.4765 5.73065 
1591 419.902 -2.02114 5.73298 
1592 417.825 -2.56849 5.73465 
1593 415.796 -3.11826 5.73567 
1594 413.817 -3.67016 5.73603 
1595 411.888 -4.22389 5.73572 
1596 410.009 -4.77915 5.73474 
1597 408.181 -5.33565 5.7331 
1598 406.405 -5.89307 5.73079 
1599 404.681 -6.4511 5.7278 
1600 403.01 -7.00944 5.72415 
1601 401.391 -7.56781 5.71981 
1602 399.826 -8.12601 5.71481 
1603 398.312 -8.68392 5.70913 
1604 396.85 -9.24138 5.7028 
1605 395.439 -9.79824 5.6958 
1606 394.079 -10.3544 5.68816 
1607 392.769 -10.9096 5.67987 
1608 391.509 -11.4637 5.67093 
1609 390.298 -12.0167 5.66136 
1610 389.135 -12.5682 5.65116 
1611 388.02 -13.1183 5.64033 
1612 386.953 -13.6667 5.62887 
1613 385.933 -14.2132 5.61681 
1614 384.959 -14.7577 5.60413 
1615 384.031 -15.3001 5.59085 
1616 383.148 -15.8401 5.57697 
1617 382.31 -16.3776 5.5625 
1618 381.516 -16.9124 5.54744 
1619 380.765 -17.4444 5.5318 
1620 380.058 -17.9734 5.51559 
1621 379.393 -18.4992 5.49881 
1622 378.771 -19.0216 5.48147 
1623 378.189 -19.5406 5.46357 
1624 377.648 -20.0557 5.44512 
1625 377.148 -20.5671 5.42613 
1626 376.687 -21.0743 5.4066 
1627 376.265 -21.5773 5.38655 
1628 375.881 -22.0758 5.36597 
1629 375.535 -22.5697 5.34488 
1630 375.227 -23.0588 5.32327 
1631 374.955 -23.543 5.30117 
1632 374.719 -24.0219 5.27857 
1633 374.519 -24.4955 5.25548 
1634 374.353 -24.9634 5.23192 
1635 374.221 -25.4257 5.20788 
1636 374.123 -25.8819 5.18338 
1637 374.058 -26.332 5.15842 
1638 374.026 -26.7758 5.13301 
1639 374.025 -27.213 5.10715 
1640 374.055 -27.6434 5.08087 
1641 374.115 -28.0669 5.05416 
1642 374.205 -28.4832 5.02703 
1643 374.325 -28.8921 4.99949 
1644 374.472 -29.2934 4.97155 
1645 374.648 -29.6869 4.94321 
1646 374.851 -30.0724 4.91449 
1647 375.08 -30.4497 4.8854 
1648 375.335 -30.8186 4.85593 
1649 375.615 -31.1788 4.82611 
1650 375.92 -31.5301 4.79594 
1651 376.249 -31.8724 4.76543 
1652 376.601 -32.2055 4.73458 
1653 376.975 -32.5295 4.70341 
1654 377.371 -32.8444 4.67193 
1655 377.788 -33.1502 4.64013 
1656 378.225 -33.4468 4.60804 
1657 378.682 -33.7343 4.57566 
1658 379.158 -34.0126 4.54299 
1659 379.652 -34.2818 4.51006 
1660 380.163 -34.5417 4.47686 
1661 380.692 -34.7925 4.4434 
1662 381.236 -35.0341 4.4097 
1663 381.795 -35.2665 4.37577 
1664 382.369 -35.4897 4.3416 
1665 382.957 -35.7037 4.30722 
1666 383.557 -35.9086 4.27264 
1667 384.17 -36.1041 4.23785 
1668 384.795 -36.2905 4.20288 
1669 385.43 -36.4677 4.16773 
1670 386.075 -36.6356 4.13241 
1671 386.729 -36.7943 4.09693 
1672 387.392 -36.9438 4.0613 
1673 388.062 -37.084 4.02554 
1674 388.74 -37.215 3.98965 
1675 389.423 -37.3368 3.95364 
1676 390.112 -37.4493 3.91752 
1677 390.805 -37.5526 3.88131 
1678 391.502 -37.6467 3.84501 
1679 392.202 -37.7315 3.80864 
1680 392.904 -37.8071 3.77221 
1681 393.607 -37.8735 3.73572 
1682 394.311 -37.9306 3.69919 
1683 395.015 -37.9785 3.66263 
1684 395.717 -38.0171 3.62606 
1685 396.417 -38.0466 3.58947 
1686 397.115 -38.0668 3.55289 
1687 397.809 -38.0778 3.51633 
1688 398.499 -38.0796 3.4798 
1689 399.184 -38.0721 3.4433 
1690 399.862 -38.0555 3.40686 
1691 400.533 -38.0296 3.37048 
1692 401.197 -37.9946 3.33418 
1693 401.852 -37.9504 3.29797 
1694 402.497 -37.8969 3.26185 
1695 403.132 -37.8344 3.22586 
1696 403.756 -37.7626 3.18998 
1697 404.368 -37.6817 3.15425 
1698 404.967 -37.5916 3.11867 
1699 405.552 -37.4924 3.08325 
1700 406.122 -37.384 3.04802 
1701 406.677 -37.2666 3.01297 
1702 407.216 -37.1401 2.97812 
1703 407.739 -37.0047 2.94347 
1704 408.246 -36.8606 2.90903 
1705 408.737 -36.7079 2.87481 
1706 409.212 -36.5467 2.84081 
1707 409.67 -36.3771 2.80703 
1708 410.112 -36.1992 2.77348 
1709 410.537 -36.0132 2.74017 
1710 410.945 -35.8193 2.70711 
1711 411.336 -35.6175 2.6743 
1712 411.71 -35.408 2.64174 
1713 412.067 -35.191 2.60944 
1714 412.407 -34.9665 2.57741 
1715 412.729 -34.7347 2.54566 
1716 413.033 -34.4958 2.51419 
1717 413.319 -34.2499 2.48301 
1718 413.588 -33.9971 2.45212 
1719 413.838 -33.7377 2.42152 
1720 414.07 -33.4717 2.39124 
1721 414.284 -33.1993 2.36127 
1722 414.48 -32.9206 2.33162 
1723 414.656 -32.6358 2.30229 
1724 414.814 -32.3452 2.2733 
1725 414.953 -32.0487 2.24464 
1726 415.072 -31.7466 2.21634 
1727 415.173 -31.4391 2.18838 
1728 415.254 -31.1262 2.16078 
1729 415.316 -30.8082 2.13356 
1730 415.357 -30.4853 2.1067 
1731 415.379 -30.1576 2.08022 
1732 415.381 -29.8252 2.05414 
1733 415.363 -29.4884 2.02844 
1734 415.325 -29.1473 2.00315 
1735 415.266 -28.8022 1.97827 
1736 415.187 -28.453 1.9538 
1737 415.087 -28.1002 1.92975 
1738 414.966 -27.7437 1.90614 
1739 414.824 -27.3839 1.88296 
1740 414.66 -27.0209 1.86023 
1741 414.476 -26.6548 1.83795 
1742 414.27 -26.286 1.81613 
1743 414.042 -25.9145 1.79477 
1744 413.793 -25.5405 1.7739 
1745 413.521 -25.1643 1.7535 
1746 413.228 -24.786 1.73359 
1747 412.912 -24.4059 1.71419 
1748 412.574 -24.024 1.69528 
1749 412.213 -23.6408 1.6769 
1750 411.83 -23.2562 1.65903 
1751 411.424 -22.8706 1.64169 
1752 410.995 -22.4841 1.62488 
1753 410.543 -22.0966 1.60859 
1754 410.069 -21.7085 1.59282 
1755 409.573 -21.3197 1.57757 
1756 409.055 -20.9304 1.56284 
1757 408.515 -20.5407 1.54863 
1758 407.954 -20.1506 1.53493 
1759 407.371 -19.7604 1.52174 
1760 406.767 -19.3701 1.50905 
1761 406.142 -18.9799 1.49687 
1762 405.495 -18.5898 1.48519 
1763 404.828 -18.2 1.47401 
1764 404.141 -17.8105 1.46332 
1765 403.433 -17.4216 1.45313 
1766 402.705 -17.0333 1.44343 
1767 401.957 -16.6457 1.43422 
1768 401.19 -16.259 1.42549 
1769 400.402 -15.8733 1.41724 
1770 399.596 -15.4887 1.40947 
1771 398.77 -15.1054 1.40218 
1772 397.925 -14.7234 1.39536 
1773 397.062 -14.3429 1.389 
1774 396.179 -13.964 1.38311 
1775 395.279 -13.5868 1.37769 
1776 394.36 -13.2116 1.37272 
1777 393.423 -12.8383 1.36821 
1778 392.468 -12.4672 1.36414 
1779 391.496 -12.0983 1.36053 
1780 390.507 -11.7319 1.35736 
1781 389.5 -11.368 1.35464 
1782 388.476 -11.0067 1.35235 
1783 387.435 -10.6483 1.35049 
1784 386.378 -10.2928 1.34906 
1785 385.305 -9.94043 1.34806 
1786 384.215 -9.59128 1.34749 
1787 383.109 -9.2455 1.34733 
1788 381.988 -8.90324 1.34758 
1789 380.851 -8.56464 1.34824 
1790 379.699 -8.22984 1.34931 
1791 378.532 -7.899 1.35079 
1792 377.35 -7.57225 1.35266 
1793 376.153 -7.24975 1.35492 
1794 374.942 -6.93165 1.35757 
1795 373.717 -6.61809 1.36061 
1796 372.478 -6.30924 1.36403 
1797 371.225 -6.00524 1.36782 
1798 369.958 -5.70624 1.37199 
1799 368.678 -5.41241 1.37652 
1800 367.385 -5.1239 1.38142 
1801 366.08 -4.84084 1.38667 
1802 364.761 -4.56329 1.39227 
1803 363.431 -4.29126 1.39822 
1804 362.088 -4.02478 1.4045 
1805 360.735 -3.76389 1.41111 
1806 359.369 -3.5086 1.41803 
1807 357.993 -3.25894 1.42527 
1808 356.607 -3.01494 1.43282 
1809 355.21 -2.77662 1.44066 
1810 353.803 -2.544 1.44878 
1811 352.387 -2.31712 1.45719 
1812 350.961 -2.096 1.46587 
1813 349.527 -1.88066 1.47481 
1814 348.084 -1.67114 1.484 
1815 346.633 -1.46744 1.49345 
1816 345.174 -1.26961 1.50313 
1817 343.707 -1.07766 1.51304 
1818 342.233 -0.891629 1.52317 
1819 340.753 -0.711533 1.53351 
1820 339.266 -0.537399 1.54405 
1821 337.773 -0.369255 1.55479 
1822 336.274 -0.207124 1.56571 
1823 334.769 -0.0510335 1.5768 
1824 333.26 0.0989919 1.58806 
1825 331.746 0.242926 1.59948 
1826 330.227 0.380745 1.61105 
1827 328.705 0.512421 1.62275 
1828 327.179 0.63793 1.63459 
1829 325.65 0.757246 1.64654 
1830 324.117 0.870344 1.6586 
1831 322.583 0.977198 1.67075 
1832 321.046 1.07778 1.683 
1833 319.507 1.17207 1.69532 
1834 317.967 1.26004 1.70772 
1835 316.426 1.34167 1.72017 
1836 314.884 1.41692 1.73267 
1837 313.342 1.48578 1.74521 
1838 311.801 1.54821 1.75777 
1839 310.259 1.6042 1.77035 
1840 308.718 1.65371 1.78294 
1841 307.179 1.69673 1.79552 
1842 305.641 1.73322 1.80809 
1843 304.106 1.76316 1.82063 
1844 302.572 1.78654 1.83313 
1845 301.042 1.80331 1.84558 
1846 299.515 1.81345 1.85798 
1847 297.991 1.81695 1.8703 
1848 296.471 1.81377 1.88253 
1849 294.956 1.80389 1.89468 
1850 293.445 1.78728 1.90671 
1851 291.939 1.76394 1.91863 
1852 290.439 1.73393 1.93043 
1853 288.945 1.6973 1.94211 
1854 287.457 1.65415 1.95365 
1855 285.975 1.60454 1.96506 
1856 284.5 1.54855 1.97634 
1857 283.031 1.48626 1.98748 
1858 281.57 1.41774 1.99847 
1859 280.117 1.34308 2.00931 
1860 278.671 1.26235 2.02001 
1861 277.234 1.17564 2.03055 
1862 275.805 1.08302 2.04093 
1863 274.385 0.984577 2.05115 
1864 272.974 0.880397 2.0612 
1865 271.573 0.770561 2.07108 
1866 270.181 0.655156 2.08079 
1867 268.799 0.534266 2.09032 
1868 267.427 0.407978 2.09967 
1869 266.067 0.276382 2.10883 
1870 264.717 0.139564 2.1178 
1871 263.378 -0.00238548 2.12657 
1872 262.052 -0.149375 2.13515 
1873 260.737 -0.301315 2.14353 
1874 259.434 -0.458111 2.1517 
1875 258.144 -0.61967 2.15965 
1876 256.867 -0.785899 2.16739 
1877 255.603 -0.956702 2.17492 
1878 254.353 -1.13198 2.18222 
1879 253.117 -1.31164 2.18929 
1880 251.895 -1.49559 2.19613 
1881 250.687 -1.68371 2.20273 
1882 249.495 -1.87592 2.20909 
1883 248.317 -2.07211 2.2152 
1884 247.155 -2.27218 2.22107 
1885 246.01 -2.47603 2.22668 
1886 244.88 -2.68355 2.23203 
1887 243.767 -2.89464 2.23712 
1888 242.671 -3.10918 2.24194 
1889 241.592 -3.32709 2.24649 
1890 240.531 -3.54824 2.25076 
1891 239.487 -3.77252 2.25475 
1892 238.462 -3.99984 2.25845 
1893 237.456 -4.23006 2.26186 
1894 236.469 -4.4631 2.26498 
1895 235.501 -4.69882 2.26779 
1896 234.552 -4.93712 2.2703 
1897 233.624 -5.17788 2.2725 
1898 232.716 -5.42099 2.27438 
1899 231.829 -5.66632 2.27594 
1900 230.963 -5.91376 2.27718 
1901 230.118 -6.16319 2.27809 
1902 229.295 -6.4145 2.27867 
1903 228.493 -6.66757 2.27893 
1904 227.712 -6.9223 2.27887 
1905 226.952 -7.17855 2.27849 
1906 226.213 -7.43622 2.2778 
1907 225.495 -7.69518 2.2768 
1908 224.798 -7.95533 2.27549 
1909 224.121 -8.21653 2.27389 
1910 223.465 -8.47867 2.27198 
1911 222.83 -8.74163 2.26978 
1912 222.215 -9.00529 2.26728 
1913 221.62 -9.26951 2.2645 
1914 221.045 -9.53417 2.26144 
1915 220.49 -9.79916 2.25809 
1916 219.955 -10.0643 2.25447 
1917 219.44 -10.3296 2.25058 
1918 218.945 -10.5947 2.24642 
1919 218.469 -10.8597 2.242 
1920 218.013 -11.1244 2.23731 
1921 217.576 -11.3886 2.23237 
1922 217.159 -11.6522 2.22718 
1923 216.761 -11.915 2.22174 
1924 216.381 -12.177 2.21606 
1925 216.021 -12.438 2.21014 
1926 215.679 -12.6979 2.20398 
1927 215.357 -12.9565 2.1976 
1928 215.052 -13.2136 2.19098 
1929 214.767 -13.4693 2.18415 
1930 214.499 -13.7232 2.1771 
1931 214.25 -13.9752 2.16984 
1932 214.019 -14.2253 2.16237 
1933 213.806 -14.4733 2.15469 
1934 213.611 -14.7189 2.14682 
1935 213.434 -14.9621 2.13876 
1936 213.274 -15.2028 2.1305 
1937 213.132 -15.4407 2.12206 
1938 213.008 -15.6758 2.11344 
1939 212.9 -15.9078 2.10465 
1940 212.81 -16.1366 2.09569 
1941 212.737 -16.3621 2.08656 
1942 212.681 -16.5841 2.07727 
1943 212.642 -16.8024 2.06783 
1944 212.619 -17.017 2.05824 
1945 212.613 -17.2275 2.04851 
1946 212.623 -17.434 2.03863 
1947 212.65 -17.6361 2.02862 
1948 212.693 -17.8338 2.01849 
1949 212.751 -18.0268 2.00823 
1950 212.826 -18.2151 1.99785 
1951 212.917 -18.3985 1.98736 
1952 213.023 -18.5769 1.97676 
1953 213.144 -18.7506 1.96605 
1954 213.28 -18.9196 1.95523 
1955 213.431 -19.084 1.94429 
1956 213.597 -19.2438 1.93325 
1957 213.776 -19.3992 1.92211 
1958 213.969 -19.5501 1.91085 
1959 214.176 -19.6968 1.89949 
1960 214.397 -19.8393 1.88802 
1961 214.63 -19.9776 1.87645 
1962 214.876 -20.112 1.86477 
1963 215.134 -20.2424 1.85299 
1964 215.405 -20.3689 1.84111 
1965 215.688 -20.4917 1.82912 
1966 215.982 -20.6108 1.81704 
1967 216.287 -20.7263 1.80485 
1968 216.604 -20.8384 1.79257 
1969 216.931 -20.947 1.78018 
1970 217.268 -21.0524 1.7677 
1971 217.616 -21.1546 1.75512 
1972 217.974 -21.2536 1.74245 
1973 218.341 -21.3497 1.72968 
1974 218.717 -21.4429 1.71682 
1975 219.102 -21.5332 1.70386 
1976 219.496 -21.6209 1.69081 
1977 219.898 -21.7059 1.67767 
1978 220.308 -21.7884 1.66444 
1979 220.726 -21.8686 1.65112 
1980 221.152 -21.9464 1.63771 
1981 221.584 -22.0221 1.62421 
1982 222.024 -22.0956 1.61063 
1983 222.469 -22.1672 1.59696 
1984 222.921 -22.2369 1.5832 
1985 223.379 -22.3049 1.56937 
1986 223.842 -22.3712 1.55544 
1987 224.311 -22.4359 1.54144 
1988 224.784 -22.4993 1.52736 
1989 225.262 -22.5613 1.51319 
1990 225.745 -22.6221 1.49895 
1991 226.231 -22.6818 1.48463 
1992 226.721 -22.7405 1.47023 
1993 227.214 -22.7984 1.45576 
1994 227.711 -22.8556 1.44121 
1995 228.209 -22.9121 1.42659 
1996 228.711 -22.9681 1.4119 
1997 229.214 -23.0237 1.39714 
1998 229.719 -23.0791 1.3823 
1999 230.225 -23.1343 1.3674 
2000 230.732 -23.1895 1.35243 
