2 13.2689 0.000231009 4.67924e-08 
3 21.627 0.000196731 4.39425e-08 
4 31.6667 0.000144638 4.18105e-08 
5 43.1365 9.07784e-05 4.01015e-08 
6 55.7199 4.13651e-05 3.86623e-08 
7 69.1445 -1.52836e-06 3.74151e-08 
8 83.1996 -3.77787e-05 3.63119e-08 
9 97.7295 -6.82856e-05 3.53e-08 
10 112.628 -9.32507e-05 3.44178e-08 
11 127.808 -0.000114234 3.35828e-08 
12 143.211 -0.000131803 3.28178e-08 
13 158.786 -0.000146752 3.20712e-08 
14 174.498 -0.00015928 3.13933e-08 
15 190.308 -0.000169738 3.07828e-08 
16 206.169 -0.00017886 3.01451e-08 
17 222.064 -0.000186843 2.95138e-08 
18 237.979 -0.000193739 2.89437e-08 
19 253.892 -0.000199659 2.84505e-08 
20 269.767 -0.000204774 2.80007e-08 
21 285.558 -0.000209288 2.75307e-08 
22 301.249 -0.000213303 2.70479e-08 
23 316.831 -0.000216881 2.65746e-08 
24 332.288 -0.000220066 2.61215e-08 
25 347.597 -0.00022288 2.5686e-08 
26 362.73 -0.000225327 2.52567e-08 
27 377.674 -0.000227438 2.48388e-08 
28 392.418 -0.00022924 2.44378e-08 
29 406.946 -0.000230742 2.40516e-08 
30 421.236 -0.000231928 2.36699e-08 
31 435.263 -0.000232776 2.32793e-08 
32 449.025 -0.000233317 2.28845e-08 
33 462.521 -0.00023359 2.24945e-08 
34 475.753 -0.000233631 2.21165e-08 
35 488.718 -0.000233468 2.17558e-08 
36 501.415 -0.000233121 2.14153e-08 
37 513.835 -0.0002326 2.10952e-08 
38 525.971 -0.000231906 2.0793e-08 
39 537.807 -0.000231027 2.0503e-08 
40 549.327 -0.000229937 2.02158e-08 
41 560.511 -0.000228608 1.99218e-08 
42 571.359 -0.000227055 1.96216e-08 
43 581.875 -0.000225302 1.93185e-08 
44 592.06 -0.000223369 1.90154e-08 
45 601.919 -0.000221276 1.87144e-08 
46 611.451 -0.000219039 1.84172e-08 
47 620.659 -0.000216671 1.81249e-08 
48 629.54 -0.000214179 1.78377e-08 
49 638.092 -0.00021157 1.75552e-08 
50 646.311 -0.000208844 1.72761e-08 
51 654.193 -0.000205998 1.69987e-08 
52 661.74 -0.000203046 1.67241e-08 
53 668.959 -0.000200003 1.64534e-08 
54 675.854 -0.000196879 1.61876e-08 
55 682.429 -0.000193685 1.59273e-08 
56 688.687 -0.000190429 1.56727e-08 
57 694.631 -0.000187115 1.54237e-08 
58 700.262 -0.000183747 1.51794e-08 
59 705.58 -0.000180322 1.49389e-08 
60 710.585 -0.000176838 1.47005e-08 
61 715.274 -0.000173289 1.44627e-08 
62 719.654 -0.000169685 1.42257e-08 
63 723.732 -0.000166034 1.39902e-08 
64 727.512 -0.000162346 1.3757e-08 
65 731.001 -0.00015863 1.35264e-08 
66 734.205 -0.000154892 1.32987e-08 
67 737.127 -0.000151137 1.3074e-08 
68 739.773 -0.000147369 1.28524e-08 
69 742.143 -0.00014359 1.26335e-08 
70 744.242 -0.0001398 1.24169e-08 
71 746.071 -0.000136001 1.22022e-08 
72 747.637 -0.000132198 1.19897e-08 
73 748.947 -0.000128399 1.17796e-08 
74 750.007 -0.000124608 1.15723e-08 
75 750.825 -0.000120831 1.13678e-08 
76 751.406 -0.000117072 1.11663e-08 
77 751.755 -0.000113335 1.09676e-08 
78 751.877 -0.000109621 1.07717e-08 
79 751.778 -0.000105931 1.05783e-08 
80 751.459 -0.000102265 1.03869e-08 
81 750.925 -9.86226e-05 1.01971e-08 
82 750.183 -9.5008e-05 1.00092e-08 
83 749.24 -9.14263e-05 9.82338e-09 
84 748.103 -8.78819e-05 9.63974e-09 
85 746.78 -8.43784e-05 9.45845e-09 
86 745.275 -8.09191e-05 9.27959e-09 
87 743.596 -7.75063e-05 9.10315e-09 
88 741.747 -7.41419e-05 8.92911e-09 
89 739.734 -7.08268e-05 8.75735e-09 
90 737.561 -6.75612e-05 8.58771e-09 
91 735.232 -6.43453e-05 8.42001e-09 
92 732.754 -6.11817e-05 8.25433e-09 
93 730.133 -5.80731e-05 8.09074e-09 
94 727.376 -5.50219e-05 7.92932e-09 
95 724.489 -5.20299e-05 7.77007e-09 
96 721.477 -4.90985e-05 7.61298e-09 
97 718.344 -4.62282e-05 7.45798e-09 
98 715.097 -4.34193e-05 7.30498e-09 
99 711.738 -4.06714e-05 7.15383e-09 
100 708.272 -3.79833e-05 7.00434e-09 
101 704.702 -3.53544e-05 6.85635e-09 
102 701.036 -3.27869e-05 6.70994e-09 
103 697.28 -3.02841e-05 6.56528e-09 
104 693.442 -2.78486e-05 6.4225e-09 
105 689.53 -2.54832e-05 6.28172e-09 
106 685.549 -2.319e-05 6.14305e-09 
107 681.507 -2.09712e-05 6.00658e-09 
108 677.41 -1.88283e-05 5.87238e-09 
109 673.264 -1.67628e-05 5.7405e-09 
110 669.075 -1.47759e-05 5.61097e-09 
111 664.848 -1.28681e-05 5.48382e-09 
112 660.588 -1.104e-05 5.35903e-09 
113 656.3 -9.29157e-06 5.23657e-09 
114 651.987 -7.62253e-06 5.11641e-09 
115 647.655 -6.03218e-06 4.99846e-09 
116 643.306 -4.51946e-06 4.88263e-09 
117 638.943 -3.0829e-06 4.76881e-09 
118 634.569 -1.7206e-06 4.65685e-09 
119 630.186 -4.30276e-07 4.54659e-09 
120 625.796 7.90811e-07 4.43783e-09 
121 621.4 1.94503e-06 4.33041e-09 
122 617.004 3.03187e-06 4.22434e-09 
123 612.614 4.05017e-06 4.11972e-09 
124 608.234 4.99894e-06 4.0166e-09 
125 603.871 5.87733e-06 3.91505e-09 
126 599.529 6.68463e-06 3.81511e-09 
127 595.213 7.42032e-06 3.71683e-09 
128 590.929 8.08403e-06 3.62026e-09 
129 586.68 8.67557e-06 3.52542e-09 
130 582.47 9.19491e-06 3.43232e-09 
131 578.304 9.6422e-06 3.341e-09 
132 574.185 1.00178e-05 3.25144e-09 
133 570.116 1.03223e-05 3.16366e-09 
134 566.1 1.05563e-05 3.07763e-09 
135 562.14 1.07208e-05 2.99333e-09 
136 558.238 1.08169e-05 2.91073e-09 
137 554.396 1.0846e-05 2.82979e-09 
138 550.616 1.08096e-05 2.75046e-09 
139 546.9 1.07095e-05 2.67268e-09 
140 543.247 1.05476e-05 2.59637e-09 
141 539.659 1.03259e-05 2.52148e-09 
142 536.14 1.00445e-05 2.44801e-09 
143 532.692 9.7037e-06 2.376e-09 
144 529.321 9.30354e-06 2.30546e-09 
145 526.028 8.8443e-06 2.23643e-09 
146 522.817 8.32635e-06 2.16891e-09 
147 519.691 7.75016e-06 2.10292e-09 
148 516.652 7.11629e-06 2.03847e-09 
149 513.703 6.42545e-06 1.97555e-09 
150 510.846 5.67842e-06 1.91416e-09 
151 508.084 4.87613e-06 1.8543e-09 
152 505.416 4.01958e-06 1.79596e-09 
153 502.846 3.10994e-06 1.73911e-09 
154 500.374 2.14847e-06 1.68373e-09 
155 498.001 1.13656e-06 1.62979e-09 
156 495.728 7.57181e-08 1.57726e-09 
157 493.554 -1.0324e-06 1.5261e-09 
158 491.481 -2.18604e-06 1.47626e-09 
159 489.507 -3.38328e-06 1.42769e-09 
160 487.633 -4.62209e-06 1.38033e-09 
161 485.857 -5.90058e-06 1.33413e-09 
162 484.181 -7.21791e-06 1.28909e-09 
163 482.607 -8.57346e-06 1.24522e-09 
164 481.136 -9.96655e-06 1.20253e-09 
165 479.77 -1.13964e-05 1.16103e-09 
166 478.511 -1.28624e-05 1.12071e-09 
167 477.358 -1.43634e-05 1.08159e-09 
168 476.314 -1.58988e-05 1.04366e-09 
169 475.378 -1.74674e-05 1.00691e-09 
170 474.552 -1.90683e-05 9.71344e-10 
171 473.835 -2.07004e-05 9.36947e-10 
172 473.227 -2.23626e-05 9.03708e-10 
173 472.728 -2.40535e-05 8.71612e-10 
174 472.339 -2.5772e-05 8.40643e-10 
175 472.057 -2.75166e-05 8.10778e-10 
176 471.883 -2.92861e-05 7.81996e-10 
177 471.815 -3.10788e-05 7.54269e-10 
178 471.852 -3.28934e-05 7.27567e-10 
179 471.992 -3.4728e-05 7.01858e-10 
180 472.234 -3.65811e-05 6.77107e-10 
181 472.575 -3.84511e-05 6.5328e-10 
182 473.017 -4.0337e-05 6.30371e-10 
183 473.558 -4.2238e-05 6.08381e-10 
184 474.199 -4.41533e-05 5.87306e-10 
185 474.941 -4.60819e-05 5.67144e-10 
186 475.782 -4.8023e-05 5.47888e-10 
187 476.722 -4.99756e-05 5.29533e-10 
188 477.761 -5.19389e-05 5.1207e-10 
189 478.898 -5.39117e-05 4.9549e-10 
190 480.132 -5.58932e-05 4.79779e-10 
191 481.462 -5.78821e-05 4.64926e-10 
192 482.887 -5.98776e-05 4.50916e-10 
193 484.405 -6.18784e-05 4.37731e-10 
194 486.015 -6.38835e-05 4.25353e-10 
195 487.716 -6.58916e-05 4.13763e-10 
196 489.504 -6.79016e-05 4.02938e-10 
197 491.379 -6.99122e-05 3.92854e-10 
198 493.338 -7.19222e-05 3.83486e-10 
199 495.378 -7.39303e-05 3.74806e-10 
200 497.496 -7.59353e-05 3.66784e-10 
201 499.691 -7.79357e-05 3.59395e-10 
202 501.96 -7.99309e-05 3.5263e-10 
203 504.305 -8.19201e-05 3.46487e-10 
204 506.723 -8.39027e-05 3.40962e-10 
205 509.214 -8.58778e-05 3.36049e-10 
206 511.777 -8.78448e-05 3.31744e-10 
207 514.411 -8.9803e-05 3.2804e-10 
208 517.114 -9.17515e-05 3.24929e-10 
209 519.886 -9.36898e-05 3.22404e-10 
210 522.724 -9.5617e-05 3.20456e-10 
211 525.628 -9.75324e-05 3.19074e-10 
212 528.596 -9.94352e-05 3.18248e-10 
213 531.625 -0.000101325 3.17967e-10 
214 534.714 -0.0001032 3.18217e-10 
215 537.861 -0.000105061 3.18987e-10 
216 541.065 -0.000106906 3.2026e-10 
217 544.321 -0.000108734 3.22022e-10 
218 547.629 -0.000110545 3.24256e-10 
219 550.985 -0.000112339 3.26945e-10 
220 554.388 -0.000114113 3.30072e-10 
221 557.834 -0.000115869 3.33616e-10 
222 561.319 -0.000117603 3.37557e-10 
223 564.843 -0.000119317 3.41874e-10 
224 568.4 -0.000121008 3.46545e-10 
225 571.988 -0.000122677 3.51546e-10 
226 575.604 -0.000124322 3.56857e-10 
227 579.245 -0.000125944 3.62468e-10 
228 582.912 -0.00012754 3.68375e-10 
229 586.602 -0.000129112 3.74572e-10 
230 590.314 -0.000130659 3.81052e-10 
231 594.046 -0.000132179 3.8781e-10 
232 597.798 -0.000133674 3.94839e-10 
233 601.567 -0.000135142 4.02131e-10 
234 605.352 -0.000136583 4.09679e-10 
235 609.151 -0.000137997 4.17474e-10 
236 612.962 -0.000139383 4.25509e-10 
237 616.784 -0.000140741 4.33775e-10 
238 620.614 -0.000142071 4.42262e-10 
239 624.451 -0.000143372 4.50961e-10 
240 628.292 -0.000144644 4.59861e-10 
241 632.136 -0.000145887 4.68953e-10 
242 635.98 -0.0001471 4.78225e-10 
243 639.822 -0.000148284 4.87666e-10 
244 643.66 -0.000149437 4.97264e-10 
245 647.491 -0.00015056 5.07008e-10 
246 651.312 -0.000151652 5.16883e-10 
247 655.122 -0.000152713 5.26879e-10 
248 658.918 -0.000153743 5.36979e-10 
249 662.696 -0.000154742 5.47172e-10 
250 666.455 -0.000155709 5.57442e-10 
251 670.191 -0.000156645 5.67775e-10 
252 673.904 -0.000157549 5.78166e-10 
253 677.591 -0.000158421 5.8861e-10 
254 681.252 -0.00015926 5.991e-10 
255 684.886 -0.000160068 6.09632e-10 
256 688.491 -0.000160843 6.20201e-10 
257 692.066 -0.000161586 6.308e-10 
258 695.61 -0.000162296 6.41424e-10 
259 699.121 -0.000162973 6.52066e-10 
260 702.598 -0.000163619 6.62722e-10 
261 706.04 -0.000164231 6.73384e-10 
262 709.445 -0.000164811 6.84046e-10 
263 712.812 -0.000165358 6.94701e-10 
264 716.139 -0.000165873 7.05343e-10 
265 719.425 -0.000166355 7.15965e-10 
266 722.669 -0.000166804 7.2656e-10 
267 725.868 -0.000167221 7.37121e-10 
268 729.022 -0.000167606 7.47639e-10 
269 732.128 -0.000167958 7.58108e-10 
270 735.186 -0.000168279 7.6852e-10 
271 738.194 -0.000168567 7.78867e-10 
272 741.149 -0.000168824 7.89141e-10 
273 744.051 -0.000169048 7.99333e-10 
274 746.897 -0.000169242 8.09436e-10 
275 749.686 -0.000169404 8.1944e-10 
276 752.417 -0.000169535 8.29338e-10 
277 755.088 -0.000169636 8.39126e-10 
278 757.698 -0.000169705 8.48799e-10 
279 760.248 -0.000169745 8.58356e-10 
280 762.736 -0.000169753 8.67792e-10 
281 765.161 -0.000169732 8.77104e-10 
282 767.523 -0.000169682 8.86289e-10 
283 769.821 -0.000169601 8.95344e-10 
284 772.054 -0.000169491 9.04264e-10 
285 774.221 -0.000169353 9.13046e-10 
286 776.323 -0.000169186 9.21687e-10 
287 778.358 -0.00016899 9.30184e-10 
288 780.325 -0.000168767 9.38533e-10 
289 782.224 -0.000168516 9.4673e-10 
290 784.054 -0.000168237 9.54773e-10 
291 785.814 -0.000167932 9.62656e-10 
292 787.504 -0.000167601 9.70378e-10 
293 789.123 -0.000167243 9.77933e-10 
294 790.671 -0.00016686 9.8532e-10 
295 792.146 -0.000166453 9.92533e-10 
296 793.547 -0.00016602 9.9957e-10 
297 794.876 -0.000165564 1.00643e-09 
298 796.129 -0.000165084 1.0131e-09 
299 797.308 -0.000164582 1.01959e-09 
300 798.412 -0.000164057 1.02588e-09 
301 799.439 -0.000163511 1.03198e-09 
302 800.389 -0.000162943 1.03788e-09 
303 801.264 -0.000162353 1.04359e-09 
304 802.062 -0.000161743 1.0491e-09 
305 802.784 -0.000161112 1.05441e-09 
306 803.43 -0.00016046 1.05952e-09 
307 804.001 -0.000159788 1.06444e-09 
308 804.496 -0.000159095 1.06915e-09 
309 804.915 -0.000158383 1.07366e-09 
310 805.259 -0.000157651 1.07796e-09 
311 805.527 -0.0001569 1.08207e-09 
312 805.721 -0.00015613 1.08597e-09 
313 805.841 -0.000155341 1.08967e-09 
314 805.886 -0.000154533 1.09317e-09 
315 805.858 -0.000153707 1.09646e-09 
316 805.755 -0.000152864 1.09955e-09 
317 805.58 -0.000152003 1.10244e-09 
318 805.332 -0.000151125 1.10512e-09 
319 805.011 -0.00015023 1.1076e-09 
320 804.619 -0.000149318 1.10988e-09 
321 804.156 -0.000148391 1.11195e-09 
322 803.621 -0.000147448 1.11382e-09 
323 803.016 -0.00014649 1.11548e-09 
324 802.342 -0.000145517 1.11695e-09 
325 801.598 -0.000144529 1.11821e-09 
326 800.786 -0.000143528 1.11927e-09 
327 799.906 -0.000142513 1.12013e-09 
328 798.959 -0.000141485 1.12079e-09 
329 797.946 -0.000140444 1.12125e-09 
330 796.867 -0.000139392 1.12152e-09 
331 795.723 -0.000138327 1.12158e-09 
332 794.514 -0.000137252 1.12145e-09 
333 793.243 -0.000136166 1.12112e-09 
334 791.909 -0.00013507 1.1206e-09 
335 790.513 -0.000133964 1.11989e-09 
336 789.057 -0.000132849 1.11899e-09 
337 787.541 -0.000131726 1.11789e-09 
338 785.967 -0.000130595 1.11661e-09 
339 784.335 -0.000129457 1.11514e-09 
340 782.646 -0.000128312 1.11349e-09 
341 780.902 -0.000127161 1.11165e-09 
342 779.103 -0.000126005 1.10963e-09 
343 777.251 -0.000124844 1.10743e-09 
344 775.346 -0.000123678 1.10506e-09 
345 773.391 -0.00012251 1.1025e-09 
346 771.387 -0.000121338 1.09978e-09 
347 769.333 -0.000120164 1.09688e-09 
348 767.233 -0.000118989 1.09381e-09 
349 765.087 -0.000117813 1.09058e-09 
350 762.897 -0.000116637 1.08719e-09 
351 760.663 -0.000115462 1.08363e-09 
352 758.387 -0.000114288 1.07991e-09 
353 756.07 -0.000113115 1.07603e-09 
354 753.712 -0.000111944 1.072e-09 
355 751.315 -0.000110774 1.06781e-09 
356 748.879 -0.000109606 1.06347e-09 
357 746.405 -0.000108439 1.05898e-09 
358 743.894 -0.000107276 1.05433e-09 
359 741.347 -0.000106114 1.04954e-09 
360 738.765 -0.000104956 1.04459e-09 
361 736.149 -0.0001038 1.03951e-09 
362 733.499 -0.000102648 1.03428e-09 
363 730.818 -0.000101498 1.02891e-09 
364 728.106 -0.000100353 1.0234e-09 
365 725.363 -9.92113e-05 1.01775e-09 
366 722.592 -9.80736e-05 1.01197e-09 
367 719.794 -9.69403e-05 1.00605e-09 
368 716.968 -9.58115e-05 1e-09 
369 714.117 -9.46874e-05 9.93831e-10 
370 711.242 -9.35682e-05 9.87532e-10 
371 708.344 -9.24543e-05 9.8111e-10 
372 705.424 -9.13459e-05 9.74568e-10 
373 702.483 -9.02431e-05 9.67908e-10 
374 699.523 -8.91462e-05 9.61134e-10 
375 696.545 -8.80554e-05 9.54247e-10 
376 693.55 -8.6971e-05 9.47252e-10 
377 690.54 -8.58933e-05 9.4015e-10 
378 687.515 -8.48224e-05 9.32945e-10 
379 684.478 -8.37585e-05 9.2564e-10 
380 681.43 -8.2702e-05 9.18238e-10 
381 678.372 -8.16531e-05 9.10743e-10 
382 675.305 -8.0612e-05 9.03158e-10 
383 672.231 -7.9579e-05 8.95485e-10 
384 669.152 -7.85542e-05 8.8773e-10 
385 666.069 -7.7538e-05 8.79895e-10 
386 662.984 -7.65306e-05 8.71983e-10 
387 659.898 -7.55322e-05 8.64e-10 
388 656.813 -7.45431e-05 8.55947e-10 
389 653.73 -7.35635e-05 8.4783e-10 
390 650.651 -7.25937e-05 8.39652e-10 
391 647.578 -7.16339e-05 8.31418e-10 
392 644.512 -7.06844e-05 8.2313e-10 
393 641.456 -6.97455e-05 8.14795e-10 
394 638.41 -6.88173e-05 8.06415e-10 
395 635.377 -6.79001e-05 7.97995e-10 
396 632.358 -6.69942e-05 7.8954e-10 
397 629.355 -6.60998e-05 7.81053e-10 
398 626.371 -6.52173e-05 7.72541e-10 
399 623.406 -6.43468e-05 7.64007e-10 
400 620.464 -6.34886e-05 7.55456e-10 
401 617.545 -6.26429e-05 7.46892e-10 
402 614.65 -6.18098e-05 7.38318e-10 
403 611.78 -6.09894e-05 7.29735e-10 
404 608.936 -6.01816e-05 7.21144e-10 
405 606.117 -5.93866e-05 7.12547e-10 
406 603.326 -5.86043e-05 7.03946e-10 
407 600.562 -5.78349e-05 6.95342e-10 
408 597.826 -5.70782e-05 6.86737e-10 
409 595.118 -5.63343e-05 6.78133e-10 
410 592.44 -5.56032e-05 6.6953e-10 
411 589.791 -5.48851e-05 6.60932e-10 
412 587.172 -5.41797e-05 6.52339e-10 
413 584.585 -5.34873e-05 6.43753e-10 
414 582.029 -5.28077e-05 6.35176e-10 
415 579.505 -5.21409e-05 6.26609e-10 
416 577.013 -5.1487e-05 6.18055e-10 
417 574.555 -5.0846e-05 6.09515e-10 
418 572.131 -5.02178e-05 6.00991e-10 
419 569.741 -4.96024e-05 5.92485e-10 
420 567.386 -4.89998e-05 5.83998e-10 
421 565.067 -4.84099e-05 5.75532e-10 
422 562.784 -4.78328e-05 5.6709e-10 
423 560.537 -4.72683e-05 5.58672e-10 
424 558.328 -4.67166e-05 5.50282e-10 
425 556.157 -4.61774e-05 5.4192e-10 
426 554.024 -4.56508e-05 5.3359e-10 
427 551.931 -4.51367e-05 5.25292e-10 
428 549.877 -4.46351e-05 5.17028e-10 
429 547.863 -4.41459e-05 5.08802e-10 
430 545.89 -4.3669e-05 5.00613e-10 
431 543.958 -4.32043e-05 4.92466e-10 
432 542.068 -4.27519e-05 4.84361e-10 
433 540.22 -4.23115e-05 4.76301e-10 
434 538.416 -4.18832e-05 4.68288e-10 
435 536.655 -4.14668e-05 4.60323e-10 
436 534.938 -4.10623e-05 4.5241e-10 
437 533.266 -4.06695e-05 4.4455e-10 
438 531.639 -4.02884e-05 4.36744e-10 
439 530.058 -3.99188e-05 4.28997e-10 
440 528.523 -3.95607e-05 4.21309e-10 
441 527.035 -3.92139e-05 4.13682e-10 
442 525.594 -3.88782e-05 4.0612e-10 
443 524.201 -3.85537e-05 3.98623e-10 
444 522.857 -3.82401e-05 3.91196e-10 
445 521.562 -3.79373e-05 3.83838e-10 
446 520.316 -3.76452e-05 3.76554e-10 
447 519.121 -3.73636e-05 3.69346e-10 
448 517.976 -3.70924e-05 3.62215e-10 
449 516.882 -3.68314e-05 3.55163e-10 
450 515.84 -3.65804e-05 3.48195e-10 
451 514.85 -3.63394e-05 3.4131e-10 
452 513.912 -3.61082e-05 3.34511e-10 
453 513.026 -3.58868e-05 3.27797e-10 
454 512.191 -3.5675e-05 3.2117e-10 
455 511.409 -3.54727e-05 3.14629e-10 
456 510.677 -3.52799e-05 3.08175e-10 
457 509.997 -3.50964e-05 3.01808e-10 
458 509.367 -3.49222e-05 2.95529e-10 
459 508.788 -3.47571e-05 2.89338e-10 
460 508.26 -3.4601e-05 2.83236e-10 
461 507.781 -3.44539e-05 2.77222e-10 
462 507.353 -3.43155e-05 2.71297e-10 
463 506.973 -3.41858e-05 2.65462e-10 
464 506.643 -3.40646e-05 2.59716e-10 
465 506.362 -3.39518e-05 2.5406e-10 
466 506.13 -3.38473e-05 2.48494e-10 
467 505.945 -3.37509e-05 2.43018e-10 
468 505.808 -3.36625e-05 2.37633e-10 
469 505.719 -3.35819e-05 2.32339e-10 
470 505.676 -3.3509e-05 2.27136e-10 
471 505.68 -3.34437e-05 2.22024e-10 
472 505.73 -3.33857e-05 2.17003e-10 
473 505.825 -3.33349e-05 2.12074e-10 
474 505.966 -3.32911e-05 2.07236e-10 
475 506.151 -3.32543e-05 2.02489e-10 
476 506.38 -3.32241e-05 1.97834e-10 
477 506.652 -3.32004e-05 1.93271e-10 
478 506.968 -3.3183e-05 1.888e-10 
479 507.326 -3.31718e-05 1.8442e-10 
480 507.725 -3.31666e-05 1.80133e-10 
481 508.166 -3.3167e-05 1.75937e-10 
482 508.648 -3.3173e-05 1.71832e-10 
483 509.169 -3.31844e-05 1.67819e-10 
484 509.73 -3.32009e-05 1.63898e-10 
485 510.33 -3.32223e-05 1.60068e-10 
486 510.967 -3.32484e-05 1.5633e-10 
487 511.641 -3.3279e-05 1.52683e-10 
488 512.352 -3.33138e-05 1.49127e-10 
489 513.099 -3.33526e-05 1.45661e-10 
490 513.881 -3.33952e-05 1.42287e-10 
491 514.697 -3.34414e-05 1.39003e-10 
492 515.546 -3.34908e-05 1.35809e-10 
493 516.428 -3.35433e-05 1.32705e-10 
494 517.342 -3.35986e-05 1.29691e-10 
495 518.287 -3.36564e-05 1.26766e-10 
496 519.261 -3.37164e-05 1.23931e-10 
497 520.265 -3.37785e-05 1.21184e-10 
498 521.297 -3.38422e-05 1.18525e-10 
499 522.356 -3.39074e-05 1.15955e-10 
500 523.442 -3.39738e-05 1.13472e-10 
501 524.553 -3.40411e-05 1.11076e-10 
502 525.688 -3.41092e-05 1.08767e-10 
503 526.848 -3.4178e-05 1.06545e-10 
504 528.032 -3.42474e-05 1.04407e-10 
505 529.238 -3.43175e-05 1.02355e-10 
506 530.467 -3.4388e-05 1.00387e-10 
507 531.717 -3.44589e-05 9.85033e-11 
508 532.988 -3.45302e-05 9.67025e-11 
509 534.279 -3.46018e-05 9.49841e-11 
510 535.589 -3.46735e-05 9.33475e-11 
511 536.918 -3.47453e-05 9.1792e-11 
512 538.266 -3.48171e-05 9.03168e-11 
513 539.63 -3.48888e-05 8.89211e-11 
514 541.011 -3.49604e-05 8.76042e-11 
515 542.408 -3.50317e-05 8.63652e-11 
516 543.819 -3.51027e-05 8.52034e-11 
517 545.245 -3.51732e-05 8.41178e-11 
518 546.684 -3.52431e-05 8.31075e-11 
519 548.135 -3.53125e-05 8.21717e-11 
520 549.598 -3.53811e-05 8.13094e-11 
521 551.072 -3.54489e-05 8.05196e-11 
522 552.555 -3.55157e-05 7.98013e-11 
523 554.047 -3.55815e-05 7.91536e-11 
524 555.548 -3.56462e-05 7.85753e-11 
525 557.055 -3.57097e-05 7.80655e-11 
526 558.569 -3.57718e-05 7.7623e-11 
527 560.087 -3.58325e-05 7.72467e-11 
528 561.61 -3.58916e-05 7.69355e-11 
529 563.136 -3.59491e-05 7.66881e-11 
530 564.664 -3.60048e-05 7.65035e-11 
531 566.194 -3.60586e-05 7.63803e-11 
532 567.723 -3.61104e-05 7.63173e-11 
533 569.252 -3.61601e-05 7.63133e-11 
534 570.778 -3.62075e-05 7.63669e-11 
535 572.302 -3.62526e-05 7.64768e-11 
536 573.822 -3.62952e-05 7.66417e-11 
537 575.336 -3.63353e-05 7.68601e-11 
538 576.843 -3.63726e-05 7.71306e-11 
539 578.344 -3.64071e-05 7.74518e-11 
540 579.835 -3.64386e-05 7.78223e-11 
541 581.317 -3.6467e-05 7.82405e-11 
542 582.787 -3.64922e-05 7.87049e-11 
543 584.245 -3.6514e-05 7.92139e-11 
544 585.69 -3.65324e-05 7.9766e-11 
545 587.12 -3.65471e-05 8.03595e-11 
546 588.534 -3.65581e-05 8.09929e-11 
547 589.93 -3.65652e-05 8.16644e-11 
548 591.308 -3.65682e-05 8.23724e-11 
549 592.666 -3.65671e-05 8.3115e-11 
550 594.003 -3.65617e-05 8.38907e-11 
551 595.318 -3.65518e-05 8.46977e-11 
552 596.609 -3.65375e-05 8.55352e-11 
553 597.877 -3.65187e-05 8.64025e-11 
554 599.122 -3.64956e-05 8.7299e-11 
555 600.342 -3.6468e-05 8.82239e-11 
556 601.538 -3.64361e-05 8.91765e-11 
557 602.709 -3.63997e-05 9.01561e-11 
558 603.855 -3.63591e-05 9.1162e-11 
559 604.976 -3.63141e-05 9.21933e-11 
560 606.071 -3.62647e-05 9.32493e-11 
561 607.139 -3.62111e-05 9.43293e-11 
562 608.181 -3.61532e-05 9.54324e-11 
563 609.196 -3.60911e-05 9.65578e-11 
564 610.183 -3.60247e-05 9.77046e-11 
565 611.143 -3.59541e-05 9.88722e-11 
566 612.074 -3.58793e-05 1.00059e-10 
567 612.977 -3.58003e-05 1.01266e-10 
568 613.851 -3.57172e-05 1.0249e-10 
569 614.696 -3.563e-05 1.03731e-10 
570 615.51 -3.55387e-05 1.04989e-10 
571 616.295 -3.54433e-05 1.06262e-10 
572 617.049 -3.53438e-05 1.07549e-10 
573 617.772 -3.52404e-05 1.0885e-10 
574 618.463 -3.5133e-05 1.10163e-10 
575 619.123 -3.50216e-05 1.11488e-10 
576 619.75 -3.49063e-05 1.12823e-10 
577 620.345 -3.47871e-05 1.14168e-10 
578 620.907 -3.4664e-05 1.15521e-10 
579 621.435 -3.45371e-05 1.16881e-10 
580 621.929 -3.44064e-05 1.18248e-10 
581 622.389 -3.4272e-05 1.1962e-10 
582 622.814 -3.41338e-05 1.20997e-10 
583 623.203 -3.39919e-05 1.22376e-10 
584 623.558 -3.38464e-05 1.23758e-10 
585 623.875 -3.36972e-05 1.2514e-10 
586 624.157 -3.35445e-05 1.26522e-10 
587 624.401 -3.33882e-05 1.27902e-10 
588 624.608 -3.32284e-05 1.2928e-10 
589 624.777 -3.30652e-05 1.30654e-10 
590 624.907 -3.28985e-05 1.32023e-10 
591 624.999 -3.27284e-05 1.33386e-10 
592 625.052 -3.2555e-05 1.34741e-10 
593 625.064 -3.23783e-05 1.36088e-10 
594 625.037 -3.21984e-05 1.37425e-10 
595 624.968 -3.20152e-05 1.3875e-10 
596 624.859 -3.18289e-05 1.40063e-10 
597 624.708 -3.16394e-05 1.41361e-10 
598 624.514 -3.14469e-05 1.42645e-10 
599 624.279 -3.12514e-05 1.43912e-10 
600 624 -3.10529e-05 1.45161e-10 
601 623.677 -3.08514e-05 1.46391e-10 
602 623.311 -3.06472e-05 1.47602e-10 
603 622.902 -3.04401e-05 1.48793e-10 
604 622.45 -3.02303e-05 1.49963e-10 
605 621.956 -3.00178e-05 1.51114e-10 
606 621.418 -2.98027e-05 1.52244e-10 
607 620.838 -2.95851e-05 1.53354e-10 
608 620.216 -2.93651e-05 1.54442e-10 
609 619.553 -2.91426e-05 1.5551e-10 
610 618.847 -2.89178e-05 1.56556e-10 
611 618.1 -2.86908e-05 1.57581e-10 
612 617.312 -2.84616e-05 1.58584e-10 
613 616.483 -2.82303e-05 1.59565e-10 
614 615.613 -2.7997e-05 1.60523e-10 
615 614.703 -2.77617e-05 1.6146e-10 
616 613.753 -2.75245e-05 1.62373e-10 
617 612.763 -2.72856e-05 1.63264e-10 
618 611.733 -2.70449e-05 1.64131e-10 
619 610.664 -2.68026e-05 1.64975e-10 
620 609.556 -2.65588e-05 1.65795e-10 
621 608.409 -2.63134e-05 1.66592e-10 
622 607.224 -2.60667e-05 1.67364e-10 
623 606.002 -2.58187e-05 1.68112e-10 
624 604.741 -2.55695e-05 1.68836e-10 
625 603.443 -2.53191e-05 1.69535e-10 
626 602.108 -2.50677e-05 1.70209e-10 
627 600.736 -2.48153e-05 1.70857e-10 
628 599.328 -2.45621e-05 1.7148e-10 
629 597.884 -2.43081e-05 1.72077e-10 
630 596.405 -2.40535e-05 1.72648e-10 
631 594.89 -2.37982e-05 1.73193e-10 
632 593.341 -2.35425e-05 1.73712e-10 
633 591.757 -2.32863e-05 1.74204e-10 
634 590.139 -2.30299e-05 1.74669e-10 
635 588.487 -2.27733e-05 1.75106e-10 
636 586.802 -2.25165e-05 1.75517e-10 
637 585.084 -2.22598e-05 1.75899e-10 
638 583.334 -2.20032e-05 1.76254e-10 
639 581.552 -2.17467e-05 1.7658e-10 
640 579.739 -2.14906e-05 1.76879e-10 
641 577.894 -2.12349e-05 1.77148e-10 
642 576.019 -2.09798e-05 1.77389e-10 
643 574.114 -2.07252e-05 1.776e-10 
644 572.179 -2.04714e-05 1.77782e-10 
645 570.215 -2.02184e-05 1.77935e-10 
646 568.222 -1.99664e-05 1.78057e-10 
647 566.201 -1.97155e-05 1.7815e-10 
648 564.152 -1.94658e-05 1.78212e-10 
649 562.076 -1.92173e-05 1.78243e-10 
650 559.973 -1.89703e-05 1.78244e-10 
651 557.844 -1.87248e-05 1.78213e-10 
652 555.689 -1.84808e-05 1.78152e-10 
653 553.509 -1.82385e-05 1.7806e-10 
654 551.305 -1.79979e-05 1.77937e-10 
655 549.077 -1.77589e-05 1.77785e-10 
656 546.825 -1.75217e-05 1.77602e-10 
657 544.551 -1.72862e-05 1.7739e-10 
658 542.254 -1.70526e-05 1.77149e-10 
659 539.935 -1.68209e-05 1.76878e-10 
660 537.596 -1.6591e-05 1.76579e-10 
661 535.235 -1.63631e-05 1.76251e-10 
662 532.855 -1.61373e-05 1.75895e-10 
663 530.456 -1.59134e-05 1.75511e-10 
664 528.038 -1.56917e-05 1.75099e-10 
665 525.602 -1.5472e-05 1.7466e-10 
666 523.149 -1.52546e-05 1.74194e-10 
667 520.679 -1.50394e-05 1.73702e-10 
668 518.193 -1.48264e-05 1.73183e-10 
669 515.692 -1.46158e-05 1.72638e-10 
670 513.176 -1.44075e-05 1.72067e-10 
671 510.646 -1.42017e-05 1.71472e-10 
672 508.103 -1.39983e-05 1.70851e-10 
673 505.547 -1.37973e-05 1.70205e-10 
674 502.979 -1.3599e-05 1.69535e-10 
675 500.4 -1.34032e-05 1.68842e-10 
676 497.811 -1.32101e-05 1.68124e-10 
677 495.212 -1.30197e-05 1.67384e-10 
678 492.604 -1.2832e-05 1.66621e-10 
679 489.988 -1.26471e-05 1.65835e-10 
680 487.364 -1.2465e-05 1.65028e-10 
681 484.734 -1.22858e-05 1.64199e-10 
682 482.098 -1.21096e-05 1.63349e-10 
683 479.456 -1.19363e-05 1.62478e-10 
684 476.811 -1.17661e-05 1.61587e-10 
685 474.161 -1.15989e-05 1.60675e-10 
686 471.51 -1.14349e-05 1.59745e-10 
687 468.856 -1.12741e-05 1.58795e-10 
688 466.201 -1.11166e-05 1.57827e-10 
689 463.546 -1.09623e-05 1.56841e-10 
690 460.892 -1.08114e-05 1.55837e-10 
691 458.239 -1.06638e-05 1.54816e-10 
692 455.588 -1.05197e-05 1.53778e-10 
693 452.941 -1.03792e-05 1.52724e-10 
694 450.298 -1.02421e-05 1.51654e-10 
695 447.66 -1.01087e-05 1.50569e-10 
696 445.028 -9.97895e-06 1.49469e-10 
697 442.402 -9.85291e-06 1.48355e-10 
698 439.785 -9.73064e-06 1.47227e-10 
699 437.176 -9.6122e-06 1.46086e-10 
700 434.576 -9.49763e-06 1.44933e-10 
701 431.987 -9.38699e-06 1.43767e-10 
702 429.409 -9.28028e-06 1.42589e-10 
703 426.843 -9.17747e-06 1.414e-10 
704 424.288 -9.07856e-06 1.40199e-10 
705 421.744 -8.98353e-06 1.38988e-10 
706 419.213 -8.89237e-06 1.37767e-10 
707 416.695 -8.80506e-06 1.36535e-10 
708 414.19 -8.72158e-06 1.35293e-10 
709 411.698 -8.64193e-06 1.34043e-10 
710 409.22 -8.56607e-06 1.32783e-10 
711 406.756 -8.49401e-06 1.31515e-10 
712 404.307 -8.42571e-06 1.30238e-10 
713 401.872 -8.36116e-06 1.28954e-10 
714 399.453 -8.30034e-06 1.27662e-10 
715 397.049 -8.24323e-06 1.26363e-10 
716 394.662 -8.18981e-06 1.25057e-10 
717 392.29 -8.14006e-06 1.23746e-10 
718 389.936 -8.09397e-06 1.22428e-10 
719 387.598 -8.0515e-06 1.21105e-10 
720 385.279 -8.01265e-06 1.19777e-10 
721 382.977 -7.97738e-06 1.18444e-10 
722 380.693 -7.94567e-06 1.17108e-10 
723 378.428 -7.9175e-06 1.15767e-10 
724 376.182 -7.89284e-06 1.14423e-10 
725 373.956 -7.87168e-06 1.13077e-10 
726 371.75 -7.85399e-06 1.11728e-10 
727 369.564 -7.83973e-06 1.10377e-10 
728 367.398 -7.82889e-06 1.09024e-10 
729 365.254 -7.82145e-06 1.07671e-10 
730 363.131 -7.81736e-06 1.06317e-10 
731 361.031 -7.8166e-06 1.04963e-10 
732 358.953 -7.81916e-06 1.03609e-10 
733 356.897 -7.82499e-06 1.02256e-10 
734 354.865 -7.83407e-06 1.00905e-10 
735 352.856 -7.84637e-06 9.95548e-11 
736 350.871 -7.86186e-06 9.82074e-11 
737 348.911 -7.88051e-06 9.68628e-11 
738 346.976 -7.90229e-06 9.55216e-11 
739 345.066 -7.92716e-06 9.41842e-11 
740 343.182 -7.95509e-06 9.28511e-11 
741 341.325 -7.98606e-06 9.15229e-11 
742 339.494 -8.02002e-06 9.02001e-11 
743 337.69 -8.05695e-06 8.88832e-11 
744 335.913 -8.0968e-06 8.75728e-11 
745 334.165 -8.13955e-06 8.62693e-11 
746 332.445 -8.18516e-06 8.49734e-11 
747 330.754 -8.23358e-06 8.36855e-11 
748 329.092 -8.2848e-06 8.24063e-11 
749 327.46 -8.33876e-06 8.11363e-11 
750 325.859 -8.39543e-06 7.98761e-11 
751 324.288 -8.45476e-06 7.86261e-11 
752 322.748 -8.51673e-06 7.73865e-11 
753 321.238 -8.58127e-06 7.61576e-11 
754 319.759 -8.64835e-06 7.49393e-11 
755 318.311 -8.71791e-06 7.37319e-11 
756 316.892 -8.7899e-06 7.25355e-11 
757 315.504 -8.86429e-06 7.13502e-11 
758 314.146 -8.94101e-06 7.01761e-11 
759 312.818 -9.02002e-06 6.90134e-11 
760 311.52 -9.10127e-06 6.78623e-11 
761 310.252 -9.1847e-06 6.67227e-11 
762 309.014 -9.27026e-06 6.5595e-11 
763 307.805 -9.35791e-06 6.44791e-11 
764 306.626 -9.44758e-06 6.33754e-11 
765 305.476 -9.53923e-06 6.22838e-11 
766 304.355 -9.63279e-06 6.12045e-11 
767 303.263 -9.72822e-06 6.01376e-11 
768 302.2 -9.82545e-06 5.90834e-11 
769 301.167 -9.92443e-06 5.80419e-11 
770 300.161 -1.00251e-05 5.70133e-11 
771 299.185 -1.01274e-05 5.59977e-11 
772 298.237 -1.02313e-05 5.49952e-11 
773 297.317 -1.03367e-05 5.4006e-11 
774 296.425 -1.04435e-05 5.30302e-11 
775 295.561 -1.05518e-05 5.2068e-11 
776 294.725 -1.06613e-05 5.11195e-11 
777 293.917 -1.07722e-05 5.01848e-11 
778 293.136 -1.08842e-05 4.92641e-11 
779 292.382 -1.09974e-05 4.83576e-11 
780 291.655 -1.11117e-05 4.74653e-11 
781 290.956 -1.1227e-05 4.65874e-11 
782 290.283 -1.13432e-05 4.57241e-11 
783 289.637 -1.14603e-05 4.48754e-11 
784 289.017 -1.15782e-05 4.40416e-11 
785 288.423 -1.16969e-05 4.32228e-11 
786 287.855 -1.18162e-05 4.24191e-11 
787 287.313 -1.19361e-05 4.16307e-11 
788 286.797 -1.20566e-05 4.08577e-11 
789 286.306 -1.21775e-05 4.01002e-11 
790 285.84 -1.22989e-05 3.93585e-11 
791 285.399 -1.24205e-05 3.86326e-11 
792 284.983 -1.25424e-05 3.79227e-11 
793 284.591 -1.26645e-05 3.7229e-11 
794 284.224 -1.27866e-05 3.65515e-11 
795 283.881 -1.29088e-05 3.58905e-11 
796 283.561 -1.30309e-05 3.52461e-11 
797 283.265 -1.31529e-05 3.46184e-11 
798 282.993 -1.32747e-05 3.40077e-11 
799 282.743 -1.33962e-05 3.34139e-11 
800 282.516 -1.35174e-05 3.28373e-11 
801 282.312 -1.36381e-05 3.22781e-11 
802 282.13 -1.37583e-05 3.1736e-11 
803 281.97 -1.3878e-05 3.12111e-11 
804 281.832 -1.39972e-05 3.07032e-11 
805 281.715 -1.41158e-05 3.02122e-11 
806 281.618 -1.42338e-05 2.9738e-11 
807 281.543 -1.43512e-05 2.92805e-11 
808 281.487 -1.4468e-05 2.88394e-11 
809 281.451 -1.4584e-05 2.84149e-11 
810 281.435 -1.46994e-05 2.80066e-11 
811 281.438 -1.4814e-05 2.76145e-11 
812 281.459 -1.49278e-05 2.72384e-11 
813 281.499 -1.50408e-05 2.68782e-11 
814 281.557 -1.5153e-05 2.65338e-11 
815 281.632 -1.52642e-05 2.62051e-11 
816 281.725 -1.53746e-05 2.58919e-11 
817 281.834 -1.54841e-05 2.5594e-11 
818 281.96 -1.55925e-05 2.53114e-11 
819 282.101 -1.57e-05 2.50438e-11 
820 282.259 -1.58064e-05 2.47912e-11 
821 282.431 -1.59118e-05 2.45534e-11 
822 282.618 -1.6016e-05 2.43302e-11 
823 282.819 -1.61191e-05 2.41214e-11 
824 283.034 -1.62211e-05 2.3927e-11 
825 283.263 -1.63218e-05 2.37468e-11 
826 283.504 -1.64213e-05 2.35806e-11 
827 283.758 -1.65195e-05 2.34282e-11 
828 284.024 -1.66163e-05 2.32894e-11 
829 284.301 -1.67119e-05 2.31642e-11 
830 284.59 -1.6806e-05 2.30524e-11 
831 284.889 -1.68987e-05 2.29537e-11 
832 285.199 -1.699e-05 2.2868e-11 
833 285.518 -1.70797e-05 2.27951e-11 
834 285.847 -1.7168e-05 2.27348e-11 
835 286.184 -1.72546e-05 2.2687e-11 
836 286.529 -1.73396e-05 2.26514e-11 
837 286.882 -1.7423e-05 2.2628e-11 
838 287.243 -1.75047e-05 2.26164e-11 
839 287.61 -1.75847e-05 2.26165e-11 
840 287.983 -1.76629e-05 2.26281e-11 
841 288.362 -1.77394e-05 2.26511e-11 
842 288.746 -1.78139e-05 2.26851e-11 
843 289.135 -1.78866e-05 2.27301e-11 
844 289.528 -1.79574e-05 2.27857e-11 
845 289.924 -1.80262e-05 2.28519e-11 
846 290.323 -1.8093e-05 2.29284e-11 
847 290.725 -1.81578e-05 2.30149e-11 
848 291.129 -1.82205e-05 2.31113e-11 
849 291.534 -1.8281e-05 2.32173e-11 
850 291.94 -1.83394e-05 2.33328e-11 
851 292.346 -1.83956e-05 2.34574e-11 
852 292.751 -1.84496e-05 2.35911e-11 
853 293.157 -1.85014e-05 2.37337e-11 
854 293.562 -1.8551e-05 2.38849e-11 
855 293.965 -1.85984e-05 2.40446e-11 
856 294.368 -1.86436e-05 2.42125e-11 
857 294.769 -1.86866e-05 2.43886e-11 
858 295.168 -1.87275e-05 2.45726e-11 
859 295.565 -1.87661e-05 2.47642e-11 
860 295.959 -1.88026e-05 2.49634e-11 
861 296.351 -1.88369e-05 2.51699e-11 
862 296.739 -1.88691e-05 2.53835e-11 
863 297.124 -1.88991e-05 2.56041e-11 
864 297.506 -1.89269e-05 2.58313e-11 
865 297.883 -1.89526e-05 2.6065e-11 
866 298.256 -1.89762e-05 2.6305e-11 
867 298.624 -1.89976e-05 2.65511e-11 
868 298.987 -1.90168e-05 2.6803e-11 
869 299.345 -1.9034e-05 2.70606e-11 
870 299.697 -1.9049e-05 2.73236e-11 
871 300.043 -1.90619e-05 2.75918e-11 
872 300.383 -1.90727e-05 2.7865e-11 
873 300.716 -1.90814e-05 2.81429e-11 
874 301.041 -1.9088e-05 2.84254e-11 
875 301.36 -1.90925e-05 2.87121e-11 
876 301.671 -1.90949e-05 2.90029e-11 
877 301.973 -1.90952e-05 2.92976e-11 
878 302.267 -1.90935e-05 2.95958e-11 
879 302.552 -1.90897e-05 2.98973e-11 
880 302.828 -1.90838e-05 3.0202e-11 
881 303.095 -1.90759e-05 3.05096e-11 
882 303.351 -1.9066e-05 3.08197e-11 
883 303.597 -1.9054e-05 3.11323e-11 
884 303.833 -1.904e-05 3.14469e-11 
885 304.057 -1.9024e-05 3.17634e-11 
886 304.27 -1.90059e-05 3.20815e-11 
887 304.472 -1.89859e-05 3.2401e-11 
888 304.661 -1.89639e-05 3.27216e-11 
889 304.837 -1.89399e-05 3.3043e-11 
890 305 -1.89139e-05 3.33649e-11 
891 305.15 -1.8886e-05 3.36872e-11 
892 305.286 -1.88561e-05 3.40094e-11 
893 305.408 -1.88242e-05 3.43314e-11 
894 305.516 -1.87905e-05 3.46529e-11 
895 305.608 -1.87548e-05 3.49736e-11 
896 305.685 -1.87171e-05 3.52932e-11 
897 305.746 -1.86776e-05 3.56115e-11 
898 305.791 -1.86362e-05 3.59281e-11 
899 305.819 -1.85929e-05 3.62428e-11 
900 305.831 -1.85477e-05 3.65552e-11 
901 305.824 -1.85006e-05 3.68652e-11 
902 305.801 -1.84518e-05 3.71725e-11 
903 305.76 -1.84011e-05 3.74772e-11 
904 305.701 -1.83486e-05 3.77791e-11 
905 305.626 -1.82943e-05 3.80782e-11 
906 305.533 -1.82384e-05 3.83743e-11 
907 305.424 -1.81807e-05 3.86673e-11 
908 305.298 -1.81213e-05 3.89573e-11 
909 305.155 -1.80603e-05 3.92441e-11 
910 304.995 -1.79977e-05 3.95275e-11 
911 304.819 -1.79335e-05 3.98076e-11 
912 304.626 -1.78677e-05 4.00842e-11 
913 304.417 -1.78004e-05 4.03572e-11 
914 304.192 -1.77316e-05 4.06266e-11 
915 303.951 -1.76613e-05 4.08922e-11 
916 303.693 -1.75896e-05 4.11539e-11 
917 303.42 -1.75165e-05 4.14118e-11 
918 303.131 -1.7442e-05 4.16656e-11 
919 302.827 -1.73661e-05 4.19152e-11 
920 302.506 -1.72889e-05 4.21607e-11 
921 302.171 -1.72104e-05 4.24018e-11 
922 301.82 -1.71307e-05 4.26385e-11 
923 301.454 -1.70497e-05 4.28707e-11 
924 301.073 -1.69676e-05 4.30983e-11 
925 300.676 -1.68843e-05 4.33211e-11 
926 300.266 -1.67998e-05 4.35392e-11 
927 299.84 -1.67143e-05 4.37523e-11 
928 299.4 -1.66278e-05 4.39605e-11 
929 298.945 -1.65402e-05 4.41635e-11 
930 298.476 -1.64516e-05 4.43613e-11 
931 297.994 -1.6362e-05 4.45538e-11 
932 297.497 -1.62716e-05 4.47409e-11 
933 296.986 -1.61803e-05 4.49224e-11 
934 296.461 -1.60881e-05 4.50983e-11 
935 295.923 -1.59951e-05 4.52685e-11 
936 295.371 -1.59014e-05 4.54329e-11 
937 294.807 -1.58069e-05 4.55913e-11 
938 294.229 -1.57117e-05 4.57437e-11 
939 293.637 -1.56158e-05 4.58899e-11 
940 293.034 -1.55194e-05 4.60298e-11 
941 292.417 -1.54223e-05 4.61633e-11 
942 291.788 -1.53247e-05 4.62904e-11 
943 291.146 -1.52266e-05 4.64109e-11 
944 290.493 -1.51281e-05 4.65246e-11 
945 289.827 -1.50291e-05 4.66316e-11 
946 289.149 -1.49297e-05 4.67316e-11 
947 288.46 -1.483e-05 4.68246e-11 
948 287.759 -1.473e-05 4.69104e-11 
949 287.046 -1.46297e-05 4.69889e-11 
950 286.323 -1.45292e-05 4.706e-11 
951 285.588 -1.44285e-05 4.71237e-11 
952 284.842 -1.43276e-05 4.71799e-11 
953 284.086 -1.42266e-05 4.72287e-11 
954 283.319 -1.41255e-05 4.72701e-11 
955 282.542 -1.40243e-05 4.73041e-11 
956 281.756 -1.39229e-05 4.73309e-11 
957 280.959 -1.38215e-05 4.73504e-11 
958 280.153 -1.37201e-05 4.73628e-11 
959 279.337 -1.36186e-05 4.73679e-11 
960 278.513 -1.35171e-05 4.7366e-11 
961 277.68 -1.34157e-05 4.7357e-11 
962 276.838 -1.33142e-05 4.7341e-11 
963 275.988 -1.32128e-05 4.7318e-11 
964 275.129 -1.31115e-05 4.72881e-11 
965 274.263 -1.30102e-05 4.72513e-11 
966 273.39 -1.29091e-05 4.72077e-11 
967 272.509 -1.28081e-05 4.71573e-11 
968 271.62 -1.27072e-05 4.71003e-11 
969 270.725 -1.26065e-05 4.70365e-11 
970 269.824 -1.2506e-05 4.69662e-11 
971 268.916 -1.24057e-05 4.68893e-11 
972 268.002 -1.23056e-05 4.68059e-11 
973 267.082 -1.22058e-05 4.6716e-11 
974 266.157 -1.21062e-05 4.66198e-11 
975 265.226 -1.2007e-05 4.65172e-11 
976 264.291 -1.1908e-05 4.64084e-11 
977 263.35 -1.18094e-05 4.62933e-11 
978 262.405 -1.17112e-05 4.61721e-11 
979 261.456 -1.16134e-05 4.60448e-11 
980 260.504 -1.15159e-05 4.59114e-11 
981 259.547 -1.14189e-05 4.57721e-11 
982 258.587 -1.13223e-05 4.56268e-11 
983 257.624 -1.12262e-05 4.54757e-11 
984 256.659 -1.11306e-05 4.53188e-11 
985 255.69 -1.10355e-05 4.51561e-11 
986 254.72 -1.0941e-05 4.49878e-11 
987 253.748 -1.0847e-05 4.48139e-11 
988 252.774 -1.07537e-05 4.46344e-11 
989 251.799 -1.06609e-05 4.44495e-11 
990 250.823 -1.05688e-05 4.42592e-11 
991 249.846 -1.04773e-05 4.40636e-11 
992 248.869 -1.03865e-05 4.38626e-11 
993 247.892 -1.02964e-05 4.36565e-11 
994 246.915 -1.02071e-05 4.34453e-11 
995 245.938 -1.01185e-05 4.3229e-11 
996 244.963 -1.00307e-05 4.30077e-11 
997 243.989 -9.94371e-06 4.27815e-11 
998 243.016 -9.85756e-06 4.25505e-11 
999 242.045 -9.77226e-06 4.23147e-11 
1000 241.076 -9.68785e-06 4.20742e-11 
1001 240.109 -9.60435e-06 4.18291e-11 
1002 239.146 -9.52176e-06 4.15795e-11 
1003 238.185 -9.44007e-06 4.13254e-11 
1004 237.227 -9.3593e-06 4.10671e-11 
1005 236.273 -9.27943e-06 4.08044e-11 
1006 235.321 -9.20047e-06 4.05377e-11 
1007 234.374 -9.12241e-06 4.02669e-11 
1008 233.43 -9.04526e-06 3.99922e-11 
1009 232.49 -8.96901e-06 3.97136e-11 
1010 231.555 -8.89366e-06 3.94313e-11 
1011 230.623 -8.81922e-06 3.91453e-11 
1012 229.697 -8.74567e-06 3.88558e-11 
1013 228.775 -8.67302e-06 3.85629e-11 
1014 227.858 -8.60127e-06 3.82666e-11 
1015 226.946 -8.53041e-06 3.79671e-11 
1016 226.04 -8.46045e-06 3.76645e-11 
1017 225.139 -8.39138e-06 3.73589e-11 
1018 224.244 -8.3232e-06 3.70504e-11 
1019 223.354 -8.25591e-06 3.67391e-11 
1020 222.471 -8.18951e-06 3.64251e-11 
1021 221.595 -8.124e-06 3.61085e-11 
1022 220.725 -8.05936e-06 3.57895e-11 
1023 219.861 -7.99561e-06 3.54681e-11 
1024 219.005 -7.93274e-06 3.51445e-11 
1025 218.156 -7.87075e-06 3.48187e-11 
1026 217.314 -7.80964e-06 3.4491e-11 
1027 216.48 -7.7494e-06 3.41614e-11 
1028 215.654 -7.69003e-06 3.383e-11 
1029 214.836 -7.63153e-06 3.34969e-11 
1030 214.026 -7.5739e-06 3.31623e-11 
1031 213.225 -7.51714e-06 3.28263e-11 
1032 212.432 -7.46124e-06 3.2489e-11 
1033 211.648 -7.4062e-06 3.21506e-11 
1034 210.874 -7.35202e-06 3.1811e-11 
1035 210.109 -7.29869e-06 3.14706e-11 
1036 209.353 -7.24622e-06 3.11294e-11 
1037 208.607 -7.19461e-06 3.07875e-11 
1038 207.872 -7.14383e-06 3.0445e-11 
1039 207.147 -7.09391e-06 3.01021e-11 
1040 206.432 -7.04483e-06 2.9759e-11 
1041 205.728 -6.99659e-06 2.94157e-11 
1042 205.035 -6.94918e-06 2.90723e-11 
1043 204.353 -6.90261e-06 2.87291e-11 
1044 203.683 -6.85688e-06 2.8386e-11 
1045 203.024 -6.81197e-06 2.80434e-11 
1046 202.378 -6.76789e-06 2.77013e-11 
1047 201.743 -6.72463e-06 2.73598e-11 
1048 201.121 -6.68219e-06 2.70191e-11 
1049 200.512 -6.64056e-06 2.66793e-11 
1050 199.915 -6.59975e-06 2.63405e-11 
1051 199.332 -6.55975e-06 2.60029e-11 
1052 198.762 -6.52055e-06 2.56666e-11 
1053 198.205 -6.48213e-06 2.53316e-11 
1054 197.661 -6.4445e-06 2.49979e-11 
1055 197.13 -6.40764e-06 2.46656e-11 
1056 196.612 -6.37155e-06 2.43348e-11 
1057 196.106 -6.3362e-06 2.40055e-11 
1058 195.614 -6.30159e-06 2.36778e-11 
1059 195.134 -6.26772e-06 2.33516e-11 
1060 194.667 -6.23457e-06 2.30272e-11 
1061 194.213 -6.20213e-06 2.27045e-11 
1062 193.771 -6.17039e-06 2.23836e-11 
1063 193.342 -6.13933e-06 2.20645e-11 
1064 192.926 -6.10896e-06 2.17473e-11 
1065 192.522 -6.07926e-06 2.14321e-11 
1066 192.13 -6.05021e-06 2.11189e-11 
1067 191.751 -6.02181e-06 2.08078e-11 
1068 191.384 -5.99405e-06 2.04988e-11 
1069 191.029 -5.9669e-06 2.01919e-11 
1070 190.686 -5.94038e-06 1.98874e-11 
1071 190.355 -5.91445e-06 1.95851e-11 
1072 190.037 -5.88911e-06 1.92852e-11 
1073 189.73 -5.86436e-06 1.89877e-11 
1074 189.435 -5.84016e-06 1.86927e-11 
1075 189.153 -5.81653e-06 1.84003e-11 
1076 188.881 -5.79343e-06 1.81104e-11 
1077 188.622 -5.77087e-06 1.78232e-11 
1078 188.374 -5.74883e-06 1.75388e-11 
1079 188.138 -5.72729e-06 1.72571e-11 
1080 187.913 -5.70624e-06 1.69783e-11 
1081 187.7 -5.68568e-06 1.67024e-11 
1082 187.498 -5.66559e-06 1.64294e-11 
1083 187.308 -5.64595e-06 1.61595e-11 
1084 187.128 -5.62675e-06 1.58927e-11 
1085 186.96 -5.60799e-06 1.56291e-11 
1086 186.803 -5.58964e-06 1.53687e-11 
1087 186.657 -5.5717e-06 1.51116e-11 
1088 186.521 -5.55415e-06 1.48578e-11 
1089 186.397 -5.53698e-06 1.46075e-11 
1090 186.283 -5.52017e-06 1.43606e-11 
1091 186.18 -5.50371e-06 1.41173e-11 
1092 186.088 -5.48758e-06 1.38776e-11 
1093 186.006 -5.47178e-06 1.36416e-11 
1094 185.934 -5.45629e-06 1.34094e-11 
1095 185.873 -5.4411e-06 1.3181e-11 
1096 185.822 -5.42618e-06 1.29564e-11 
1097 185.781 -5.41153e-06 1.27359e-11 
1098 185.751 -5.39713e-06 1.25193e-11 
1099 185.73 -5.38298e-06 1.23069e-11 
1100 185.719 -5.36904e-06 1.20986e-11 
1101 185.718 -5.35531e-06 1.18945e-11 
1102 185.727 -5.34178e-06 1.16946e-11 
1103 185.745 -5.32845e-06 1.1499e-11 
1104 185.773 -5.31529e-06 1.13075e-11 
1105 185.809 -5.3023e-06 1.11202e-11 
1106 185.854 -5.28948e-06 1.0937e-11 
1107 185.909 -5.2768e-06 1.0758e-11 
1108 185.971 -5.26427e-06 1.05831e-11 
1109 186.042 -5.25188e-06 1.04123e-11 
1110 186.121 -5.2396e-06 1.02456e-11 
1111 186.208 -5.22744e-06 1.0083e-11 
1112 186.302 -5.21539e-06 9.92441e-12 
1113 186.404 -5.20342e-06 9.76986e-12 
1114 186.513 -5.19154e-06 9.61934e-12 
1115 186.63 -5.17974e-06 9.47281e-12 
1116 186.753 -5.16799e-06 9.33027e-12 
1117 186.883 -5.1563e-06 9.19169e-12 
1118 187.019 -5.14465e-06 9.05705e-12 
1119 187.162 -5.13304e-06 8.92633e-12 
1120 187.31 -5.12144e-06 8.79952e-12 
1121 187.464 -5.10986e-06 8.67659e-12 
1122 187.624 -5.09828e-06 8.55753e-12 
1123 187.79 -5.08669e-06 8.44231e-12 
1124 187.96 -5.07507e-06 8.33092e-12 
1125 188.135 -5.06342e-06 8.22333e-12 
1126 188.315 -5.05174e-06 8.11952e-12 
1127 188.5 -5.03999e-06 8.01947e-12 
1128 188.689 -5.02818e-06 7.92316e-12 
1129 188.881 -5.0163e-06 7.83057e-12 
1130 189.078 -5.00433e-06 7.74168e-12 
1131 189.278 -4.99225e-06 7.65645e-12 
1132 189.481 -4.98007e-06 7.57488e-12 
1133 189.688 -4.96777e-06 7.49693e-12 
1134 189.897 -4.95533e-06 7.42259e-12 
1135 190.108 -4.94275e-06 7.35182e-12 
1136 190.323 -4.93001e-06 7.28462e-12 
1137 190.539 -4.9171e-06 7.22094e-12 
1138 190.757 -4.90401e-06 7.16077e-12 
1139 190.976 -4.89073e-06 7.10409e-12 
1140 191.197 -4.87724e-06 7.05086e-12 
1141 191.419 -4.86353e-06 7.00107e-12 
1142 191.642 -4.8496e-06 6.95469e-12 
1143 191.866 -4.83542e-06 6.91169e-12 
1144 192.089 -4.82099e-06 6.87204e-12 
1145 192.313 -4.8063e-06 6.83573e-12 
1146 192.537 -4.79132e-06 6.80272e-12 
1147 192.76 -4.77606e-06 6.77298e-12 
1148 192.982 -4.76049e-06 6.7465e-12 
1149 193.204 -4.7446e-06 6.72324e-12 
1150 193.424 -4.72838e-06 6.70317e-12 
1151 193.643 -4.71182e-06 6.68626e-12 
1152 193.859 -4.69492e-06 6.67248e-12 
1153 194.075 -4.67768e-06 6.66176e-12 
1154 194.288 -4.66012e-06 6.65406e-12 
1155 194.499 -4.64222e-06 6.64934e-12 
1156 194.707 -4.62399e-06 6.64753e-12 
1157 194.913 -4.60544e-06 6.64859e-12 
1158 195.117 -4.58657e-06 6.65248e-12 
1159 195.317 -4.56738e-06 6.65913e-12 
1160 195.515 -4.54788e-06 6.66849e-12 
1161 195.71 -4.52806e-06 6.68052e-12 
1162 195.901 -4.50794e-06 6.69516e-12 
1163 196.089 -4.48752e-06 6.71235e-12 
1164 196.273 -4.4668e-06 6.73205e-12 
1165 196.453 -4.44578e-06 6.7542e-12 
1166 196.63 -4.42447e-06 6.77875e-12 
1167 196.802 -4.40287e-06 6.80563e-12 
1168 196.97 -4.38098e-06 6.8348e-12 
1169 197.133 -4.35881e-06 6.8662e-12 
1170 197.292 -4.33636e-06 6.89978e-12 
1171 197.446 -4.31364e-06 6.93547e-12 
1172 197.595 -4.29065e-06 6.97321e-12 
1173 197.739 -4.26739e-06 7.01297e-12 
1174 197.877 -4.24386e-06 7.05466e-12 
1175 198.01 -4.22008e-06 7.09824e-12 
1176 198.138 -4.19604e-06 7.14364e-12 
1177 198.259 -4.17175e-06 7.19082e-12 
1178 198.374 -4.14722e-06 7.2397e-12 
1179 198.483 -4.12244e-06 7.29023e-12 
1180 198.585 -4.09742e-06 7.34234e-12 
1181 198.681 -4.07216e-06 7.39598e-12 
1182 198.77 -4.04667e-06 7.45108e-12 
1183 198.852 -4.02096e-06 7.50759e-12 
1184 198.927 -3.99502e-06 7.56543e-12 
1185 198.995 -3.96886e-06 7.62455e-12 
1186 199.055 -3.94248e-06 7.68489e-12 
1187 199.107 -3.9159e-06 7.74637e-12 
1188 199.151 -3.88911e-06 7.80894e-12 
1189 199.187 -3.86212e-06 7.87252e-12 
1190 199.214 -3.83493e-06 7.93707e-12 
1191 199.234 -3.80754e-06 8.0025e-12 
1192 199.244 -3.77997e-06 8.06875e-12 
1193 199.245 -3.75221e-06 8.13576e-12 
1194 199.238 -3.72427e-06 8.20346e-12 
1195 199.22 -3.69615e-06 8.27179e-12 
1196 199.194 -3.66787e-06 8.34066e-12 
1197 199.157 -3.63942e-06 8.41002e-12 
1198 199.111 -3.6108e-06 8.4798e-12 
1199 199.054 -3.58203e-06 8.54992e-12 
1200 198.988 -3.5531e-06 8.62032e-12 
1201 198.91 -3.52403e-06 8.69093e-12 
1202 198.822 -3.49481e-06 8.76172e-12 
1203 198.724 -3.46546e-06 8.83266e-12 
1204 198.615 -3.43598e-06 8.9037e-12 
1205 198.496 -3.40639e-06 8.97482e-12 
1206 198.367 -3.37667e-06 9.046e-12 
1207 198.227 -3.34685e-06 9.11718e-12 
1208 198.078 -3.31693e-06 9.18835e-12 
1209 197.918 -3.28692e-06 9.25947e-12 
1210 197.748 -3.25683e-06 9.33051e-12 
1211 197.569 -3.22665e-06 9.40143e-12 
1212 197.38 -3.19641e-06 9.4722e-12 
1213 197.181 -3.1661e-06 9.54279e-12 
1214 196.972 -3.13573e-06 9.61316e-12 
1215 196.753 -3.10532e-06 9.68328e-12 
1216 196.526 -3.07486e-06 9.75311e-12 
1217 196.288 -3.04438e-06 9.82262e-12 
1218 196.041 -3.01386e-06 9.89178e-12 
1219 195.785 -2.98333e-06 9.96054e-12 
1220 195.52 -2.95278e-06 1.00289e-11 
1221 195.246 -2.92224e-06 1.00968e-11 
1222 194.962 -2.8917e-06 1.01642e-11 
1223 194.67 -2.86117e-06 1.0231e-11 
1224 194.368 -2.83066e-06 1.02973e-11 
1225 194.058 -2.80017e-06 1.0363e-11 
1226 193.739 -2.76973e-06 1.0428e-11 
1227 193.412 -2.73933e-06 1.04924e-11 
1228 193.075 -2.70898e-06 1.0556e-11 
1229 192.731 -2.67869e-06 1.06189e-11 
1230 192.378 -2.64848e-06 1.0681e-11 
1231 192.016 -2.61833e-06 1.07423e-11 
1232 191.646 -2.58828e-06 1.08027e-11 
1233 191.269 -2.55831e-06 1.08622e-11 
1234 190.883 -2.52845e-06 1.09208e-11 
1235 190.489 -2.4987e-06 1.09784e-11 
1236 190.087 -2.46907e-06 1.10349e-11 
1237 189.677 -2.43956e-06 1.10905e-11 
1238 189.26 -2.41019e-06 1.11449e-11 
1239 188.835 -2.38097e-06 1.11982e-11 
1240 188.403 -2.35189e-06 1.12503e-11 
1241 187.963 -2.32298e-06 1.13011e-11 
1242 187.515 -2.29424e-06 1.13508e-11 
1243 187.061 -2.26568e-06 1.13991e-11 
1244 186.599 -2.23731e-06 1.14461e-11 
1245 186.131 -2.20913e-06 1.14917e-11 
1246 185.655 -2.18117e-06 1.1536e-11 
1247 185.172 -2.15341e-06 1.15787e-11 
1248 184.683 -2.12588e-06 1.16199e-11 
1249 184.187 -2.09859e-06 1.16597e-11 
1250 183.684 -2.07153e-06 1.16978e-11 
1251 183.175 -2.04473e-06 1.17343e-11 
1252 182.66 -2.01818e-06 1.17691e-11 
1253 182.138 -1.9919e-06 1.18024e-11 
1254 181.61 -1.96587e-06 1.1834e-11 
1255 181.076 -1.94011e-06 1.1864e-11 
1256 180.536 -1.91463e-06 1.18924e-11 
1257 179.99 -1.88942e-06 1.19192e-11 
1258 179.439 -1.86448e-06 1.19443e-11 
1259 178.881 -1.83984e-06 1.19679e-11 
1260 178.318 -1.81547e-06 1.19898e-11 
1261 177.75 -1.7914e-06 1.20101e-11 
1262 177.176 -1.76762e-06 1.20288e-11 
1263 176.597 -1.74414e-06 1.20459e-11 
1264 176.012 -1.72097e-06 1.20614e-11 
1265 175.423 -1.6981e-06 1.20753e-11 
1266 174.828 -1.67554e-06 1.20875e-11 
1267 174.229 -1.6533e-06 1.20982e-11 
1268 173.624 -1.63137e-06 1.21073e-11 
1269 173.016 -1.60977e-06 1.21148e-11 
1270 172.402 -1.5885e-06 1.21206e-11 
1271 171.784 -1.56755e-06 1.21249e-11 
1272 171.162 -1.54695e-06 1.21276e-11 
1273 170.535 -1.52668e-06 1.21288e-11 
1274 169.905 -1.50675e-06 1.21283e-11 
1275 169.27 -1.48718e-06 1.21262e-11 
1276 168.631 -1.46795e-06 1.21226e-11 
1277 167.989 -1.44909e-06 1.21174e-11 
1278 167.343 -1.43058e-06 1.21106e-11 
1279 166.693 -1.41244e-06 1.21022e-11 
1280 166.04 -1.39467e-06 1.20923e-11 
1281 165.383 -1.37727e-06 1.20808e-11 
1282 164.723 -1.36025e-06 1.20677e-11 
1283 164.06 -1.34361e-06 1.20531e-11 
1284 163.394 -1.32736e-06 1.20369e-11 
1285 162.725 -1.3115e-06 1.20192e-11 
1286 162.054 -1.29603e-06 1.19999e-11 
1287 161.38 -1.28097e-06 1.1979e-11 
1288 160.703 -1.26631e-06 1.19566e-11 
1289 160.023 -1.25206e-06 1.19327e-11 
1290 159.342 -1.23822e-06 1.19072e-11 
1291 158.658 -1.2248e-06 1.18802e-11 
1292 157.973 -1.2118e-06 1.18516e-11 
1293 157.285 -1.19923e-06 1.18215e-11 
1294 156.595 -1.18709e-06 1.17899e-11 
1295 155.904 -1.17539e-06 1.17568e-11 
1296 155.212 -1.16413e-06 1.17221e-11 
1297 154.517 -1.15331e-06 1.16859e-11 
1298 153.822 -1.14294e-06 1.16482e-11 
1299 153.126 -1.13303e-06 1.1609e-11 
1300 152.428 -1.12358e-06 1.15683e-11 
1301 151.729 -1.11458e-06 1.1526e-11 
1302 151.03 -1.10605e-06 1.14823e-11 
1303 150.33 -1.09798e-06 1.14372e-11 
1304 149.63 -1.09036e-06 1.13906e-11 
1305 148.929 -1.08319e-06 1.13426e-11 
1306 148.228 -1.07647e-06 1.12932e-11 
1307 147.527 -1.07019e-06 1.12424e-11 
1308 146.825 -1.06435e-06 1.11904e-11 
1309 146.124 -1.05895e-06 1.1137e-11 
1310 145.424 -1.05398e-06 1.10823e-11 
1311 144.723 -1.04944e-06 1.10263e-11 
1312 144.023 -1.04533e-06 1.09692e-11 
1313 143.324 -1.04164e-06 1.09108e-11 
1314 142.626 -1.03837e-06 1.08512e-11 
1315 141.928 -1.03551e-06 1.07904e-11 
1316 141.232 -1.03307e-06 1.07286e-11 
1317 140.537 -1.03103e-06 1.06656e-11 
1318 139.843 -1.02939e-06 1.06015e-11 
1319 139.151 -1.02816e-06 1.05364e-11 
1320 138.461 -1.02732e-06 1.04702e-11 
1321 137.772 -1.02687e-06 1.04031e-11 
1322 137.085 -1.02681e-06 1.0335e-11 
1323 136.4 -1.02714e-06 1.02659e-11 
1324 135.718 -1.02784e-06 1.01959e-11 
1325 135.038 -1.02892e-06 1.0125e-11 
1326 134.36 -1.03038e-06 1.00532e-11 
1327 133.685 -1.0322e-06 9.98064e-12 
1328 133.013 -1.03438e-06 9.90724e-12 
1329 132.344 -1.03693e-06 9.83305e-12 
1330 131.678 -1.03983e-06 9.75811e-12 
1331 131.015 -1.04308e-06 9.68245e-12 
1332 130.356 -1.04668e-06 9.60608e-12 
1333 129.7 -1.05062e-06 9.52906e-12 
1334 129.048 -1.0549e-06 9.45139e-12 
1335 128.4 -1.05952e-06 9.37311e-12 
1336 127.756 -1.06446e-06 9.29426e-12 
1337 127.116 -1.06974e-06 9.21486e-12 
1338 126.481 -1.07533e-06 9.13493e-12 
1339 125.85 -1.08124e-06 9.05452e-12 
1340 125.223 -1.08746e-06 8.97365e-12 
1341 124.602 -1.09398e-06 8.89235e-12 
1342 123.985 -1.10081e-06 8.81065e-12 
1343 123.374 -1.10794e-06 8.72859e-12 
1344 122.768 -1.11537e-06 8.64618e-12 
1345 122.167 -1.12308e-06 8.56348e-12 
1346 121.572 -1.13107e-06 8.4805e-12 
1347 120.983 -1.13935e-06 8.39727e-12 
1348 120.4 -1.1479e-06 8.31384e-12 
1349 119.823 -1.15672e-06 8.23023e-12 
1350 119.252 -1.16581e-06 8.14647e-12 
1351 118.687 -1.17515e-06 8.06259e-12 
1352 118.129 -1.18475e-06 7.97863e-12 
1353 117.578 -1.19461e-06 7.89458e-12 
1354 117.033 -1.20471e-06 7.81048e-12 
1355 116.495 -1.21505e-06 7.72635e-12 
1356 115.963 -1.22564e-06 7.6422e-12 
1357 115.438 -1.23646e-06 7.55805e-12 
1358 114.92 -1.24751e-06 7.47393e-12 
1359 114.409 -1.25878e-06 7.38985e-12 
1360 113.904 -1.27028e-06 7.30584e-12 
1361 113.406 -1.28199e-06 7.22192e-12 
1362 112.915 -1.29392e-06 7.1381e-12 
1363 112.431 -1.30605e-06 7.05441e-12 
1364 111.953 -1.31839e-06 6.97086e-12 
1365 111.483 -1.33092e-06 6.88749e-12 
1366 111.02 -1.34365e-06 6.8043e-12 
1367 110.563 -1.35657e-06 6.72132e-12 
1368 110.114 -1.36968e-06 6.63858e-12 
1369 109.672 -1.38296e-06 6.55609e-12 
1370 109.237 -1.39642e-06 6.47388e-12 
1371 108.809 -1.41005e-06 6.39196e-12 
1372 108.388 -1.42385e-06 6.31036e-12 
1373 107.974 -1.4378e-06 6.22911e-12 
1374 107.568 -1.45192e-06 6.14821e-12 
1375 107.169 -1.46618e-06 6.0677e-12 
1376 106.778 -1.48059e-06 5.9876e-12 
1377 106.393 -1.49514e-06 5.90792e-12 
1378 106.016 -1.50983e-06 5.8287e-12 
1379 105.647 -1.52465e-06 5.74995e-12 
1380 105.285 -1.5396e-06 5.6717e-12 
1381 104.931 -1.55466e-06 5.59396e-12 
1382 104.584 -1.56985e-06 5.51678e-12 
1383 104.245 -1.58514e-06 5.44015e-12 
1384 103.913 -1.60054e-06 5.36412e-12 
1385 103.589 -1.61604e-06 5.2887e-12 
1386 103.273 -1.63163e-06 5.21391e-12 
1387 102.964 -1.64732e-06 5.13978e-12 
1388 102.663 -1.66309e-06 5.06634e-12 
1389 102.37 -1.67894e-06 4.9936e-12 
1390 102.085 -1.69486e-06 4.9216e-12 
1391 101.808 -1.71085e-06 4.85034e-12 
1392 101.538 -1.72691e-06 4.77987e-12 
1393 101.277 -1.74302e-06 4.7102e-12 
1394 101.024 -1.75918e-06 4.64136e-12 
1395 100.778 -1.77539e-06 4.57337e-12 
1396 100.541 -1.79165e-06 4.50626e-12 
1397 100.312 -1.80793e-06 4.44005e-12 
1398 100.09 -1.82425e-06 4.37476e-12 
1399 99.8775 -1.84059e-06 4.31043e-12 
1400 99.6727 -1.85695e-06 4.24707e-12 
1401 99.4762 -1.87333e-06 4.18471e-12 
1402 99.2878 -1.88971e-06 4.12336e-12 
1403 99.1074 -1.90609e-06 4.063e-12 
1404 98.9349 -1.92246e-06 4.00364e-12 
1405 98.77 -1.93883e-06 3.94528e-12 
1406 98.6128 -1.95517e-06 3.88792e-12 
1407 98.463 -1.9715e-06 3.83156e-12 
1408 98.3205 -1.98779e-06 3.77619e-12 
1409 98.1853 -2.00405e-06 3.72182e-12 
1410 98.0571 -2.02027e-06 3.66845e-12 
1411 97.9358 -2.03644e-06 3.61607e-12 
1412 97.8213 -2.05256e-06 3.56468e-12 
1413 97.7134 -2.06861e-06 3.51429e-12 
1414 97.612 -2.0846e-06 3.46488e-12 
1415 97.517 -2.10052e-06 3.41647e-12 
1416 97.4283 -2.11636e-06 3.36905e-12 
1417 97.3456 -2.13211e-06 3.32261e-12 
1418 97.2688 -2.14777e-06 3.27716e-12 
1419 97.1978 -2.16333e-06 3.2327e-12 
1420 97.1325 -2.17878e-06 3.18922e-12 
1421 97.0727 -2.19412e-06 3.14673e-12 
1422 97.0182 -2.20935e-06 3.10522e-12 
1423 96.969 -2.22445e-06 3.06469e-12 
1424 96.9248 -2.23942e-06 3.02514e-12 
1425 96.8855 -2.25425e-06 2.98657e-12 
1426 96.8509 -2.26893e-06 2.94898e-12 
1427 96.821 -2.28346e-06 2.91237e-12 
1428 96.7955 -2.29784e-06 2.87673e-12 
1429 96.7743 -2.31205e-06 2.84206e-12 
1430 96.7573 -2.32608e-06 2.80837e-12 
1431 96.7443 -2.33994e-06 2.77564e-12 
1432 96.7351 -2.35361e-06 2.74389e-12 
1433 96.7295 -2.36709e-06 2.71311e-12 
1434 96.7275 -2.38037e-06 2.68329e-12 
1435 96.7289 -2.39344e-06 2.65444e-12 
1436 96.7335 -2.40629e-06 2.62655e-12 
1437 96.7411 -2.41893e-06 2.59962e-12 
1438 96.7515 -2.43134e-06 2.57366e-12 
1439 96.7647 -2.44351e-06 2.54865e-12 
1440 96.7805 -2.45543e-06 2.5246e-12 
1441 96.7986 -2.46711e-06 2.50151e-12 
1442 96.8189 -2.47853e-06 2.47937e-12 
1443 96.8413 -2.48969e-06 2.45818e-12 
1444 96.8656 -2.50057e-06 2.43794e-12 
1445 96.8917 -2.51118e-06 2.41865e-12 
1446 96.9192 -2.52149e-06 2.40031e-12 
1447 96.9482 -2.53152e-06 2.38292e-12 
1448 96.9783 -2.54124e-06 2.36646e-12 
1449 97.0095 -2.55065e-06 2.35095e-12 
1450 97.0415 -2.55974e-06 2.33638e-12 
1451 97.0743 -2.56851e-06 2.32275e-12 
1452 97.1076 -2.57696e-06 2.31004e-12 
1453 97.1416 -2.58509e-06 2.29824e-12 
1454 97.176 -2.5929e-06 2.28735e-12 
1455 97.211 -2.6004e-06 2.27735e-12 
1456 97.2463 -2.60758e-06 2.26823e-12 
1457 97.2819 -2.61445e-06 2.25999e-12 
1458 97.3178 -2.62102e-06 2.25259e-12 
1459 97.354 -2.62728e-06 2.24605e-12 
1460 97.3902 -2.63324e-06 2.24034e-12 
1461 97.4266 -2.63889e-06 2.23545e-12 
1462 97.463 -2.64425e-06 2.23136e-12 
1463 97.4994 -2.64932e-06 2.22808e-12 
1464 97.5357 -2.65409e-06 2.22558e-12 
1465 97.5719 -2.65857e-06 2.22386e-12 
1466 97.6078 -2.66277e-06 2.22289e-12 
1467 97.6434 -2.66668e-06 2.22268e-12 
1468 97.6787 -2.6703e-06 2.2232e-12 
1469 97.7136 -2.67365e-06 2.22444e-12 
1470 97.7481 -2.67672e-06 2.2264e-12 
1471 97.782 -2.67952e-06 2.22905e-12 
1472 97.8153 -2.68205e-06 2.23238e-12 
1473 97.8479 -2.68431e-06 2.23639e-12 
1474 97.8799 -2.6863e-06 2.24106e-12 
1475 97.911 -2.68803e-06 2.24637e-12 
1476 97.9413 -2.6895e-06 2.25232e-12 
1477 97.9706 -2.69072e-06 2.25889e-12 
1478 97.999 -2.69167e-06 2.26606e-12 
1479 98.0263 -2.69238e-06 2.27382e-12 
1480 98.0524 -2.69284e-06 2.28217e-12 
1481 98.0774 -2.69305e-06 2.29108e-12 
1482 98.1011 -2.69303e-06 2.30054e-12 
1483 98.1235 -2.69276e-06 2.31054e-12 
1484 98.1445 -2.69225e-06 2.32107e-12 
1485 98.164 -2.69151e-06 2.3321e-12 
1486 98.182 -2.69054e-06 2.34363e-12 
1487 98.1984 -2.68934e-06 2.35565e-12 
1488 98.2131 -2.68792e-06 2.36813e-12 
1489 98.2261 -2.68628e-06 2.38107e-12 
1490 98.2373 -2.68442e-06 2.39445e-12 
1491 98.2465 -2.68234e-06 2.40825e-12 
1492 98.2538 -2.68005e-06 2.42247e-12 
1493 98.2591 -2.67755e-06 2.43708e-12 
1494 98.2622 -2.67485e-06 2.45207e-12 
1495 98.2632 -2.67194e-06 2.46743e-12 
1496 98.262 -2.66883e-06 2.48314e-12 
1497 98.2584 -2.66553e-06 2.49919e-12 
1498 98.2524 -2.66204e-06 2.51556e-12 
1499 98.244 -2.65835e-06 2.53224e-12 
1500 98.233 -2.65448e-06 2.54921e-12 
1501 98.2194 -2.65042e-06 2.56646e-12 
1502 98.2032 -2.64619e-06 2.58398e-12 
1503 98.1843 -2.64178e-06 2.60174e-12 
1504 98.1628 -2.63719e-06 2.61975e-12 
1505 98.1386 -2.63243e-06 2.63799e-12 
1506 98.1117 -2.6275e-06 2.65644e-12 
1507 98.0822 -2.6224e-06 2.6751e-12 
1508 98.0499 -2.61714e-06 2.69396e-12 
1509 98.015 -2.61171e-06 2.71299e-12 
1510 97.9773 -2.60613e-06 2.73219e-12 
1511 97.9368 -2.60039e-06 2.75155e-12 
1512 97.8936 -2.59449e-06 2.77105e-12 
1513 97.8477 -2.58845e-06 2.79069e-12 
1514 97.799 -2.58226e-06 2.81044e-12 
1515 97.7475 -2.57592e-06 2.8303e-12 
1516 97.6932 -2.56943e-06 2.85025e-12 
1517 97.636 -2.56281e-06 2.87028e-12 
1518 97.5761 -2.55605e-06 2.89038e-12 
1519 97.5133 -2.54916e-06 2.91054e-12 
1520 97.4477 -2.54214e-06 2.93074e-12 
1521 97.3792 -2.53498e-06 2.95096e-12 
1522 97.3079 -2.52771e-06 2.9712e-12 
1523 97.2337 -2.5203e-06 2.99145e-12 
1524 97.1565 -2.51278e-06 3.01168e-12 
1525 97.0765 -2.50515e-06 3.03189e-12 
1526 96.9935 -2.4974e-06 3.05206e-12 
1527 96.9076 -2.48953e-06 3.07218e-12 
1528 96.8188 -2.48156e-06 3.09224e-12 
1529 96.727 -2.47349e-06 3.11221e-12 
1530 96.6322 -2.46531e-06 3.1321e-12 
1531 96.5345 -2.45704e-06 3.15188e-12 
1532 96.4337 -2.44867e-06 3.17154e-12 
1533 96.3299 -2.44021e-06 3.19107e-12 
1534 96.2232 -2.43165e-06 3.21045e-12 
1535 96.1133 -2.42302e-06 3.22967e-12 
1536 96.0005 -2.41429e-06 3.24872e-12 
1537 95.8846 -2.40549e-06 3.26757e-12 
1538 95.7656 -2.39662e-06 3.28622e-12 
1539 95.6435 -2.38766e-06 3.30466e-12 
1540 95.5183 -2.37864e-06 3.32286e-12 
1541 95.39 -2.36955e-06 3.34081e-12 
1542 95.2586 -2.3604e-06 3.35851e-12 
1543 95.1241 -2.35119e-06 3.37593e-12 
1544 94.9864 -2.34192e-06 3.39305e-12 
1545 94.8455 -2.33259e-06 3.40987e-12 
1546 94.7015 -2.32322e-06 3.42638e-12 
1547 94.5542 -2.31379e-06 3.44254e-12 
1548 94.4038 -2.30433e-06 3.45836e-12 
1549 94.2502 -2.29482e-06 3.47381e-12 
1550 94.0933 -2.28528e-06 3.48888e-12 
1551 93.9332 -2.2757e-06 3.50356e-12 
1552 93.7699 -2.26609e-06 3.51785e-12 
1553 93.6034 -2.25644e-06 3.53173e-12 
1554 93.4338 -2.24676e-06 3.54521e-12 
1555 93.2609 -2.23705e-06 3.55829e-12 
1556 93.085 -2.22731e-06 3.57096e-12 
1557 92.9059 -2.21754e-06 3.58323e-12 
1558 92.7238 -2.20774e-06 3.59509e-12 
1559 92.5386 -2.1979e-06 3.60653e-12 
1560 92.3504 -2.18804e-06 3.61756e-12 
1561 92.1592 -2.17815e-06 3.62818e-12 
1562 91.965 -2.16823e-06 3.63838e-12 
1563 91.7679 -2.15828e-06 3.64816e-12 
1564 91.5678 -2.1483e-06 3.65752e-12 
1565 91.3648 -2.1383e-06 3.66645e-12 
1566 91.159 -2.12826e-06 3.67496e-12 
1567 90.9502 -2.11821e-06 3.68304e-12 
1568 90.7387 -2.10812e-06 3.69069e-12 
1569 90.5243 -2.09801e-06 3.69791e-12 
1570 90.3072 -2.08787e-06 3.7047e-12 
1571 90.0873 -2.07771e-06 3.71105e-12 
1572 89.8647 -2.06753e-06 3.71696e-12 
1573 89.6394 -2.05732e-06 3.72243e-12 
1574 89.4114 -2.04709e-06 3.72746e-12 
1575 89.1808 -2.03684e-06 3.73204e-12 
1576 88.9475 -2.02656e-06 3.73618e-12 
1577 88.7116 -2.01626e-06 3.73987e-12 
1578 88.4732 -2.00594e-06 3.74311e-12 
1579 88.2323 -1.99561e-06 3.74589e-12 
1580 87.9888 -1.98525e-06 3.74822e-12 
1581 87.7428 -1.97487e-06 3.7501e-12 
1582 87.4944 -1.96447e-06 3.75151e-12 
1583 87.2435 -1.95405e-06 3.75246e-12 
1584 86.9903 -1.94361e-06 3.75295e-12 
1585 86.7347 -1.93316e-06 3.75297e-12 
1586 86.4767 -1.92269e-06 3.75253e-12 
1587 86.2164 -1.9122e-06 3.75161e-12 
1588 85.9538 -1.9017e-06 3.75022e-12 
1589 85.689 -1.89118e-06 3.74836e-12 
1590 85.4219 -1.88065e-06 3.74602e-12 
1591 85.1527 -1.8701e-06 3.74321e-12 
1592 84.8812 -1.85954e-06 3.73991e-12 
1593 84.6076 -1.84896e-06 3.73613e-12 
1594 84.332 -1.83837e-06 3.73186e-12 
1595 84.0542 -1.82777e-06 3.72711e-12 
1596 83.7744 -1.81716e-06 3.72186e-12 
1597 83.4925 -1.80654e-06 3.71613e-12 
1598 83.2087 -1.7959e-06 3.7099e-12 
1599 82.9229 -1.78526e-06 3.70317e-12 
1600 82.6351 -1.7746e-06 3.69595e-12 
1601 82.3455 -1.76394e-06 3.68823e-12 
1602 82.0541 -1.75327e-06 3.68001e-12 
1603 81.761 -1.7426e-06 3.67131e-12 
1604 81.4663 -1.73193e-06 3.66212e-12 
1605 81.1702 -1.72127e-06 3.65246e-12 
1606 80.8728 -1.71061e-06 3.64234e-12 
1607 80.5741 -1.69996e-06 3.63176e-12 
1608 80.2743 -1.68933e-06 3.62072e-12 
1609 79.9735 -1.67871e-06 3.60924e-12 
1610 79.6718 -1.66812e-06 3.59732e-12 
1611 79.3694 -1.65755e-06 3.58497e-12 
1612 79.0663 -1.64701e-06 3.57219e-12 
1613 78.7626 -1.6365e-06 3.559e-12 
1614 78.4586 -1.62602e-06 3.5454e-12 
1615 78.1542 -1.61559e-06 3.5314e-12 
1616 77.8496 -1.60519e-06 3.517e-12 
1617 77.545 -1.59484e-06 3.50221e-12 
1618 77.2404 -1.58454e-06 3.48704e-12 
1619 76.9361 -1.57429e-06 3.47151e-12 
1620 76.632 -1.5641e-06 3.4556e-12 
1621 76.3283 -1.55397e-06 3.43934e-12 
1622 76.0251 -1.54391e-06 3.42273e-12 
1623 75.7226 -1.5339e-06 3.40578e-12 
1624 75.4209 -1.52398e-06 3.38849e-12 
1625 75.1202 -1.51412e-06 3.37087e-12 
1626 74.8204 -1.50434e-06 3.35294e-12 
1627 74.5218 -1.49465e-06 3.33469e-12 
1628 74.2245 -1.48504e-06 3.31614e-12 
1629 73.9285 -1.47552e-06 3.2973e-12 
1630 73.6342 -1.46609e-06 3.27816e-12 
1631 73.3414 -1.45676e-06 3.25875e-12 
1632 73.0505 -1.44753e-06 3.23906e-12 
1633 72.7615 -1.4384e-06 3.21912e-12 
1634 72.4745 -1.42939e-06 3.19891e-12 
1635 72.1897 -1.42048e-06 3.17846e-12 
1636 71.9072 -1.41169e-06 3.15777e-12 
1637 71.6272 -1.40302e-06 3.13685e-12 
1638 71.3497 -1.39447e-06 3.1157e-12 
1639 71.0749 -1.38606e-06 3.09434e-12 
1640 70.803 -1.37777e-06 3.07278e-12 
1641 70.534 -1.36962e-06 3.05101e-12 
1642 70.2681 -1.3616e-06 3.02906e-12 
1643 70.0055 -1.35373e-06 3.00693e-12 
1644 69.7462 -1.34601e-06 2.98462e-12 
1645 69.4904 -1.33844e-06 2.96215e-12 
1646 69.2383 -1.33103e-06 2.93953e-12 
1647 68.9899 -1.32377e-06 2.91676e-12 
1648 68.7455 -1.31668e-06 2.89385e-12 
1649 68.5051 -1.30976e-06 2.87081e-12 
1650 68.2689 -1.303e-06 2.84765e-12 
1651 68.037 -1.29642e-06 2.82438e-12 
1652 67.8094 -1.29002e-06 2.80101e-12 
1653 67.586 -1.28378e-06 2.77753e-12 
1654 67.3668 -1.2777e-06 2.75396e-12 
1655 67.1518 -1.27178e-06 2.7303e-12 
1656 66.9409 -1.26602e-06 2.70655e-12 
1657 66.734 -1.2604e-06 2.68273e-12 
1658 66.5311 -1.25493e-06 2.65883e-12 
1659 66.3322 -1.2496e-06 2.63487e-12 
1660 66.1372 -1.24441e-06 2.61085e-12 
1661 65.9461 -1.23935e-06 2.58677e-12 
1662 65.7588 -1.23441e-06 2.56264e-12 
1663 65.5752 -1.2296e-06 2.53846e-12 
1664 65.3954 -1.22491e-06 2.51425e-12 
1665 65.2192 -1.22032e-06 2.49e-12 
1666 65.0467 -1.21585e-06 2.46573e-12 
1667 64.8777 -1.21148e-06 2.44144e-12 
1668 64.7122 -1.20721e-06 2.41713e-12 
1669 64.5502 -1.20304e-06 2.39281e-12 
1670 64.3917 -1.19895e-06 2.36849e-12 
1671 64.2365 -1.19495e-06 2.34417e-12 
1672 64.0846 -1.19103e-06 2.31986e-12 
1673 63.936 -1.18718e-06 2.29556e-12 
1674 63.7906 -1.18341e-06 2.27129e-12 
1675 63.6483 -1.1797e-06 2.24704e-12 
1676 63.5092 -1.17605e-06 2.22283e-12 
1677 63.3731 -1.17246e-06 2.19865e-12 
1678 63.24 -1.16892e-06 2.17452e-12 
1679 63.1099 -1.16542e-06 2.15044e-12 
1680 62.9826 -1.16197e-06 2.12642e-12 
1681 62.8583 -1.15855e-06 2.10247e-12 
1682 62.7367 -1.15516e-06 2.07858e-12 
1683 62.6178 -1.1518e-06 2.05477e-12 
1684 62.5016 -1.14846e-06 2.03104e-12 
1685 62.388 -1.14513e-06 2.0074e-12 
1686 62.277 -1.14181e-06 1.98386e-12 
1687 62.1685 -1.1385e-06 1.96042e-12 
1688 62.0625 -1.13519e-06 1.93709e-12 
1689 61.9589 -1.13188e-06 1.91387e-12 
1690 61.8576 -1.12855e-06 1.89077e-12 
1691 61.7586 -1.12521e-06 1.86781e-12 
1692 61.6618 -1.12185e-06 1.84497e-12 
1693 61.5672 -1.11846e-06 1.82228e-12 
1694 61.4747 -1.11504e-06 1.79974e-12 
1695 61.3843 -1.11159e-06 1.77735e-12 
1696 61.2959 -1.10809e-06 1.75512e-12 
1697 61.2094 -1.10454e-06 1.73306e-12 
1698 61.1248 -1.10094e-06 1.71118e-12 
1699 61.042 -1.09728e-06 1.68947e-12 
1700 60.961 -1.09356e-06 1.66795e-12 
1701 60.8817 -1.08977e-06 1.64663e-12 
1702 60.8041 -1.08591e-06 1.62551e-12 
1703 60.7282 -1.08198e-06 1.60458e-12 
1704 60.6539 -1.07799e-06 1.58385e-12 
1705 60.5814 -1.07393e-06 1.56333e-12 
1706 60.5106 -1.0698e-06 1.54301e-12 
1707 60.4414 -1.06561e-06 1.52289e-12 
1708 60.3739 -1.06135e-06 1.50298e-12 
1709 60.3082 -1.05702e-06 1.48328e-12 
1710 60.244 -1.05264e-06 1.46379e-12 
1711 60.1816 -1.04819e-06 1.44451e-12 
1712 60.1208 -1.04368e-06 1.42544e-12 
1713 60.0617 -1.0391e-06 1.40659e-12 
1714 60.0043 -1.03447e-06 1.38795e-12 
1715 59.9485 -1.02977e-06 1.36954e-12 
1716 59.8944 -1.02502e-06 1.35134e-12 
1717 59.842 -1.02021e-06 1.33337e-12 
1718 59.7912 -1.01534e-06 1.31562e-12 
1719 59.7421 -1.01041e-06 1.2981e-12 
1720 59.6946 -1.00542e-06 1.2808e-12 
1721 59.6487 -1.00038e-06 1.26373e-12 
1722 59.6045 -9.95284e-07 1.2469e-12 
1723 59.5619 -9.90132e-07 1.23029e-12 
1724 59.521 -9.84928e-07 1.21392e-12 
1725 59.4817 -9.79669e-07 1.19779e-12 
1726 59.444 -9.74359e-07 1.18189e-12 
1727 59.4079 -9.68997e-07 1.16624e-12 
1728 59.3735 -9.63584e-07 1.15082e-12 
1729 59.3407 -9.58121e-07 1.13565e-12 
1730 59.3095 -9.52608e-07 1.12073e-12 
1731 59.2799 -9.47047e-07 1.10605e-12 
1732 59.2519 -9.41438e-07 1.09162e-12 
1733 59.2255 -9.35781e-07 1.07744e-12 
1734 59.2007 -9.30079e-07 1.06351e-12 
1735 59.1775 -9.2433e-07 1.04984e-12 
1736 59.1559 -9.18537e-07 1.03642e-12 
1737 59.1359 -9.127e-07 1.02326e-12 
1738 59.1175 -9.06819e-07 1.01036e-12 
1739 59.1007 -9.00896e-07 9.97721e-13 
1740 59.0854 -8.94931e-07 9.85346e-13 
1741 59.0717 -8.88926e-07 9.73235e-13 
1742 59.0596 -8.8288e-07 9.61392e-13 
1743 59.049 -8.76794e-07 9.49818e-13 
1744 59.04 -8.70671e-07 9.38514e-13 
1745 59.0326 -8.64509e-07 9.27483e-13 
1746 59.0267 -8.58311e-07 9.16727e-13 
1747 59.0223 -8.52076e-07 9.06246e-13 
1748 59.0195 -8.45806e-07 8.96044e-13 
1749 59.0182 -8.39502e-07 8.86123e-13 
1750 59.0185 -8.33164e-07 8.76483e-13 
1751 59.0203 -8.26793e-07 8.67127e-13 
1752 59.0235 -8.2039e-07 8.58052e-13 
1753 59.0282 -8.13956e-07 8.49257e-13 
1754 59.0341 -8.07493e-07 8.40741e-13 
1755 59.0413 -8.00999e-07 8.32499e-13 
1756 59.0497 -7.94478e-07 8.24531e-13 
1757 59.0591 -7.87929e-07 8.16835e-13 
1758 59.0696 -7.81354e-07 8.09408e-13 
1759 59.0811 -7.74753e-07 8.02248e-13 
1760 59.0934 -7.68127e-07 7.95353e-13 
1761 59.1065 -7.61478e-07 7.8872e-13 
1762 59.1203 -7.54806e-07 7.82348e-13 
1763 59.1348 -7.48112e-07 7.76235e-13 
1764 59.1499 -7.41397e-07 7.70377e-13 
1765 59.1655 -7.34662e-07 7.64774e-13 
1766 59.1815 -7.27908e-07 7.59422e-13 
1767 59.1979 -7.21136e-07 7.5432e-13 
1768 59.2145 -7.14347e-07 7.49464e-13 
1769 59.2313 -7.07542e-07 7.44854e-13 
1770 59.2483 -7.00722e-07 7.40486e-13 
1771 59.2652 -6.93887e-07 7.36358e-13 
1772 59.2822 -6.87039e-07 7.32468e-13 
1773 59.299 -6.80179e-07 7.28814e-13 
1774 59.3156 -6.73308e-07 7.25393e-13 
1775 59.332 -6.66426e-07 7.22203e-13 
1776 59.348 -6.59536e-07 7.19241e-13 
1777 59.3636 -6.52636e-07 7.16505e-13 
1778 59.3786 -6.4573e-07 7.13993e-13 
1779 59.3931 -6.38817e-07 7.11702e-13 
1780 59.4069 -6.31899e-07 7.0963e-13 
1781 59.4199 -6.24977e-07 7.07775e-13 
1782 59.4321 -6.18052e-07 7.06133e-13 
1783 59.4434 -6.11124e-07 7.04703e-13 
1784 59.4536 -6.04196e-07 7.03481e-13 
1785 59.4628 -5.97267e-07 7.02466e-13 
1786 59.4708 -5.90339e-07 7.01656e-13 
1787 59.4776 -5.83413e-07 7.01046e-13 
1788 59.483 -5.7649e-07 7.00635e-13 
1789 59.487 -5.69571e-07 7.00421e-13 
1790 59.4895 -5.62657e-07 7.004e-13 
1791 59.4904 -5.5575e-07 7.00571e-13 
1792 59.4896 -5.4885e-07 7.0093e-13 
1793 59.4871 -5.41958e-07 7.01475e-13 
1794 59.4827 -5.35075e-07 7.02204e-13 
1795 59.4764 -5.28203e-07 7.03113e-13 
1796 59.4681 -5.21342e-07 7.042e-13 
1797 59.4576 -5.14494e-07 7.05463e-13 
1798 59.445 -5.0766e-07 7.06898e-13 
1799 59.4301 -5.00841e-07 7.08503e-13 
1800 59.4128 -4.94037e-07 7.10276e-13 
1801 59.393 -4.87251e-07 7.12213e-13 
1802 59.3708 -4.80483e-07 7.1431e-13 
1803 59.3462 -4.73733e-07 7.16565e-13 
1804 59.3192 -4.67004e-07 7.18972e-13 
1805 59.2898 -4.60295e-07 7.21528e-13 
1806 59.258 -4.53608e-07 7.24228e-13 
1807 59.2238 -4.46943e-07 7.2707e-13 
1808 59.1873 -4.40303e-07 7.30048e-13 
1809 59.1484 -4.33686e-07 7.33159e-13 
1810 59.1073 -4.27096e-07 7.36398e-13 
1811 59.0638 -4.20532e-07 7.39762e-13 
1812 59.0181 -4.13995e-07 7.43246e-13 
1813 58.9701 -4.07487e-07 7.46846e-13 
1814 58.9198 -4.01008e-07 7.50559e-13 
1815 58.8673 -3.94559e-07 7.54379e-13 
1816 58.8127 -3.88142e-07 7.58303e-13 
1817 58.7558 -3.81758e-07 7.62326e-13 
1818 58.6967 -3.75406e-07 7.66445e-13 
1819 58.6355 -3.6909e-07 7.70655e-13 
1820 58.5721 -3.62808e-07 7.74951e-13 
1821 58.5066 -3.56563e-07 7.7933e-13 
1822 58.439 -3.50355e-07 7.83787e-13 
1823 58.3693 -3.44185e-07 7.88318e-13 
1824 58.2976 -3.38055e-07 7.92918e-13 
1825 58.2238 -3.31965e-07 7.97583e-13 
1826 58.1479 -3.25917e-07 8.02309e-13 
1827 58.07 -3.19911e-07 8.07091e-13 
1828 57.9902 -3.13948e-07 8.11925e-13 
1829 57.9083 -3.0803e-07 8.16806e-13 
1830 57.8245 -3.02158e-07 8.2173e-13 
1831 57.7388 -2.96332e-07 8.26692e-13 
1832 57.6511 -2.90554e-07 8.31689e-13 
1833 57.5616 -2.84824e-07 8.36714e-13 
1834 57.4701 -2.79144e-07 8.41765e-13 
1835 57.3768 -2.73515e-07 8.46835e-13 
1836 57.2816 -2.67938e-07 8.51921e-13 
1837 57.1846 -2.62413e-07 8.57019e-13 
1838 57.0858 -2.56943e-07 8.62122e-13 
1839 56.9852 -2.51527e-07 8.67227e-13 
1840 56.8828 -2.46168e-07 8.7233e-13 
1841 56.7787 -2.40866e-07 8.77424e-13 
1842 56.6729 -2.35622e-07 8.82507e-13 
1843 56.5653 -2.30438e-07 8.87572e-13 
1844 56.4561 -2.25314e-07 8.92615e-13 
1845 56.3452 -2.20251e-07 8.97632e-13 
1846 56.2326 -2.15252e-07 9.02617e-13 
1847 56.1184 -2.10316e-07 9.07566e-13 
1848 56.0026 -2.05445e-07 9.12474e-13 
1849 55.8852 -2.00639e-07 9.17336e-13 
1850 55.7663 -1.95901e-07 9.22147e-13 
1851 55.6458 -1.91231e-07 9.26903e-13 
1852 55.5238 -1.8663e-07 9.31602e-13 
1853 55.4002 -1.82098e-07 9.36241e-13 
1854 55.2751 -1.77635e-07 9.4082e-13 
1855 55.1485 -1.73241e-07 9.45335e-13 
1856 55.0204 -1.68918e-07 9.49787e-13 
1857 54.8908 -1.64665e-07 9.54172e-13 
1858 54.7597 -1.60483e-07 9.58489e-13 
1859 54.6271 -1.56372e-07 9.62737e-13 
1860 54.4931 -1.52332e-07 9.66913e-13 
1861 54.3576 -1.48365e-07 9.71016e-13 
1862 54.2207 -1.44469e-07 9.75043e-13 
1863 54.0823 -1.40646e-07 9.78994e-13 
1864 53.9425 -1.36897e-07 9.82866e-13 
1865 53.8013 -1.3322e-07 9.86658e-13 
1866 53.6587 -1.29618e-07 9.90367e-13 
1867 53.5146 -1.26089e-07 9.93992e-13 
1868 53.3692 -1.22635e-07 9.97531e-13 
1869 53.2224 -1.19256e-07 1.00098e-12 
1870 53.0742 -1.15953e-07 1.00434e-12 
1871 52.9246 -1.12724e-07 1.00761e-12 
1872 52.7737 -1.09572e-07 1.01079e-12 
1873 52.6214 -1.06497e-07 1.01387e-12 
1874 52.4678 -1.03498e-07 1.01686e-12 
1875 52.3129 -1.00576e-07 1.01974e-12 
1876 52.1566 -9.77316e-08 1.02253e-12 
1877 51.9991 -9.49652e-08 1.02521e-12 
1878 51.8402 -9.22772e-08 1.02779e-12 
1879 51.6801 -8.96679e-08 1.03026e-12 
1880 51.5187 -8.71377e-08 1.03262e-12 
1881 51.356 -8.46869e-08 1.03487e-12 
1882 51.1921 -8.2316e-08 1.03701e-12 
1883 51.0269 -8.00253e-08 1.03903e-12 
1884 50.8605 -7.78152e-08 1.04094e-12 
1885 50.6928 -7.56862e-08 1.04273e-12 
1886 50.524 -7.36386e-08 1.0444e-12 
1887 50.3539 -7.16728e-08 1.04595e-12 
1888 50.1827 -6.97891e-08 1.04737e-12 
1889 50.0102 -6.79881e-08 1.04867e-12 
1890 49.8366 -6.627e-08 1.04984e-12 
1891 49.6618 -6.46354e-08 1.05088e-12 
1892 49.4859 -6.30844e-08 1.05179e-12 
1893 49.3088 -6.16177e-08 1.05256e-12 
1894 49.1306 -6.02355e-08 1.05319e-12 
1895 48.9513 -5.89383e-08 1.05369e-12 
1896 48.7708 -5.77264e-08 1.05405e-12 
1897 48.5893 -5.66003e-08 1.05427e-12 
1898 48.4067 -5.55603e-08 1.05434e-12 
1899 48.223 -5.46069e-08 1.05427e-12 
1900 48.0382 -5.37405e-08 1.05404e-12 
1901 47.8524 -5.29612e-08 1.05367e-12 
1902 47.6656 -5.22683e-08 1.05315e-12 
1903 47.4778 -5.1661e-08 1.05248e-12 
1904 47.2891 -5.11381e-08 1.05167e-12 
1905 47.0996 -5.06989e-08 1.05071e-12 
1906 46.9094 -5.03424e-08 1.04961e-12 
1907 46.7183 -5.00675e-08 1.04838e-12 
1908 46.5266 -4.98733e-08 1.047e-12 
1909 46.3343 -4.9759e-08 1.04549e-12 
1910 46.1414 -4.97234e-08 1.04385e-12 
1911 45.948 -4.97656e-08 1.04208e-12 
1912 45.7542 -4.98847e-08 1.04017e-12 
1913 45.5599 -5.00797e-08 1.03814e-12 
1914 45.3653 -5.03495e-08 1.03598e-12 
1915 45.1704 -5.06931e-08 1.0337e-12 
1916 44.9753 -5.11097e-08 1.0313e-12 
1917 44.7799 -5.15981e-08 1.02878e-12 
1918 44.5845 -5.21573e-08 1.02613e-12 
1919 44.389 -5.27864e-08 1.02338e-12 
1920 44.1935 -5.34843e-08 1.02051e-12 
1921 43.9981 -5.42501e-08 1.01753e-12 
1922 43.8027 -5.50825e-08 1.01443e-12 
1923 43.6075 -5.59807e-08 1.01123e-12 
1924 43.4126 -5.69436e-08 1.00793e-12 
1925 43.2179 -5.79701e-08 1.00452e-12 
1926 43.0236 -5.90593e-08 1.00101e-12 
1927 42.8297 -6.02099e-08 9.974e-13 
1928 42.6362 -6.14211e-08 9.93693e-13 
1929 42.4432 -6.26916e-08 9.8989e-13 
1930 42.2509 -6.40206e-08 9.85995e-13 
1931 42.0591 -6.54067e-08 9.82008e-13 
1932 41.8681 -6.68491e-08 9.77933e-13 
1933 41.6778 -6.83466e-08 9.73771e-13 
1934 41.4884 -6.98981e-08 9.69524e-13 
1935 41.2998 -7.15025e-08 9.65195e-13 
1936 41.1122 -7.31588e-08 9.60785e-13 
1937 40.9256 -7.48658e-08 9.56298e-13 
1938 40.74 -7.66224e-08 9.51734e-13 
1939 40.5556 -7.84274e-08 9.47097e-13 
1940 40.3723 -8.02799e-08 9.42389e-13 
1941 40.1903 -8.21786e-08 9.37611e-13 
1942 40.0096 -8.41225e-08 9.32766e-13 
1943 39.8303 -8.61103e-08 9.27856e-13 
1944 39.6524 -8.81409e-08 9.22884e-13 
1945 39.4761 -9.02133e-08 9.17851e-13 
1946 39.3013 -9.23262e-08 9.1276e-13 
1947 39.1281 -9.44786e-08 9.07614e-13 
1948 38.9566 -9.66691e-08 9.02414e-13 
1949 38.7869 -9.88967e-08 8.97163e-13 
1950 38.619 -1.0116e-07 8.91862e-13 
1951 38.453 -1.03459e-07 8.86516e-13 
1952 38.2888 -1.05791e-07 8.81123e-13 
1953 38.1264 -1.08158e-07 8.75684e-13 
1954 37.9658 -1.10557e-07 8.70201e-13 
1955 37.8069 -1.12989e-07 8.64674e-13 
1956 37.6497 -1.15453e-07 8.59102e-13 
1957 37.4942 -1.17949e-07 8.53488e-13 
1958 37.3402 -1.20476e-07 8.47831e-13 
1959 37.1879 -1.23034e-07 8.42133e-13 
1960 37.037 -1.25622e-07 8.36392e-13 
1961 36.8877 -1.28239e-07 8.30612e-13 
1962 36.7398 -1.30885e-07 8.24791e-13 
1963 36.5933 -1.3356e-07 8.1893e-13 
1964 36.4482 -1.36263e-07 8.13031e-13 
1965 36.3043 -1.38993e-07 8.07093e-13 
1966 36.1618 -1.41749e-07 8.01118e-13 
1967 36.0205 -1.44532e-07 7.95105e-13 
1968 35.8804 -1.47341e-07 7.89056e-13 
1969 35.7415 -1.50175e-07 7.82971e-13 
1970 35.6036 -1.53034e-07 7.76851e-13 
1971 35.4669 -1.55917e-07 7.70696e-13 
1972 35.3311 -1.58823e-07 7.64507e-13 
1973 35.1964 -1.61752e-07 7.58285e-13 
1974 35.0625 -1.64704e-07 7.5203e-13 
1975 34.9296 -1.67678e-07 7.45743e-13 
1976 34.7975 -1.70673e-07 7.39424e-13 
1977 34.6663 -1.73688e-07 7.33075e-13 
1978 34.5358 -1.76724e-07 7.26695e-13 
1979 34.406 -1.79779e-07 7.20286e-13 
1980 34.2769 -1.82853e-07 7.13848e-13 
1981 34.1484 -1.85946e-07 7.07382e-13 
1982 34.0206 -1.89056e-07 7.00888e-13 
1983 33.8932 -1.92184e-07 6.94367e-13 
1984 33.7664 -1.95328e-07 6.8782e-13 
1985 33.64 -1.98489e-07 6.81247e-13 
1986 33.514 -2.01665e-07 6.7465e-13 
1987 33.3884 -2.04855e-07 6.68028e-13 
1988 33.2631 -2.0806e-07 6.61382e-13 
1989 33.138 -2.11279e-07 6.54714e-13 
1990 33.0132 -2.14511e-07 6.48023e-13 
1991 32.8886 -2.17755e-07 6.4131e-13 
1992 32.7641 -2.21011e-07 6.34577e-13 
1993 32.6396 -2.24279e-07 6.27824e-13 
1994 32.5152 -2.27557e-07 6.21051e-13 
1995 32.3908 -2.30845e-07 6.14259e-13 
1996 32.2664 -2.34142e-07 6.07449e-13 
1997 32.1418 -2.37448e-07 6.00622e-13 
1998 32.0171 -2.40763e-07 5.93777e-13 
1999 31.8922 -2.44085e-07 5.86917e-13 
2000 31.767 -2.47414e-07 5.80042e-13 
