2 385.137 -0.00169509 4.67924e-08 
3 268.226 -0.00129475 4.39425e-08 
4 205.55 -0.00114735 4.18105e-08 
5 166.878 -0.00108077 4.01015e-08 
6 141.154 -0.00104803 3.86623e-08 
7 123.22 -0.0010319 3.74151e-08 
8 110.34 -0.00102491 3.63119e-08 
9 101.007 -0.00102375 3.53e-08 
10 94.0217 -0.0010254 3.44178e-08 
11 88.8676 -0.00102932 3.35828e-08 
12 85.3379 -0.00103592 3.28178e-08 
13 82.757 -0.00104286 3.20712e-08 
14 81.1279 -0.00105106 3.13933e-08 
15 80.3583 -0.00106057 3.07828e-08 
16 79.9915 -0.00106919 3.01451e-08 
17 80.0684 -0.00107777 2.95138e-08 
18 80.723 -0.00108764 2.89437e-08 
19 81.958 -0.00109912 2.84505e-08 
20 83.6148 -0.00111134 2.80007e-08 
21 85.4395 -0.00112266 2.75307e-08 
22 87.4167 -0.00113324 2.70479e-08 
23 89.5896 -0.00114365 2.65746e-08 
24 91.9744 -0.00115415 2.61215e-08 
25 94.5556 -0.00116469 2.5686e-08 
26 97.2975 -0.00117499 2.52567e-08 
27 100.201 -0.00118518 2.48388e-08 
28 103.267 -0.00119539 2.44378e-08 
29 106.478 -0.00120557 2.40516e-08 
30 109.798 -0.00121543 2.36699e-08 
31 113.184 -0.00122461 2.32793e-08 
32 116.636 -0.00123325 2.28845e-08 
33 120.165 -0.00124158 2.24945e-08 
34 123.778 -0.0012498 2.21165e-08 
35 127.481 -0.00125805 2.17558e-08 
36 131.272 -0.00126641 2.14153e-08 
37 135.147 -0.00127488 2.10952e-08 
38 139.097 -0.0012834 2.0793e-08 
39 143.105 -0.00129182 2.0503e-08 
40 147.151 -0.00129988 2.02158e-08 
41 151.212 -0.00130732 1.99218e-08 
42 155.284 -0.00131416 1.96216e-08 
43 159.369 -0.0013205 1.93185e-08 
44 163.467 -0.00132642 1.90154e-08 
45 167.58 -0.00133198 1.87144e-08 
46 171.707 -0.00133725 1.84172e-08 
47 175.845 -0.00134223 1.81249e-08 
48 179.992 -0.00134694 1.78377e-08 
49 184.144 -0.00135137 1.75552e-08 
50 188.297 -0.00135547 1.72761e-08 
51 192.445 -0.0013592 1.69987e-08 
52 196.588 -0.00136258 1.67241e-08 
53 200.723 -0.00136566 1.64534e-08 
54 204.85 -0.00136847 1.61876e-08 
55 208.967 -0.00137103 1.59273e-08 
56 213.073 -0.00137336 1.56727e-08 
57 217.163 -0.00137544 1.54237e-08 
58 221.236 -0.00137727 1.51794e-08 
59 225.287 -0.00137881 1.49389e-08 
60 229.311 -0.00138001 1.47005e-08 
61 233.305 -0.00138084 1.44627e-08 
62 237.266 -0.00138131 1.42257e-08 
63 241.194 -0.00138144 1.39902e-08 
64 245.088 -0.00138126 1.3757e-08 
65 248.947 -0.00138079 1.35264e-08 
66 252.769 -0.00138003 1.32987e-08 
67 256.554 -0.00137899 1.3074e-08 
68 260.3 -0.00137768 1.28524e-08 
69 264.005 -0.00137609 1.26335e-08 
70 267.667 -0.0013742 1.24169e-08 
71 271.284 -0.00137201 1.22022e-08 
72 274.856 -0.00136952 1.19897e-08 
73 278.381 -0.00136675 1.17796e-08 
74 281.859 -0.00136372 1.15723e-08 
75 285.289 -0.00136043 1.13678e-08 
76 288.671 -0.0013569 1.11663e-08 
77 292.002 -0.00135312 1.09676e-08 
78 295.281 -0.00134909 1.07717e-08 
79 298.509 -0.00134481 1.05783e-08 
80 301.682 -0.00134026 1.03869e-08 
81 304.8 -0.00133544 1.01971e-08 
82 307.862 -0.00133036 1.00092e-08 
83 310.868 -0.00132503 9.82338e-09 
84 313.817 -0.00131946 9.63974e-09 
85 316.709 -0.00131366 9.45845e-09 
86 319.543 -0.00130764 9.27959e-09 
87 322.32 -0.0013014 9.10315e-09 
88 325.038 -0.00129495 8.92911e-09 
89 327.697 -0.00128828 8.75735e-09 
90 330.296 -0.00128139 8.58771e-09 
91 332.834 -0.00127428 8.42001e-09 
92 335.312 -0.00126695 8.25433e-09 
93 337.73 -0.00125943 8.09074e-09 
94 340.086 -0.0012517 7.92932e-09 
95 342.381 -0.00124378 7.77007e-09 
96 344.614 -0.00123567 7.61298e-09 
97 346.786 -0.00122737 7.45798e-09 
98 348.896 -0.00121889 7.30498e-09 
99 350.944 -0.00121021 7.15383e-09 
100 352.93 -0.00120134 7.00434e-09 
101 354.852 -0.00119228 6.85635e-09 
102 356.712 -0.00118303 6.70994e-09 
103 358.509 -0.00117361 6.56528e-09 
104 360.244 -0.00116402 6.4225e-09 
105 361.918 -0.00115428 6.28172e-09 
106 363.529 -0.00114439 6.14305e-09 
107 365.079 -0.00113437 6.00658e-09 
108 366.568 -0.00112423 5.87238e-09 
109 367.996 -0.00111396 5.7405e-09 
110 369.363 -0.00110358 5.61097e-09 
111 370.669 -0.00109309 5.48382e-09 
112 371.916 -0.0010825 5.35903e-09 
113 373.102 -0.00107181 5.23657e-09 
114 374.229 -0.00106102 5.11641e-09 
115 375.296 -0.00105013 4.99846e-09 
116 376.304 -0.00103915 4.88263e-09 
117 377.253 -0.00102807 4.76881e-09 
118 378.142 -0.00101689 4.65685e-09 
119 378.973 -0.0010056 4.54659e-09 
120 379.745 -0.000994213 4.43783e-09 
121 380.458 -0.000982711 4.33041e-09 
122 381.113 -0.000971104 4.22434e-09 
123 381.711 -0.000959401 4.11972e-09 
124 382.252 -0.000947609 4.0166e-09 
125 382.736 -0.000935737 3.91505e-09 
126 383.164 -0.000923792 3.81511e-09 
127 383.538 -0.00091178 3.71683e-09 
128 383.856 -0.000899708 3.62026e-09 
129 384.121 -0.000887583 3.52542e-09 
130 384.332 -0.000875409 3.43232e-09 
131 384.49 -0.000863192 3.341e-09 
132 384.595 -0.000850936 3.25144e-09 
133 384.649 -0.000838645 3.16366e-09 
134 384.652 -0.000826324 3.07763e-09 
135 384.604 -0.000813974 2.99333e-09 
136 384.505 -0.000801599 2.91073e-09 
137 384.357 -0.000789199 2.82979e-09 
138 384.16 -0.000776777 2.75046e-09 
139 383.915 -0.000764332 2.67268e-09 
140 383.621 -0.000751865 2.59637e-09 
141 383.279 -0.000739376 2.52148e-09 
142 382.891 -0.000726871 2.44801e-09 
143 382.456 -0.000714354 2.376e-09 
144 381.976 -0.000701832 2.30546e-09 
145 381.451 -0.000689311 2.23643e-09 
146 380.882 -0.000676794 2.16891e-09 
147 380.27 -0.000664288 2.10292e-09 
148 379.615 -0.000651796 2.03847e-09 
149 378.918 -0.000639322 1.97555e-09 
150 378.18 -0.000626871 1.91416e-09 
151 377.401 -0.000614445 1.8543e-09 
152 376.582 -0.000602048 1.79596e-09 
153 375.724 -0.000589683 1.73911e-09 
154 374.827 -0.000577351 1.68373e-09 
155 373.892 -0.000565055 1.62979e-09 
156 372.92 -0.000552795 1.57726e-09 
157 371.911 -0.000540574 1.5261e-09 
158 370.865 -0.000528391 1.47626e-09 
159 369.785 -0.000516248 1.42769e-09 
160 368.668 -0.000504142 1.38033e-09 
161 367.518 -0.000492076 1.33413e-09 
162 366.334 -0.000480052 1.28909e-09 
163 365.116 -0.000468074 1.24522e-09 
164 363.866 -0.000456147 1.20253e-09 
165 362.585 -0.000444275 1.16103e-09 
166 361.273 -0.000432461 1.12071e-09 
167 359.931 -0.000420708 1.08159e-09 
168 358.559 -0.00040902 1.04366e-09 
169 357.159 -0.000397399 1.00691e-09 
170 355.731 -0.000385849 9.71344e-10 
171 354.275 -0.000374371 9.36947e-10 
172 352.793 -0.000362968 9.03708e-10 
173 351.284 -0.000351642 8.71612e-10 
174 349.75 -0.000340394 8.40643e-10 
175 348.192 -0.000329226 8.10778e-10 
176 346.609 -0.000318138 7.81996e-10 
177 345.002 -0.000307132 7.54269e-10 
178 343.373 -0.000296207 7.27567e-10 
179 341.721 -0.000285365 7.01858e-10 
180 340.047 -0.000274605 6.77107e-10 
181 338.351 -0.000263926 6.5328e-10 
182 336.635 -0.000253332 6.30371e-10 
183 334.898 -0.000242825 6.08381e-10 
184 333.142 -0.000232407 5.87306e-10 
185 331.368 -0.000222081 5.67144e-10 
186 329.575 -0.000211849 5.47888e-10 
187 327.765 -0.000201713 5.29533e-10 
188 325.938 -0.000191675 5.1207e-10 
189 324.095 -0.000181736 4.9549e-10 
190 322.236 -0.000171898 4.79779e-10 
191 320.362 -0.000162162 4.64926e-10 
192 318.473 -0.00015253 4.50916e-10 
193 316.571 -0.000143 4.37731e-10 
194 314.655 -0.000133576 4.25353e-10 
195 312.726 -0.000124256 4.13763e-10 
196 310.785 -0.000115041 4.02938e-10 
197 308.832 -0.00010593 3.92854e-10 
198 306.867 -9.69245e-05 3.83486e-10 
199 304.891 -8.80224e-05 3.74806e-10 
200 302.905 -7.92234e-05 3.66784e-10 
201 300.908 -7.05268e-05 3.59395e-10 
202 298.902 -6.19343e-05 3.5263e-10 
203 296.886 -5.34474e-05 3.46487e-10 
204 294.862 -4.50678e-05 3.40962e-10 
205 292.83 -3.67972e-05 3.36049e-10 
206 290.791 -2.86369e-05 3.31744e-10 
207 288.745 -2.05882e-05 3.2804e-10 
208 286.693 -1.26521e-05 3.24929e-10 
209 284.635 -4.82974e-06 3.22404e-10 
210 282.572 2.87812e-06 3.20456e-10 
211 280.504 1.04708e-05 3.19074e-10 
212 278.432 1.79477e-05 3.18248e-10 
213 276.356 2.53084e-05 3.17967e-10 
214 274.276 3.25528e-05 3.18217e-10 
215 272.194 3.96806e-05 3.18987e-10 
216 270.109 4.66921e-05 3.2026e-10 
217 268.022 5.35874e-05 3.22022e-10 
218 265.933 6.03669e-05 3.24256e-10 
219 263.843 6.70312e-05 3.26945e-10 
220 261.752 7.35811e-05 3.30072e-10 
221 259.659 8.00174e-05 3.33616e-10 
222 257.567 8.63412e-05 3.37557e-10 
223 255.474 9.25538e-05 3.41874e-10 
224 253.38 9.86566e-05 3.46545e-10 
225 251.287 0.000104651 3.51546e-10 
226 249.195 0.000110539 3.56857e-10 
227 247.103 0.00011632 3.62468e-10 
228 245.013 0.000121993 3.68375e-10 
229 242.924 0.000127557 3.74572e-10 
230 240.838 0.000133013 3.81052e-10 
231 238.754 0.000138359 3.8781e-10 
232 236.673 0.000143595 3.94839e-10 
233 234.595 0.000148722 4.02131e-10 
234 232.521 0.000153739 4.09679e-10 
235 230.451 0.000158646 4.17474e-10 
236 228.385 0.000163443 4.25509e-10 
237 226.324 0.00016813 4.33775e-10 
238 224.268 0.000172708 4.42262e-10 
239 222.217 0.000177178 4.50961e-10 
240 220.172 0.000181538 4.59861e-10 
241 218.133 0.000185792 4.68953e-10 
242 216.099 0.000189938 4.78225e-10 
243 214.072 0.000193978 4.87666e-10 
244 212.051 0.000197914 4.97264e-10 
245 210.037 0.000201745 5.07008e-10 
246 208.03 0.000205474 5.16883e-10 
247 206.029 0.000209101 5.26879e-10 
248 204.036 0.000212629 5.36979e-10 
249 202.049 0.000216058 5.47172e-10 
250 200.07 0.000219391 5.57442e-10 
251 198.098 0.000222629 5.67775e-10 
252 196.133 0.000225772 5.78166e-10 
253 194.177 0.00022882 5.8861e-10 
254 192.228 0.000231774 5.991e-10 
255 190.288 0.000234633 6.09632e-10 
256 188.357 0.000237399 6.20201e-10 
257 186.435 0.00024007 6.308e-10 
258 184.522 0.000242648 6.41424e-10 
259 182.618 0.000245133 6.52066e-10 
260 180.724 0.000247525 6.62722e-10 
261 178.84 0.000249825 6.73384e-10 
262 176.966 0.000252034 6.84046e-10 
263 175.102 0.000254153 6.94701e-10 
264 173.248 0.000256181 7.05343e-10 
265 171.405 0.000258121 7.15965e-10 
266 169.573 0.000259973 7.2656e-10 
267 167.751 0.000261737 7.37121e-10 
268 165.94 0.000263417 7.47639e-10 
269 164.14 0.000265011 7.58108e-10 
270 162.351 0.000266522 7.6852e-10 
271 160.573 0.000267952 7.78867e-10 
272 158.806 0.000269301 7.89141e-10 
273 157.05 0.000270571 7.99333e-10 
274 155.305 0.000271764 8.09436e-10 
275 153.572 0.000272881 8.1944e-10 
276 151.849 0.000273924 8.29338e-10 
277 150.137 0.000274894 8.39126e-10 
278 148.437 0.000275792 8.48799e-10 
279 146.748 0.000276617 8.58356e-10 
280 145.071 0.000277371 8.67792e-10 
281 143.405 0.000278054 8.77104e-10 
282 141.751 0.000278667 8.86289e-10 
283 140.109 0.000279211 8.95344e-10 
284 138.479 0.000279687 9.04264e-10 
285 136.861 0.000280095 9.13046e-10 
286 135.255 0.000280437 9.21687e-10 
287 133.661 0.000280714 9.30184e-10 
288 132.079 0.000280927 9.38533e-10 
289 130.509 0.000281076 9.4673e-10 
290 128.952 0.000281164 9.54773e-10 
291 127.406 0.000281191 9.62656e-10 
292 125.872 0.000281158 9.70378e-10 
293 124.351 0.000281068 9.77933e-10 
294 122.841 0.000280921 9.8532e-10 
295 121.343 0.000280719 9.92533e-10 
296 119.857 0.000280464 9.9957e-10 
297 118.382 0.000280157 1.00643e-09 
298 116.919 0.000279799 1.0131e-09 
299 115.468 0.000279393 1.01959e-09 
300 114.027 0.000278941 1.02588e-09 
301 112.598 0.000278443 1.03198e-09 
302 111.18 0.0002779 1.03788e-09 
303 109.773 0.000277314 1.04359e-09 
304 108.378 0.000276683 1.0491e-09 
305 106.994 0.000276008 1.05441e-09 
306 105.622 0.00027529 1.05952e-09 
307 104.262 0.00027453 1.06444e-09 
308 102.914 0.000273727 1.06915e-09 
309 101.578 0.000272881 1.07366e-09 
310 100.255 0.000271994 1.07796e-09 
311 98.9436 0.000271066 1.08207e-09 
312 97.6448 0.000270097 1.08597e-09 
313 96.3584 0.000269088 1.08967e-09 
314 95.0847 0.000268039 1.09317e-09 
315 93.8235 0.000266951 1.09646e-09 
316 92.5751 0.000265825 1.09955e-09 
317 91.3394 0.00026466 1.10244e-09 
318 90.1164 0.000263458 1.10512e-09 
319 88.9063 0.00026222 1.1076e-09 
320 87.709 0.000260945 1.10988e-09 
321 86.5245 0.000259635 1.11195e-09 
322 85.3529 0.00025829 1.11382e-09 
323 84.1942 0.000256911 1.11548e-09 
324 83.0482 0.000255499 1.11695e-09 
325 81.9151 0.000254054 1.11821e-09 
326 80.7948 0.000252578 1.11927e-09 
327 79.6872 0.000251071 1.12013e-09 
328 78.5923 0.000249534 1.12079e-09 
329 77.51 0.000247968 1.12125e-09 
330 76.4402 0.000246374 1.12152e-09 
331 75.383 0.000244752 1.12158e-09 
332 74.3381 0.000243104 1.12145e-09 
333 73.3056 0.00024143 1.12112e-09 
334 72.2852 0.000239732 1.1206e-09 
335 71.2769 0.000238011 1.11989e-09 
336 70.2806 0.000236267 1.11899e-09 
337 69.296 0.000234502 1.11789e-09 
338 68.3232 0.000232717 1.11661e-09 
339 67.3618 0.000230913 1.11514e-09 
340 66.4117 0.000229091 1.11349e-09 
341 65.4728 0.000227252 1.11165e-09 
342 64.5449 0.000225397 1.10963e-09 
343 63.6277 0.000223529 1.10743e-09 
344 62.721 0.000221647 1.10506e-09 
345 61.8247 0.000219753 1.1025e-09 
346 60.9385 0.000217849 1.09978e-09 
347 60.0621 0.000215935 1.09688e-09 
348 59.1953 0.000214014 1.09381e-09 
349 58.3378 0.000212087 1.09058e-09 
350 57.4894 0.000210154 1.08719e-09 
351 56.6497 0.000208218 1.08363e-09 
352 55.8189 0.000206279 1.07991e-09 
353 54.9969 0.000204336 1.07603e-09 
354 54.1838 0.000202391 1.072e-09 
355 53.3796 0.000200444 1.06781e-09 
356 52.5843 0.000198494 1.06347e-09 
357 51.7981 0.000196543 1.05898e-09 
358 51.0209 0.00019459 1.05433e-09 
359 50.2527 0.000192636 1.04954e-09 
360 49.4935 0.000190682 1.04459e-09 
361 48.7434 0.000188726 1.03951e-09 
362 48.0024 0.000186771 1.03428e-09 
363 47.2705 0.000184815 1.02891e-09 
364 46.5476 0.00018286 1.0234e-09 
365 45.8338 0.000180905 1.01775e-09 
366 45.1291 0.000178952 1.01197e-09 
367 44.4335 0.000176999 1.00605e-09 
368 43.7469 0.000175049 1e-09 
369 43.0693 0.0001731 9.93831e-10 
370 42.4007 0.000171153 9.87532e-10 
371 41.7411 0.000169209 9.8111e-10 
372 41.0904 0.000167268 9.74568e-10 
373 40.4486 0.00016533 9.67908e-10 
374 39.8156 0.000163396 9.61134e-10 
375 39.1915 0.000161465 9.54247e-10 
376 38.5761 0.000159539 9.47252e-10 
377 37.9693 0.000157617 9.4015e-10 
378 37.3713 0.0001557 9.32945e-10 
379 36.7817 0.000153788 9.2564e-10 
380 36.2007 0.000151882 9.18238e-10 
381 35.6281 0.000149981 9.10743e-10 
382 35.0638 0.000148087 9.03158e-10 
383 34.5077 0.000146199 8.95485e-10 
384 33.9598 0.000144318 8.8773e-10 
385 33.4199 0.000142444 8.79895e-10 
386 32.888 0.000140577 8.71983e-10 
387 32.364 0.000138719 8.64e-10 
388 31.8476 0.000136868 8.55947e-10 
389 31.3389 0.000135027 8.4783e-10 
390 30.8376 0.000133194 8.39652e-10 
391 30.3438 0.00013137 8.31418e-10 
392 29.8571 0.000129556 8.2313e-10 
393 29.3775 0.000127752 8.14795e-10 
394 28.9049 0.000125958 8.06415e-10 
395 28.439 0.000124174 7.97995e-10 
396 27.9798 0.000122402 7.8954e-10 
397 27.527 0.000120641 7.81053e-10 
398 27.0806 0.000118892 7.72541e-10 
399 26.6402 0.000117154 7.64007e-10 
400 26.2059 0.00011543 7.55456e-10 
401 25.7773 0.000113718 7.46892e-10 
402 25.3545 0.000112018 7.38318e-10 
403 24.9374 0.000110332 7.29735e-10 
404 24.5261 0.000108659 7.21144e-10 
405 24.1206 0.000106999 7.12547e-10 
406 23.7208 0.000105353 7.03946e-10 
407 23.3267 0.00010372 6.95342e-10 
408 22.9384 0.000102101 6.86737e-10 
409 22.5557 0.000100495 6.78133e-10 
410 22.1788 9.89034e-05 6.6953e-10 
411 21.8076 9.73255e-05 6.60932e-10 
412 21.442 9.57616e-05 6.52339e-10 
413 21.082 9.42117e-05 6.43753e-10 
414 20.7276 9.2676e-05 6.35176e-10 
415 20.3789 9.11546e-05 6.26609e-10 
416 20.0356 8.96475e-05 6.18055e-10 
417 19.6979 8.81548e-05 6.09515e-10 
418 19.3657 8.66765e-05 6.00991e-10 
419 19.0389 8.52128e-05 5.92485e-10 
420 18.7175 8.37636e-05 5.83998e-10 
421 18.4015 8.23291e-05 5.75532e-10 
422 18.0908 8.09093e-05 5.6709e-10 
423 17.7854 7.95043e-05 5.58672e-10 
424 17.4852 7.81141e-05 5.50282e-10 
425 17.1902 7.67387e-05 5.4192e-10 
426 16.9003 7.53781e-05 5.3359e-10 
427 16.6155 7.40325e-05 5.25292e-10 
428 16.3357 7.27018e-05 5.17028e-10 
429 16.0608 7.1386e-05 5.08802e-10 
430 15.7908 7.00853e-05 5.00613e-10 
431 15.5257 6.87995e-05 4.92466e-10 
432 15.2653 6.75287e-05 4.84361e-10 
433 15.0095 6.62729e-05 4.76301e-10 
434 14.7584 6.50322e-05 4.68288e-10 
435 14.5118 6.38064e-05 4.60323e-10 
436 14.2696 6.25956e-05 4.5241e-10 
437 14.0318 6.13999e-05 4.4455e-10 
438 13.7983 6.0219e-05 4.36744e-10 
439 13.569 5.90531e-05 4.28997e-10 
440 13.3438 5.79022e-05 4.21309e-10 
441 13.1226 5.67661e-05 4.13682e-10 
442 12.9053 5.56448e-05 4.0612e-10 
443 12.6919 5.45384e-05 3.98623e-10 
444 12.4822 5.34467e-05 3.91196e-10 
445 12.276 5.23697e-05 3.83838e-10 
446 12.0734 5.13074e-05 3.76554e-10 
447 11.8742 5.02596e-05 3.69346e-10 
448 11.6783 4.92264e-05 3.62215e-10 
449 11.4855 4.82076e-05 3.55163e-10 
450 11.2958 4.72032e-05 3.48195e-10 
451 11.1091 4.62131e-05 3.4131e-10 
452 10.9253 4.52373e-05 3.34511e-10 
453 10.7444 4.42757e-05 3.27797e-10 
454 10.5664 4.33284e-05 3.2117e-10 
455 10.3913 4.23952e-05 3.14629e-10 
456 10.219 4.14762e-05 3.08175e-10 
457 10.0497 4.05713e-05 3.01808e-10 
458 9.88322 3.96804e-05 2.95529e-10 
459 9.71957 3.88037e-05 2.89338e-10 
460 9.55875 3.79408e-05 2.83236e-10 
461 9.40075 3.70919e-05 2.77222e-10 
462 9.24554 3.62569e-05 2.71297e-10 
463 9.0931 3.54357e-05 2.65462e-10 
464 8.94342 3.46281e-05 2.59716e-10 
465 8.79648 3.38343e-05 2.5406e-10 
466 8.65225 3.3054e-05 2.48494e-10 
467 8.51071 3.22872e-05 2.43018e-10 
468 8.37184 3.15338e-05 2.37633e-10 
469 8.23561 3.07937e-05 2.32339e-10 
470 8.102 3.00669e-05 2.27136e-10 
471 7.97099 2.93532e-05 2.22024e-10 
472 7.84254 2.86524e-05 2.17003e-10 
473 7.71663 2.79646e-05 2.12074e-10 
474 7.59322 2.72896e-05 2.07236e-10 
475 7.47229 2.66273e-05 2.02489e-10 
476 7.35381 2.59775e-05 1.97834e-10 
477 7.23774 2.53401e-05 1.93271e-10 
478 7.12405 2.4715e-05 1.888e-10 
479 7.01271 2.41021e-05 1.8442e-10 
480 6.90367 2.35011e-05 1.80133e-10 
481 6.79691 2.2912e-05 1.75937e-10 
482 6.69238 2.23347e-05 1.71832e-10 
483 6.59004 2.17688e-05 1.67819e-10 
484 6.48987 2.12144e-05 1.63898e-10 
485 6.3918 2.06712e-05 1.60068e-10 
486 6.29581 2.0139e-05 1.5633e-10 
487 6.20184 1.96177e-05 1.52683e-10 
488 6.10986 1.9107e-05 1.49127e-10 
489 6.01982 1.86069e-05 1.45661e-10 
490 5.93167 1.8117e-05 1.42287e-10 
491 5.84536 1.76373e-05 1.39003e-10 
492 5.76084 1.71675e-05 1.35809e-10 
493 5.67807 1.67073e-05 1.32705e-10 
494 5.59699 1.62567e-05 1.29691e-10 
495 5.51756 1.58153e-05 1.26766e-10 
496 5.4397 1.53829e-05 1.23931e-10 
497 5.36338 1.49593e-05 1.21184e-10 
498 5.28854 1.45443e-05 1.18525e-10 
499 5.21511 1.41377e-05 1.15955e-10 
500 5.14304 1.37391e-05 1.13472e-10 
501 5.07228 1.33483e-05 1.11076e-10 
502 5.00281 1.29654e-05 1.08767e-10 
503 4.93462 1.25901e-05 1.06545e-10 
504 4.86772 1.22225e-05 1.04407e-10 
505 4.80208 1.18626e-05 1.02355e-10 
506 4.73771 1.15101e-05 1.00387e-10 
507 4.67459 1.11651e-05 9.85033e-11 
508 4.61272 1.08276e-05 9.67025e-11 
509 4.55208 1.04973e-05 9.49841e-11 
510 4.49267 1.01743e-05 9.33475e-11 
511 4.43447 9.85856e-06 9.1792e-11 
512 4.37748 9.54988e-06 9.03168e-11 
513 4.32169 9.24823e-06 8.89211e-11 
514 4.26708 8.95352e-06 8.76042e-11 
515 4.21364 8.66568e-06 8.63652e-11 
516 4.16136 8.38462e-06 8.52034e-11 
517 4.11023 8.11024e-06 8.41178e-11 
518 4.06023 7.84245e-06 8.31075e-11 
519 4.01136 7.58116e-06 8.21717e-11 
520 3.9636 7.32627e-06 8.13094e-11 
521 3.91693 7.07769e-06 8.05196e-11 
522 3.87134 6.8353e-06 7.98013e-11 
523 3.82682 6.59901e-06 7.91536e-11 
524 3.78335 6.3687e-06 7.85753e-11 
525 3.74091 6.14427e-06 7.80655e-11 
526 3.6995 5.92561e-06 7.7623e-11 
527 3.65908 5.71259e-06 7.72467e-11 
528 3.61966 5.5051e-06 7.69355e-11 
529 3.5812 5.30302e-06 7.66881e-11 
530 3.5437 5.10622e-06 7.65035e-11 
531 3.50713 4.91459e-06 7.63803e-11 
532 3.47147 4.72798e-06 7.63173e-11 
533 3.43671 4.54628e-06 7.63133e-11 
534 3.40283 4.36933e-06 7.63669e-11 
535 3.36981 4.19702e-06 7.64768e-11 
536 3.33762 4.02919e-06 7.66417e-11 
537 3.30625 3.86571e-06 7.68601e-11 
538 3.27568 3.70642e-06 7.71306e-11 
539 3.24589 3.55118e-06 7.74518e-11 
540 3.21684 3.39985e-06 7.78223e-11 
541 3.18853 3.25226e-06 7.82405e-11 
542 3.16092 3.10825e-06 7.87049e-11 
543 3.134 2.96768e-06 7.92139e-11 
544 3.10774 2.83037e-06 7.9766e-11 
545 3.08212 2.69616e-06 8.03595e-11 
546 3.05711 2.56488e-06 8.09929e-11 
547 3.03268 2.43636e-06 8.16644e-11 
548 3.00882 2.31043e-06 8.23724e-11 
549 2.98549 2.18691e-06 8.3115e-11 
550 2.96268 2.06562e-06 8.38907e-11 
551 2.94035 1.9464e-06 8.46977e-11 
552 2.9185 1.82919e-06 8.55352e-11 
553 2.89713 1.71398e-06 8.64025e-11 
554 2.87623 1.60073e-06 8.7299e-11 
555 2.8558 1.48942e-06 8.82239e-11 
556 2.83585 1.38002e-06 8.91765e-11 
557 2.81636 1.27249e-06 9.01561e-11 
558 2.79734 1.1668e-06 9.1162e-11 
559 2.77877 1.06293e-06 9.21933e-11 
560 2.76066 9.60842e-07 9.32493e-11 
561 2.743 8.60502e-07 9.43293e-11 
562 2.7258 7.61877e-07 9.54324e-11 
563 2.70904 6.64933e-07 9.65578e-11 
564 2.69272 5.69635e-07 9.77046e-11 
565 2.67684 4.75947e-07 9.88722e-11 
566 2.66139 3.83832e-07 1.00059e-10 
567 2.64638 2.93253e-07 1.01266e-10 
568 2.63179 2.04173e-07 1.0249e-10 
569 2.61762 1.16551e-07 1.03731e-10 
570 2.60386 3.03488e-08 1.04989e-10 
571 2.59052 -5.44741e-08 1.06262e-10 
572 2.57759 -1.37959e-07 1.07549e-10 
573 2.56506 -2.20148e-07 1.0885e-10 
574 2.55293 -3.01083e-07 1.10163e-10 
575 2.54119 -3.80808e-07 1.11488e-10 
576 2.52983 -4.59368e-07 1.12823e-10 
577 2.51886 -5.36806e-07 1.14168e-10 
578 2.50826 -6.1317e-07 1.15521e-10 
579 2.49804 -6.88506e-07 1.16881e-10 
580 2.48818 -7.6286e-07 1.18248e-10 
581 2.47867 -8.36282e-07 1.1962e-10 
582 2.46953 -9.0882e-07 1.20997e-10 
583 2.46072 -9.80525e-07 1.22376e-10 
584 2.45226 -1.05145e-06 1.23758e-10 
585 2.44413 -1.12164e-06 1.2514e-10 
586 2.43633 -1.19115e-06 1.26522e-10 
587 2.42885 -1.26003e-06 1.27902e-10 
588 2.42169 -1.32834e-06 1.2928e-10 
589 2.41483 -1.39613e-06 1.30654e-10 
590 2.40827 -1.46346e-06 1.32023e-10 
591 2.402 -1.53039e-06 1.33386e-10 
592 2.39602 -1.59697e-06 1.34741e-10 
593 2.39032 -1.66325e-06 1.36088e-10 
594 2.38489 -1.72931e-06 1.37425e-10 
595 2.37972 -1.79519e-06 1.3875e-10 
596 2.37481 -1.86097e-06 1.40063e-10 
597 2.37014 -1.92669e-06 1.41361e-10 
598 2.36571 -1.99243e-06 1.42645e-10 
599 2.36151 -2.05824e-06 1.43912e-10 
600 2.35754 -2.12419e-06 1.45161e-10 
601 2.35377 -2.19034e-06 1.46391e-10 
602 2.35023 -2.25668e-06 1.47602e-10 
603 2.34689 -2.32321e-06 1.48793e-10 
604 2.34376 -2.38992e-06 1.49963e-10 
605 2.34085 -2.4568e-06 1.51114e-10 
606 2.33815 -2.52384e-06 1.52244e-10 
607 2.33565 -2.59103e-06 1.53354e-10 
608 2.33336 -2.65836e-06 1.54442e-10 
609 2.33129 -2.72582e-06 1.5551e-10 
610 2.32941 -2.7934e-06 1.56556e-10 
611 2.32775 -2.8611e-06 1.57581e-10 
612 2.32628 -2.92889e-06 1.58584e-10 
613 2.32503 -2.99678e-06 1.59565e-10 
614 2.32397 -3.06475e-06 1.60523e-10 
615 2.32312 -3.13279e-06 1.6146e-10 
616 2.32246 -3.20089e-06 1.62373e-10 
617 2.32201 -3.26905e-06 1.63264e-10 
618 2.32175 -3.33724e-06 1.64131e-10 
619 2.32169 -3.40546e-06 1.64975e-10 
620 2.32183 -3.47369e-06 1.65795e-10 
621 2.32216 -3.54194e-06 1.66592e-10 
622 2.32268 -3.61018e-06 1.67364e-10 
623 2.3234 -3.6784e-06 1.68112e-10 
624 2.3243 -3.74659e-06 1.68836e-10 
625 2.3254 -3.81475e-06 1.69535e-10 
626 2.32668 -3.88286e-06 1.70209e-10 
627 2.32815 -3.9509e-06 1.70857e-10 
628 2.3298 -4.01887e-06 1.7148e-10 
629 2.33163 -4.08676e-06 1.72077e-10 
630 2.33365 -4.15454e-06 1.72648e-10 
631 2.33584 -4.22222e-06 1.73193e-10 
632 2.33821 -4.28977e-06 1.73712e-10 
633 2.34076 -4.35719e-06 1.74204e-10 
634 2.34348 -4.42446e-06 1.74669e-10 
635 2.34638 -4.49157e-06 1.75106e-10 
636 2.34944 -4.5585e-06 1.75517e-10 
637 2.35268 -4.62525e-06 1.75899e-10 
638 2.35608 -4.6918e-06 1.76254e-10 
639 2.35964 -4.75814e-06 1.7658e-10 
640 2.36337 -4.82425e-06 1.76879e-10 
641 2.36725 -4.89012e-06 1.77148e-10 
642 2.3713 -4.95573e-06 1.77389e-10 
643 2.3755 -5.02108e-06 1.776e-10 
644 2.37986 -5.08615e-06 1.77782e-10 
645 2.38437 -5.15092e-06 1.77935e-10 
646 2.38902 -5.21539e-06 1.78057e-10 
647 2.39383 -5.27953e-06 1.7815e-10 
648 2.39878 -5.34333e-06 1.78212e-10 
649 2.40387 -5.40678e-06 1.78243e-10 
650 2.4091 -5.46986e-06 1.78244e-10 
651 2.41447 -5.53256e-06 1.78213e-10 
652 2.41998 -5.59486e-06 1.78152e-10 
653 2.42562 -5.65674e-06 1.7806e-10 
654 2.4314 -5.71819e-06 1.77937e-10 
655 2.43731 -5.77919e-06 1.77785e-10 
656 2.44335 -5.83971e-06 1.77602e-10 
657 2.44952 -5.89975e-06 1.7739e-10 
658 2.45583 -5.95928e-06 1.77149e-10 
659 2.46226 -6.01829e-06 1.76878e-10 
660 2.46883 -6.07675e-06 1.76579e-10 
661 2.47551 -6.13465e-06 1.76251e-10 
662 2.48233 -6.19197e-06 1.75895e-10 
663 2.48927 -6.24869e-06 1.75511e-10 
664 2.49633 -6.30479e-06 1.75099e-10 
665 2.50351 -6.36025e-06 1.7466e-10 
666 2.51082 -6.41505e-06 1.74194e-10 
667 2.51824 -6.46918e-06 1.73702e-10 
668 2.52579 -6.5226e-06 1.73183e-10 
669 2.53345 -6.57531e-06 1.72638e-10 
670 2.54122 -6.62728e-06 1.72067e-10 
671 2.54911 -6.67849e-06 1.71472e-10 
672 2.55711 -6.72892e-06 1.70851e-10 
673 2.56522 -6.77855e-06 1.70205e-10 
674 2.57344 -6.82735e-06 1.69535e-10 
675 2.58177 -6.87532e-06 1.68842e-10 
676 2.59021 -6.92242e-06 1.68124e-10 
677 2.59875 -6.96863e-06 1.67384e-10 
678 2.60739 -7.01394e-06 1.66621e-10 
679 2.61614 -7.05832e-06 1.65835e-10 
680 2.62498 -7.10175e-06 1.65028e-10 
681 2.63392 -7.1442e-06 1.64199e-10 
682 2.64296 -7.18566e-06 1.63349e-10 
683 2.6521 -7.2261e-06 1.62478e-10 
684 2.66133 -7.2655e-06 1.61587e-10 
685 2.67065 -7.30384e-06 1.60675e-10 
686 2.68005 -7.34109e-06 1.59745e-10 
687 2.68955 -7.37723e-06 1.58795e-10 
688 2.69913 -7.41223e-06 1.57827e-10 
689 2.7088 -7.44608e-06 1.56841e-10 
690 2.71855 -7.47875e-06 1.55837e-10 
691 2.72838 -7.51021e-06 1.54816e-10 
692 2.73828 -7.54044e-06 1.53778e-10 
693 2.74826 -7.56942e-06 1.52724e-10 
694 2.75832 -7.59713e-06 1.51654e-10 
695 2.76845 -7.62353e-06 1.50569e-10 
696 2.77865 -7.6486e-06 1.49469e-10 
697 2.78892 -7.67232e-06 1.48355e-10 
698 2.79925 -7.69466e-06 1.47227e-10 
699 2.80964 -7.71559e-06 1.46086e-10 
700 2.8201 -7.7351e-06 1.44933e-10 
701 2.83062 -7.75316e-06 1.43767e-10 
702 2.84119 -7.76976e-06 1.42589e-10 
703 2.85182 -7.7849e-06 1.414e-10 
704 2.86249 -7.79858e-06 1.40199e-10 
705 2.87322 -7.8108e-06 1.38988e-10 
706 2.88399 -7.82155e-06 1.37767e-10 
707 2.8948 -7.83084e-06 1.36535e-10 
708 2.90566 -7.83866e-06 1.35293e-10 
709 2.91655 -7.84501e-06 1.34043e-10 
710 2.92747 -7.84989e-06 1.32783e-10 
711 2.93843 -7.8533e-06 1.31515e-10 
712 2.94941 -7.85524e-06 1.30238e-10 
713 2.96041 -7.8557e-06 1.28954e-10 
714 2.97144 -7.85469e-06 1.27662e-10 
715 2.98249 -7.8522e-06 1.26363e-10 
716 2.99355 -7.84823e-06 1.25057e-10 
717 3.00463 -7.84279e-06 1.23746e-10 
718 3.01571 -7.83587e-06 1.22428e-10 
719 3.0268 -7.82747e-06 1.21105e-10 
720 3.03789 -7.81759e-06 1.19777e-10 
721 3.04899 -7.80623e-06 1.18444e-10 
722 3.06007 -7.7934e-06 1.17108e-10 
723 3.07115 -7.77908e-06 1.15767e-10 
724 3.08222 -7.76328e-06 1.14423e-10 
725 3.09327 -7.74601e-06 1.13077e-10 
726 3.10431 -7.72725e-06 1.11728e-10 
727 3.11532 -7.70701e-06 1.10377e-10 
728 3.12631 -7.6853e-06 1.09024e-10 
729 3.13727 -7.6621e-06 1.07671e-10 
730 3.14819 -7.63743e-06 1.06317e-10 
731 3.15908 -7.61128e-06 1.04963e-10 
732 3.16993 -7.58365e-06 1.03609e-10 
733 3.18074 -7.55454e-06 1.02256e-10 
734 3.1915 -7.52396e-06 1.00905e-10 
735 3.2022 -7.49191e-06 9.95548e-11 
736 3.21286 -7.45838e-06 9.82074e-11 
737 3.22345 -7.42337e-06 9.68628e-11 
738 3.23398 -7.3869e-06 9.55216e-11 
739 3.24444 -7.34896e-06 9.41842e-11 
740 3.25483 -7.30955e-06 9.28511e-11 
741 3.26515 -7.26867e-06 9.15229e-11 
742 3.27538 -7.22633e-06 9.02001e-11 
743 3.28553 -7.18252e-06 8.88832e-11 
744 3.2956 -7.13726e-06 8.75728e-11 
745 3.30557 -7.09053e-06 8.62693e-11 
746 3.31545 -7.04234e-06 8.49734e-11 
747 3.32522 -6.99271e-06 8.36855e-11 
748 3.33489 -6.94161e-06 8.24063e-11 
749 3.34445 -6.88907e-06 8.11363e-11 
750 3.3539 -6.83508e-06 7.98761e-11 
751 3.36323 -6.77965e-06 7.86261e-11 
752 3.37244 -6.72278e-06 7.73865e-11 
753 3.38154 -6.6645e-06 7.61576e-11 
754 3.39051 -6.60482e-06 7.49393e-11 
755 3.39936 -6.54376e-06 7.37319e-11 
756 3.40809 -6.48133e-06 7.25355e-11 
757 3.4167 -6.41755e-06 7.13502e-11 
758 3.42518 -6.35243e-06 7.01761e-11 
759 3.43355 -6.286e-06 6.90134e-11 
760 3.44179 -6.21826e-06 6.78623e-11 
761 3.4499 -6.14925e-06 6.67227e-11 
762 3.45789 -6.07896e-06 6.5595e-11 
763 3.46576 -6.00743e-06 6.44791e-11 
764 3.4735 -5.93466e-06 6.33754e-11 
765 3.48111 -5.86069e-06 6.22838e-11 
766 3.48859 -5.78552e-06 6.12045e-11 
767 3.49595 -5.70918e-06 6.01376e-11 
768 3.50318 -5.63168e-06 5.90834e-11 
769 3.51028 -5.55304e-06 5.80419e-11 
770 3.51725 -5.47329e-06 5.70133e-11 
771 3.52409 -5.39244e-06 5.59977e-11 
772 3.5308 -5.31051e-06 5.49952e-11 
773 3.53738 -5.22753e-06 5.4006e-11 
774 3.54383 -5.14351e-06 5.30302e-11 
775 3.55015 -5.05847e-06 5.2068e-11 
776 3.55633 -4.97244e-06 5.11195e-11 
777 3.56238 -4.88543e-06 5.01848e-11 
778 3.56829 -4.79748e-06 4.92641e-11 
779 3.57407 -4.70859e-06 4.83576e-11 
780 3.57972 -4.6188e-06 4.74653e-11 
781 3.58523 -4.52812e-06 4.65874e-11 
782 3.5906 -4.43657e-06 4.57241e-11 
783 3.59584 -4.34419e-06 4.48754e-11 
784 3.60094 -4.25099e-06 4.40416e-11 
785 3.6059 -4.157e-06 4.32228e-11 
786 3.61073 -4.06224e-06 4.24191e-11 
787 3.61541 -3.96673e-06 4.16307e-11 
788 3.61996 -3.8705e-06 4.08577e-11 
789 3.62436 -3.77357e-06 4.01002e-11 
790 3.62863 -3.67598e-06 3.93585e-11 
791 3.63275 -3.57773e-06 3.86326e-11 
792 3.63674 -3.47886e-06 3.79227e-11 
793 3.64058 -3.37939e-06 3.7229e-11 
794 3.64427 -3.27936e-06 3.65515e-11 
795 3.64783 -3.17878e-06 3.58905e-11 
796 3.65124 -3.07768e-06 3.52461e-11 
797 3.65451 -2.97609e-06 3.46184e-11 
798 3.65763 -2.87404e-06 3.40077e-11 
799 3.66061 -2.77154e-06 3.34139e-11 
800 3.66345 -2.66864e-06 3.28373e-11 
801 3.66613 -2.56536e-06 3.22781e-11 
802 3.66867 -2.46171e-06 3.1736e-11 
803 3.67106 -2.35772e-06 3.12111e-11 
804 3.67331 -2.2534e-06 3.07032e-11 
805 3.6754 -2.14878e-06 3.02122e-11 
806 3.67734 -2.04387e-06 2.9738e-11 
807 3.67913 -1.9387e-06 2.92805e-11 
808 3.68077 -1.83328e-06 2.88394e-11 
809 3.68226 -1.72764e-06 2.84149e-11 
810 3.68359 -1.62179e-06 2.80066e-11 
811 3.68476 -1.51576e-06 2.76145e-11 
812 3.68578 -1.40957e-06 2.72384e-11 
813 3.68664 -1.30323e-06 2.68782e-11 
814 3.68734 -1.19678e-06 2.65338e-11 
815 3.68789 -1.09023e-06 2.62051e-11 
816 3.68827 -9.83599e-07 2.58919e-11 
817 3.68849 -8.76915e-07 2.5594e-11 
818 3.68855 -7.70198e-07 2.53114e-11 
819 3.68845 -6.63471e-07 2.50438e-11 
820 3.68818 -5.56756e-07 2.47912e-11 
821 3.68775 -4.50076e-07 2.45534e-11 
822 3.68715 -3.43453e-07 2.43302e-11 
823 3.68639 -2.36911e-07 2.41214e-11 
824 3.68545 -1.30474e-07 2.3927e-11 
825 3.68435 -2.41638e-08 2.37468e-11 
826 3.68308 8.19946e-08 2.35806e-11 
827 3.68164 1.87978e-07 2.34282e-11 
828 3.68002 2.93761e-07 2.32894e-11 
829 3.67823 3.9932e-07 2.31642e-11 
830 3.67627 5.04631e-07 2.30524e-11 
831 3.67414 6.09669e-07 2.29537e-11 
832 3.67182 7.14408e-07 2.2868e-11 
833 3.66934 8.18824e-07 2.27951e-11 
834 3.66667 9.22892e-07 2.27348e-11 
835 3.66382 1.02658e-06 2.2687e-11 
836 3.6608 1.12988e-06 2.26514e-11 
837 3.65759 1.23274e-06 2.2628e-11 
838 3.65421 1.33516e-06 2.26164e-11 
839 3.65064 1.43709e-06 2.26165e-11 
840 3.64688 1.53852e-06 2.26281e-11 
841 3.64295 1.63942e-06 2.26511e-11 
842 3.63882 1.73975e-06 2.26851e-11 
843 3.63451 1.8395e-06 2.27301e-11 
844 3.63001 1.93864e-06 2.27857e-11 
845 3.62533 2.03713e-06 2.28519e-11 
846 3.62045 2.13496e-06 2.29284e-11 
847 3.61538 2.23208e-06 2.30149e-11 
848 3.61013 2.32848e-06 2.31113e-11 
849 3.60467 2.42412e-06 2.32173e-11 
850 3.59903 2.51898e-06 2.33328e-11 
851 3.59319 2.61303e-06 2.34574e-11 
852 3.58716 2.70626e-06 2.35911e-11 
853 3.58093 2.79866e-06 2.37337e-11 
854 3.57452 2.89022e-06 2.38849e-11 
855 3.56791 2.98093e-06 2.40446e-11 
856 3.56112 3.07079e-06 2.42125e-11 
857 3.55414 3.15978e-06 2.43886e-11 
858 3.54698 3.24791e-06 2.45726e-11 
859 3.53963 3.33515e-06 2.47642e-11 
860 3.5321 3.42151e-06 2.49634e-11 
861 3.5244 3.50696e-06 2.51699e-11 
862 3.51651 3.59152e-06 2.53835e-11 
863 3.50845 3.67515e-06 2.56041e-11 
864 3.50021 3.75787e-06 2.58313e-11 
865 3.4918 3.83965e-06 2.6065e-11 
866 3.48322 3.92049e-06 2.6305e-11 
867 3.47446 4.00039e-06 2.65511e-11 
868 3.46554 4.07933e-06 2.6803e-11 
869 3.45645 4.1573e-06 2.70606e-11 
870 3.4472 4.23429e-06 2.73236e-11 
871 3.43778 4.3103e-06 2.75918e-11 
872 3.4282 4.38532e-06 2.7865e-11 
873 3.41846 4.45934e-06 2.81429e-11 
874 3.40857 4.53235e-06 2.84254e-11 
875 3.39852 4.60434e-06 2.87121e-11 
876 3.38831 4.6753e-06 2.90029e-11 
877 3.37795 4.74522e-06 2.92976e-11 
878 3.36745 4.8141e-06 2.95958e-11 
879 3.35679 4.88193e-06 2.98973e-11 
880 3.34599 4.94869e-06 3.0202e-11 
881 3.33504 5.01438e-06 3.05096e-11 
882 3.32396 5.07899e-06 3.08197e-11 
883 3.31273 5.1425e-06 3.11323e-11 
884 3.30136 5.20492e-06 3.14469e-11 
885 3.28986 5.26623e-06 3.17634e-11 
886 3.27823 5.32642e-06 3.20815e-11 
887 3.26646 5.38548e-06 3.2401e-11 
888 3.25456 5.44341e-06 3.27216e-11 
889 3.24254 5.50019e-06 3.3043e-11 
890 3.23039 5.55582e-06 3.33649e-11 
891 3.21812 5.61029e-06 3.36872e-11 
892 3.20573 5.66358e-06 3.40094e-11 
893 3.19322 5.71569e-06 3.43314e-11 
894 3.18059 5.76661e-06 3.46529e-11 
895 3.16785 5.81632e-06 3.49736e-11 
896 3.155 5.86483e-06 3.52932e-11 
897 3.14204 5.91212e-06 3.56115e-11 
898 3.12898 5.95818e-06 3.59281e-11 
899 3.11581 6.003e-06 3.62428e-11 
900 3.10254 6.04657e-06 3.65552e-11 
901 3.08917 6.08889e-06 3.68652e-11 
902 3.0757 6.12996e-06 3.71725e-11 
903 3.06214 6.16977e-06 3.74772e-11 
904 3.04848 6.20835e-06 3.77791e-11 
905 3.03473 6.24568e-06 3.80782e-11 
906 3.02089 6.28178e-06 3.83743e-11 
907 3.00696 6.31665e-06 3.86673e-11 
908 2.99294 6.35029e-06 3.89573e-11 
909 2.97883 6.38272e-06 3.92441e-11 
910 2.96465 6.41392e-06 3.95275e-11 
911 2.95038 6.44392e-06 3.98076e-11 
912 2.93602 6.47272e-06 4.00842e-11 
913 2.9216 6.50031e-06 4.03572e-11 
914 2.90709 6.52672e-06 4.06266e-11 
915 2.89251 6.55193e-06 4.08922e-11 
916 2.87785 6.57596e-06 4.11539e-11 
917 2.86312 6.59881e-06 4.14118e-11 
918 2.84833 6.6205e-06 4.16656e-11 
919 2.83346 6.64102e-06 4.19152e-11 
920 2.81853 6.66038e-06 4.21607e-11 
921 2.80354 6.67859e-06 4.24018e-11 
922 2.78848 6.69565e-06 4.26385e-11 
923 2.77336 6.71157e-06 4.28707e-11 
924 2.75819 6.72636e-06 4.30983e-11 
925 2.74296 6.74003e-06 4.33211e-11 
926 2.72767 6.75257e-06 4.35392e-11 
927 2.71233 6.764e-06 4.37523e-11 
928 2.69695 6.77433e-06 4.39605e-11 
929 2.68151 6.78356e-06 4.41635e-11 
930 2.66603 6.79169e-06 4.43613e-11 
931 2.6505 6.79874e-06 4.45538e-11 
932 2.63493 6.80471e-06 4.47409e-11 
933 2.61933 6.80962e-06 4.49224e-11 
934 2.60368 6.81346e-06 4.50983e-11 
935 2.588 6.81625e-06 4.52685e-11 
936 2.57228 6.81799e-06 4.54329e-11 
937 2.55654 6.81869e-06 4.55913e-11 
938 2.54076 6.81837e-06 4.57437e-11 
939 2.52496 6.81702e-06 4.58899e-11 
940 2.50914 6.81465e-06 4.60298e-11 
941 2.49329 6.81129e-06 4.61633e-11 
942 2.47742 6.80692e-06 4.62904e-11 
943 2.46154 6.80156e-06 4.64109e-11 
944 2.44564 6.79523e-06 4.65246e-11 
945 2.42972 6.78792e-06 4.66316e-11 
946 2.4138 6.77966e-06 4.67316e-11 
947 2.39787 6.77044e-06 4.68246e-11 
948 2.38193 6.76027e-06 4.69104e-11 
949 2.36599 6.74917e-06 4.69889e-11 
950 2.35004 6.73715e-06 4.706e-11 
951 2.3341 6.72421e-06 4.71237e-11 
952 2.31816 6.71036e-06 4.71799e-11 
953 2.30223 6.69562e-06 4.72287e-11 
954 2.2863 6.68e-06 4.72701e-11 
955 2.27038 6.6635e-06 4.73041e-11 
956 2.25446 6.64615e-06 4.73309e-11 
957 2.23856 6.62794e-06 4.73504e-11 
958 2.22266 6.6089e-06 4.73628e-11 
959 2.20678 6.58903e-06 4.73679e-11 
960 2.19092 6.56834e-06 4.7366e-11 
961 2.17507 6.54685e-06 4.7357e-11 
962 2.15923 6.52457e-06 4.7341e-11 
963 2.14342 6.50151e-06 4.7318e-11 
964 2.12762 6.47768e-06 4.72881e-11 
965 2.11185 6.4531e-06 4.72513e-11 
966 2.0961 6.42777e-06 4.72077e-11 
967 2.08037 6.40172e-06 4.71573e-11 
968 2.06467 6.37494e-06 4.71003e-11 
969 2.04899 6.34747e-06 4.70365e-11 
970 2.03335 6.3193e-06 4.69662e-11 
971 2.01774 6.29045e-06 4.68893e-11 
972 2.00215 6.26094e-06 4.68059e-11 
973 1.98661 6.23078e-06 4.6716e-11 
974 1.97109 6.19998e-06 4.66198e-11 
975 1.95562 6.16855e-06 4.65172e-11 
976 1.94018 6.13652e-06 4.64084e-11 
977 1.92478 6.10388e-06 4.62933e-11 
978 1.90943 6.07067e-06 4.61721e-11 
979 1.89412 6.03688e-06 4.60448e-11 
980 1.87885 6.00254e-06 4.59114e-11 
981 1.86363 5.96766e-06 4.57721e-11 
982 1.84846 5.93226e-06 4.56268e-11 
983 1.83333 5.89634e-06 4.54757e-11 
984 1.81826 5.85993e-06 4.53188e-11 
985 1.80324 5.82304e-06 4.51561e-11 
986 1.78828 5.78568e-06 4.49878e-11 
987 1.77338 5.74787e-06 4.48139e-11 
988 1.75853 5.70962e-06 4.46344e-11 
989 1.74374 5.67096e-06 4.44495e-11 
990 1.72902 5.63189e-06 4.42592e-11 
991 1.71436 5.59243e-06 4.40636e-11 
992 1.69976 5.5526e-06 4.38626e-11 
993 1.68523 5.51241e-06 4.36565e-11 
994 1.67077 5.47188e-06 4.34453e-11 
995 1.65638 5.43103e-06 4.3229e-11 
996 1.64207 5.38987e-06 4.30077e-11 
997 1.62782 5.34842e-06 4.27815e-11 
998 1.61366 5.30669e-06 4.25505e-11 
999 1.59957 5.26471e-06 4.23147e-11 
1000 1.58556 5.22249e-06 4.20742e-11 
1001 1.57164 5.18004e-06 4.18291e-11 
1002 1.55779 5.13738e-06 4.15795e-11 
1003 1.54403 5.09451e-06 4.13254e-11 
1004 1.53035 5.05144e-06 4.10671e-11 
1005 1.51675 5.00818e-06 4.08044e-11 
1006 1.50324 4.96473e-06 4.05377e-11 
1007 1.48981 4.92112e-06 4.02669e-11 
1008 1.47646 4.87733e-06 3.99922e-11 
1009 1.4632 4.83339e-06 3.97136e-11 
1010 1.45002 4.7893e-06 3.94313e-11 
1011 1.43692 4.74506e-06 3.91453e-11 
1012 1.42391 4.7007e-06 3.88558e-11 
1013 1.41099 4.65621e-06 3.85629e-11 
1014 1.39815 4.6116e-06 3.82666e-11 
1015 1.38539 4.56689e-06 3.79671e-11 
1016 1.37272 4.52208e-06 3.76645e-11 
1017 1.36014 4.47719e-06 3.73589e-11 
1018 1.34764 4.43221e-06 3.70504e-11 
1019 1.33523 4.38716e-06 3.67391e-11 
1020 1.3229 4.34205e-06 3.64251e-11 
1021 1.31067 4.29689e-06 3.61085e-11 
1022 1.29851 4.25169e-06 3.57895e-11 
1023 1.28645 4.20646e-06 3.54681e-11 
1024 1.27447 4.1612e-06 3.51445e-11 
1025 1.26258 4.11592e-06 3.48187e-11 
1026 1.25078 4.07064e-06 3.4491e-11 
1027 1.23907 4.02537e-06 3.41614e-11 
1028 1.22744 3.9801e-06 3.383e-11 
1029 1.2159 3.93487e-06 3.34969e-11 
1030 1.20445 3.88967e-06 3.31623e-11 
1031 1.19309 3.84451e-06 3.28263e-11 
1032 1.18182 3.7994e-06 3.2489e-11 
1033 1.17064 3.75436e-06 3.21506e-11 
1034 1.15955 3.70939e-06 3.1811e-11 
1035 1.14854 3.66451e-06 3.14706e-11 
1036 1.13763 3.61972e-06 3.11294e-11 
1037 1.12681 3.57504e-06 3.07875e-11 
1038 1.11607 3.53047e-06 3.0445e-11 
1039 1.10543 3.48603e-06 3.01021e-11 
1040 1.09488 3.44172e-06 2.9759e-11 
1041 1.08441 3.39757e-06 2.94157e-11 
1042 1.07404 3.35357e-06 2.90723e-11 
1043 1.06376 3.30973e-06 2.87291e-11 
1044 1.05357 3.26608e-06 2.8386e-11 
1045 1.04347 3.22262e-06 2.80434e-11 
1046 1.03347 3.17936e-06 2.77013e-11 
1047 1.02355 3.13631e-06 2.73598e-11 
1048 1.01373 3.09348e-06 2.70191e-11 
1049 1.004 3.05089e-06 2.66793e-11 
1050 0.994357 3.00854e-06 2.63405e-11 
1051 0.98481 2.96646e-06 2.60029e-11 
1052 0.975354 2.92463e-06 2.56666e-11 
1053 0.96599 2.88306e-06 2.53316e-11 
1054 0.956718 2.84175e-06 2.49979e-11 
1055 0.947537 2.80072e-06 2.46656e-11 
1056 0.938447 2.75995e-06 2.43348e-11 
1057 0.929448 2.71945e-06 2.40055e-11 
1058 0.920539 2.67922e-06 2.36778e-11 
1059 0.911721 2.63927e-06 2.33516e-11 
1060 0.902994 2.59959e-06 2.30272e-11 
1061 0.894356 2.56019e-06 2.27045e-11 
1062 0.885808 2.52108e-06 2.23836e-11 
1063 0.877349 2.48225e-06 2.20645e-11 
1064 0.868979 2.4437e-06 2.17473e-11 
1065 0.860699 2.40544e-06 2.14321e-11 
1066 0.852507 2.36747e-06 2.11189e-11 
1067 0.844403 2.32979e-06 2.08078e-11 
1068 0.836388 2.29241e-06 2.04988e-11 
1069 0.82846 2.25533e-06 2.01919e-11 
1070 0.82062 2.21854e-06 1.98874e-11 
1071 0.812867 2.18205e-06 1.95851e-11 
1072 0.8052 2.14587e-06 1.92852e-11 
1073 0.797621 2.10999e-06 1.89877e-11 
1074 0.790127 2.07442e-06 1.86927e-11 
1075 0.78272 2.03916e-06 1.84003e-11 
1076 0.775398 2.00421e-06 1.81104e-11 
1077 0.768161 1.96958e-06 1.78232e-11 
1078 0.761009 1.93526e-06 1.75388e-11 
1079 0.753942 1.90126e-06 1.72571e-11 
1080 0.746959 1.86758e-06 1.69783e-11 
1081 0.74006 1.83423e-06 1.67024e-11 
1082 0.733244 1.8012e-06 1.64294e-11 
1083 0.726512 1.7685e-06 1.61595e-11 
1084 0.719862 1.73613e-06 1.58927e-11 
1085 0.713295 1.70409e-06 1.56291e-11 
1086 0.706809 1.67238e-06 1.53687e-11 
1087 0.700405 1.64102e-06 1.51116e-11 
1088 0.694082 1.60999e-06 1.48578e-11 
1089 0.68784 1.5793e-06 1.46075e-11 
1090 0.681679 1.54896e-06 1.43606e-11 
1091 0.675597 1.51896e-06 1.41173e-11 
1092 0.669595 1.48931e-06 1.38776e-11 
1093 0.663672 1.46002e-06 1.36416e-11 
1094 0.657827 1.43107e-06 1.34094e-11 
1095 0.652061 1.40248e-06 1.3181e-11 
1096 0.646372 1.37425e-06 1.29564e-11 
1097 0.640761 1.34638e-06 1.27359e-11 
1098 0.635226 1.31887e-06 1.25193e-11 
1099 0.629768 1.29173e-06 1.23069e-11 
1100 0.624386 1.26495e-06 1.20986e-11 
1101 0.619079 1.23854e-06 1.18945e-11 
1102 0.613847 1.2125e-06 1.16946e-11 
1103 0.608689 1.18682e-06 1.1499e-11 
1104 0.603606 1.1615e-06 1.13075e-11 
1105 0.598595 1.13654e-06 1.11202e-11 
1106 0.593657 1.11194e-06 1.0937e-11 
1107 0.588791 1.08769e-06 1.0758e-11 
1108 0.583997 1.06379e-06 1.05831e-11 
1109 0.579273 1.04023e-06 1.04123e-11 
1110 0.57462 1.01702e-06 1.02456e-11 
1111 0.570037 9.94156e-07 1.0083e-11 
1112 0.565522 9.71625e-07 9.92441e-12 
1113 0.561077 9.4943e-07 9.76986e-12 
1114 0.556699 9.27566e-07 9.61934e-12 
1115 0.552389 9.06032e-07 9.47281e-12 
1116 0.548145 8.84823e-07 9.33027e-12 
1117 0.543967 8.63937e-07 9.19169e-12 
1118 0.539855 8.4337e-07 9.05705e-12 
1119 0.535807 8.2312e-07 8.92633e-12 
1120 0.531823 8.03182e-07 8.79952e-12 
1121 0.527903 7.83554e-07 8.67659e-12 
1122 0.524046 7.64232e-07 8.55753e-12 
1123 0.520251 7.45213e-07 8.44231e-12 
1124 0.516517 7.26494e-07 8.33092e-12 
1125 0.512844 7.0807e-07 8.22333e-12 
1126 0.50923 6.8994e-07 8.11952e-12 
1127 0.505676 6.72098e-07 8.01947e-12 
1128 0.502181 6.54542e-07 7.92316e-12 
1129 0.498744 6.37268e-07 7.83057e-12 
1130 0.495363 6.20272e-07 7.74168e-12 
1131 0.492039 6.03551e-07 7.65645e-12 
1132 0.488771 5.87102e-07 7.57488e-12 
1133 0.485558 5.70919e-07 7.49693e-12 
1134 0.482398 5.55e-07 7.42259e-12 
1135 0.479293 5.39341e-07 7.35182e-12 
1136 0.476239 5.23938e-07 7.28462e-12 
1137 0.473238 5.08787e-07 7.22094e-12 
1138 0.470288 4.93884e-07 7.16077e-12 
1139 0.467388 4.79225e-07 7.10409e-12 
1140 0.464537 4.64807e-07 7.05086e-12 
1141 0.461736 4.50625e-07 7.00107e-12 
1142 0.458982 4.36676e-07 6.95469e-12 
1143 0.456275 4.22955e-07 6.91169e-12 
1144 0.453614 4.09458e-07 6.87204e-12 
1145 0.450999 3.96181e-07 6.83573e-12 
1146 0.448428 3.8312e-07 6.80272e-12 
1147 0.445901 3.7027e-07 6.77298e-12 
1148 0.443417 3.57628e-07 6.7465e-12 
1149 0.440975 3.45189e-07 6.72324e-12 
1150 0.438574 3.32949e-07 6.70317e-12 
1151 0.436213 3.20903e-07 6.68626e-12 
1152 0.433892 3.0905e-07 6.67248e-12 
1153 0.431611 2.97386e-07 6.66176e-12 
1154 0.42937 2.8591e-07 6.65406e-12 
1155 0.427168 2.74619e-07 6.64934e-12 
1156 0.425005 2.6351e-07 6.64753e-12 
1157 0.422881 2.52581e-07 6.64859e-12 
1158 0.420795 2.4183e-07 6.65248e-12 
1159 0.418748 2.31253e-07 6.65913e-12 
1160 0.416739 2.20849e-07 6.66849e-12 
1161 0.414768 2.10615e-07 6.68052e-12 
1162 0.412835 2.00549e-07 6.69516e-12 
1163 0.410939 1.90647e-07 6.71235e-12 
1164 0.409081 1.80907e-07 6.73205e-12 
1165 0.407259 1.71327e-07 6.7542e-12 
1166 0.405474 1.61904e-07 6.77875e-12 
1167 0.403725 1.52635e-07 6.80563e-12 
1168 0.402012 1.43517e-07 6.8348e-12 
1169 0.400335 1.34548e-07 6.8662e-12 
1170 0.398694 1.25725e-07 6.89978e-12 
1171 0.397088 1.17045e-07 6.93547e-12 
1172 0.395517 1.08506e-07 6.97321e-12 
1173 0.393981 1.00104e-07 7.01297e-12 
1174 0.392479 9.18362e-08 7.05466e-12 
1175 0.391012 8.37006e-08 7.09824e-12 
1176 0.389578 7.5694e-08 7.14364e-12 
1177 0.388178 6.78133e-08 7.19082e-12 
1178 0.386811 6.00557e-08 7.2397e-12 
1179 0.385478 5.24181e-08 7.29023e-12 
1180 0.384176 4.48976e-08 7.34234e-12 
1181 0.382908 3.74911e-08 7.39598e-12 
1182 0.381671 3.01956e-08 7.45108e-12 
1183 0.380467 2.30081e-08 7.50759e-12 
1184 0.379293 1.59254e-08 7.56543e-12 
1185 0.378151 8.94442e-09 7.62455e-12 
1186 0.37704 2.06204e-09 7.68489e-12 
1187 0.375959 -4.7249e-09 7.74637e-12 
1188 0.374909 -1.14196e-08 7.80894e-12 
1189 0.373888 -1.80253e-08 7.87252e-12 
1190 0.372897 -2.45452e-08 7.93707e-12 
1191 0.371935 -3.09825e-08 8.0025e-12 
1192 0.371002 -3.73406e-08 8.06875e-12 
1193 0.370097 -4.36228e-08 8.13576e-12 
1194 0.369221 -4.98323e-08 8.20346e-12 
1195 0.368372 -5.59726e-08 8.27179e-12 
1196 0.367551 -6.2047e-08 8.34066e-12 
1197 0.366757 -6.8059e-08 8.41002e-12 
1198 0.36599 -7.4012e-08 8.4798e-12 
1199 0.365249 -7.99094e-08 8.54992e-12 
1200 0.364534 -8.57547e-08 8.62032e-12 
1201 0.363845 -9.15509e-08 8.69093e-12 
1202 0.363182 -9.72994e-08 8.76172e-12 
1203 0.362544 -1.03001e-07 8.83266e-12 
1204 0.361931 -1.08656e-07 8.9037e-12 
1205 0.361343 -1.14266e-07 8.97482e-12 
1206 0.360781 -1.19831e-07 9.046e-12 
1207 0.360243 -1.25352e-07 9.11718e-12 
1208 0.359729 -1.30831e-07 9.18835e-12 
1209 0.35924 -1.36267e-07 9.25947e-12 
1210 0.358775 -1.41662e-07 9.33051e-12 
1211 0.358335 -1.47016e-07 9.40143e-12 
1212 0.357918 -1.52331e-07 9.4722e-12 
1213 0.357525 -1.57607e-07 9.54279e-12 
1214 0.357156 -1.62845e-07 9.61316e-12 
1215 0.35681 -1.68046e-07 9.68328e-12 
1216 0.356488 -1.7321e-07 9.75311e-12 
1217 0.356188 -1.7834e-07 9.82262e-12 
1218 0.355912 -1.83435e-07 9.89178e-12 
1219 0.355658 -1.88496e-07 9.96054e-12 
1220 0.355427 -1.93525e-07 1.00289e-11 
1221 0.355218 -1.98522e-07 1.00968e-11 
1222 0.355031 -2.03488e-07 1.01642e-11 
1223 0.354866 -2.08424e-07 1.0231e-11 
1224 0.354723 -2.13332e-07 1.02973e-11 
1225 0.354602 -2.18211e-07 1.0363e-11 
1226 0.354502 -2.23063e-07 1.0428e-11 
1227 0.354423 -2.27889e-07 1.04924e-11 
1228 0.354366 -2.3269e-07 1.0556e-11 
1229 0.354329 -2.37467e-07 1.06189e-11 
1230 0.354313 -2.4222e-07 1.0681e-11 
1231 0.354317 -2.46951e-07 1.07423e-11 
1232 0.354341 -2.51661e-07 1.08027e-11 
1233 0.354386 -2.56351e-07 1.08622e-11 
1234 0.35445 -2.61021e-07 1.09208e-11 
1235 0.354534 -2.65673e-07 1.09784e-11 
1236 0.354637 -2.70308e-07 1.10349e-11 
1237 0.35476 -2.74927e-07 1.10905e-11 
1238 0.354902 -2.7953e-07 1.11449e-11 
1239 0.355062 -2.84119e-07 1.11982e-11 
1240 0.355241 -2.88695e-07 1.12503e-11 
1241 0.355438 -2.93259e-07 1.13011e-11 
1242 0.355653 -2.97812e-07 1.13508e-11 
1243 0.355886 -3.02355e-07 1.13991e-11 
1244 0.356137 -3.06889e-07 1.14461e-11 
1245 0.356405 -3.11415e-07 1.14917e-11 
1246 0.356691 -3.15934e-07 1.1536e-11 
1247 0.356993 -3.20448e-07 1.15787e-11 
1248 0.357312 -3.24958e-07 1.16199e-11 
1249 0.357648 -3.29464e-07 1.16597e-11 
1250 0.358 -3.33967e-07 1.16978e-11 
1251 0.358368 -3.38469e-07 1.17343e-11 
1252 0.358751 -3.42969e-07 1.17691e-11 
1253 0.359151 -3.47466e-07 1.18024e-11 
1254 0.359566 -3.51957e-07 1.1834e-11 
1255 0.359997 -3.56444e-07 1.1864e-11 
1256 0.360443 -3.60923e-07 1.18924e-11 
1257 0.360904 -3.65395e-07 1.19192e-11 
1258 0.361381 -3.69857e-07 1.19443e-11 
1259 0.361872 -3.7431e-07 1.19679e-11 
1260 0.362378 -3.78751e-07 1.19898e-11 
1261 0.362899 -3.83179e-07 1.20101e-11 
1262 0.363434 -3.87594e-07 1.20288e-11 
1263 0.363983 -3.91994e-07 1.20459e-11 
1264 0.364547 -3.96377e-07 1.20614e-11 
1265 0.365125 -4.00744e-07 1.20753e-11 
1266 0.365716 -4.05092e-07 1.20875e-11 
1267 0.366321 -4.0942e-07 1.20982e-11 
1268 0.36694 -4.13728e-07 1.21073e-11 
1269 0.367573 -4.18013e-07 1.21148e-11 
1270 0.368218 -4.22275e-07 1.21206e-11 
1271 0.368877 -4.26513e-07 1.21249e-11 
1272 0.369549 -4.30724e-07 1.21276e-11 
1273 0.370233 -4.34909e-07 1.21288e-11 
1274 0.37093 -4.39065e-07 1.21283e-11 
1275 0.37164 -4.43192e-07 1.21262e-11 
1276 0.372361 -4.47288e-07 1.21226e-11 
1277 0.373095 -4.51351e-07 1.21174e-11 
1278 0.373841 -4.55381e-07 1.21106e-11 
1279 0.374599 -4.59377e-07 1.21022e-11 
1280 0.375368 -4.63336e-07 1.20923e-11 
1281 0.376149 -4.67258e-07 1.20808e-11 
1282 0.376941 -4.71142e-07 1.20677e-11 
1283 0.377744 -4.74985e-07 1.20531e-11 
1284 0.378559 -4.78788e-07 1.20369e-11 
1285 0.379383 -4.82547e-07 1.20192e-11 
1286 0.380219 -4.86263e-07 1.19999e-11 
1287 0.381065 -4.89933e-07 1.1979e-11 
1288 0.381921 -4.93556e-07 1.19566e-11 
1289 0.382787 -4.97132e-07 1.19327e-11 
1290 0.383663 -5.00658e-07 1.19072e-11 
1291 0.384549 -5.04133e-07 1.18802e-11 
1292 0.385444 -5.07556e-07 1.18516e-11 
1293 0.386348 -5.10926e-07 1.18215e-11 
1294 0.387262 -5.1424e-07 1.17899e-11 
1295 0.388185 -5.17498e-07 1.17568e-11 
1296 0.389116 -5.20698e-07 1.17221e-11 
1297 0.390056 -5.23839e-07 1.16859e-11 
1298 0.391004 -5.2692e-07 1.16482e-11 
1299 0.39196 -5.29938e-07 1.1609e-11 
1300 0.392924 -5.32892e-07 1.15683e-11 
1301 0.393896 -5.35782e-07 1.1526e-11 
1302 0.394876 -5.38606e-07 1.14823e-11 
1303 0.395863 -5.41363e-07 1.14372e-11 
1304 0.396857 -5.44052e-07 1.13906e-11 
1305 0.397859 -5.46673e-07 1.13426e-11 
1306 0.398867 -5.49224e-07 1.12932e-11 
1307 0.399883 -5.51705e-07 1.12424e-11 
1308 0.400905 -5.54114e-07 1.11904e-11 
1309 0.401933 -5.56451e-07 1.1137e-11 
1310 0.402968 -5.58715e-07 1.10823e-11 
1311 0.404009 -5.60905e-07 1.10263e-11 
1312 0.405056 -5.6302e-07 1.09692e-11 
1313 0.406108 -5.65059e-07 1.09108e-11 
1314 0.407167 -5.67022e-07 1.08512e-11 
1315 0.40823 -5.68906e-07 1.07904e-11 
1316 0.409299 -5.70712e-07 1.07286e-11 
1317 0.410374 -5.72438e-07 1.06656e-11 
1318 0.411453 -5.74083e-07 1.06015e-11 
1319 0.412537 -5.75647e-07 1.05364e-11 
1320 0.413626 -5.77128e-07 1.04702e-11 
1321 0.414719 -5.78526e-07 1.04031e-11 
1322 0.415816 -5.79839e-07 1.0335e-11 
1323 0.416917 -5.81067e-07 1.02659e-11 
1324 0.418022 -5.82208e-07 1.01959e-11 
1325 0.419131 -5.83262e-07 1.0125e-11 
1326 0.420244 -5.84227e-07 1.00532e-11 
1327 0.42136 -5.85103e-07 9.98064e-12 
1328 0.422479 -5.85889e-07 9.90724e-12 
1329 0.423601 -5.86583e-07 9.83305e-12 
1330 0.424725 -5.87185e-07 9.75811e-12 
1331 0.425853 -5.87694e-07 9.68245e-12 
1332 0.426983 -5.88108e-07 9.60608e-12 
1333 0.428115 -5.88427e-07 9.52906e-12 
1334 0.429249 -5.88649e-07 9.45139e-12 
1335 0.430384 -5.88774e-07 9.37311e-12 
1336 0.431522 -5.88801e-07 9.29426e-12 
1337 0.432661 -5.88728e-07 9.21486e-12 
1338 0.433801 -5.88554e-07 9.13493e-12 
1339 0.434942 -5.88279e-07 9.05452e-12 
1340 0.436084 -5.87902e-07 8.97365e-12 
1341 0.437227 -5.8742e-07 8.89235e-12 
1342 0.43837 -5.86834e-07 8.81065e-12 
1343 0.439513 -5.86142e-07 8.72859e-12 
1344 0.440657 -5.85344e-07 8.64618e-12 
1345 0.4418 -5.84437e-07 8.56348e-12 
1346 0.442943 -5.83422e-07 8.4805e-12 
1347 0.444085 -5.82297e-07 8.39727e-12 
1348 0.445226 -5.8106e-07 8.31384e-12 
1349 0.446367 -5.79711e-07 8.23023e-12 
1350 0.447506 -5.78249e-07 8.14647e-12 
1351 0.448644 -5.76673e-07 8.06259e-12 
1352 0.44978 -5.74984e-07 7.97863e-12 
1353 0.450915 -5.73181e-07 7.89458e-12 
1354 0.452047 -5.71266e-07 7.81048e-12 
1355 0.453177 -5.69239e-07 7.72635e-12 
1356 0.454304 -5.67101e-07 7.6422e-12 
1357 0.455429 -5.64852e-07 7.55805e-12 
1358 0.45655 -5.62494e-07 7.47393e-12 
1359 0.457668 -5.60026e-07 7.38985e-12 
1360 0.458783 -5.57451e-07 7.30584e-12 
1361 0.459894 -5.54767e-07 7.22192e-12 
1362 0.461002 -5.51976e-07 7.1381e-12 
1363 0.462105 -5.49079e-07 7.05441e-12 
1364 0.463203 -5.46077e-07 6.97086e-12 
1365 0.464297 -5.42969e-07 6.88749e-12 
1366 0.465386 -5.39757e-07 6.8043e-12 
1367 0.46647 -5.36442e-07 6.72132e-12 
1368 0.467548 -5.33024e-07 6.63858e-12 
1369 0.468621 -5.29504e-07 6.55609e-12 
1370 0.469688 -5.25883e-07 6.47388e-12 
1371 0.470749 -5.22161e-07 6.39196e-12 
1372 0.471803 -5.18339e-07 6.31036e-12 
1373 0.472851 -5.14419e-07 6.22911e-12 
1374 0.473892 -5.104e-07 6.14821e-12 
1375 0.474925 -5.06283e-07 6.0677e-12 
1376 0.475952 -5.0207e-07 5.9876e-12 
1377 0.47697 -4.97761e-07 5.90792e-12 
1378 0.477981 -4.93357e-07 5.8287e-12 
1379 0.478984 -4.88859e-07 5.74995e-12 
1380 0.479978 -4.84267e-07 5.6717e-12 
1381 0.480963 -4.79582e-07 5.59396e-12 
1382 0.48194 -4.74805e-07 5.51678e-12 
1383 0.482907 -4.69938e-07 5.44015e-12 
1384 0.483865 -4.6498e-07 5.36412e-12 
1385 0.484813 -4.59932e-07 5.2887e-12 
1386 0.485752 -4.54797e-07 5.21391e-12 
1387 0.486679 -4.49573e-07 5.13978e-12 
1388 0.487597 -4.44262e-07 5.06634e-12 
1389 0.488503 -4.38866e-07 4.9936e-12 
1390 0.489399 -4.33384e-07 4.9216e-12 
1391 0.490283 -4.27818e-07 4.85034e-12 
1392 0.491155 -4.22169e-07 4.77987e-12 
1393 0.492016 -4.16437e-07 4.7102e-12 
1394 0.492864 -4.10624e-07 4.64136e-12 
1395 0.4937 -4.0473e-07 4.57337e-12 
1396 0.494523 -3.98756e-07 4.50626e-12 
1397 0.495333 -3.92703e-07 4.44005e-12 
1398 0.496129 -3.86573e-07 4.37476e-12 
1399 0.496913 -3.80365e-07 4.31043e-12 
1400 0.497682 -3.74081e-07 4.24707e-12 
1401 0.498437 -3.67722e-07 4.18471e-12 
1402 0.499177 -3.61289e-07 4.12336e-12 
1403 0.499904 -3.54785e-07 4.063e-12 
1404 0.500615 -3.48209e-07 4.00364e-12 
1405 0.501312 -3.41565e-07 3.94528e-12 
1406 0.501994 -3.34852e-07 3.88792e-12 
1407 0.50266 -3.28074e-07 3.83156e-12 
1408 0.503311 -3.21232e-07 3.77619e-12 
1409 0.503947 -3.14326e-07 3.72182e-12 
1410 0.504567 -3.07359e-07 3.66845e-12 
1411 0.505172 -3.00332e-07 3.61607e-12 
1412 0.50576 -2.93247e-07 3.56468e-12 
1413 0.506333 -2.86106e-07 3.51429e-12 
1414 0.506889 -2.7891e-07 3.46488e-12 
1415 0.507428 -2.7166e-07 3.41647e-12 
1416 0.507951 -2.64358e-07 3.36905e-12 
1417 0.508458 -2.57007e-07 3.32261e-12 
1418 0.508947 -2.49607e-07 3.27716e-12 
1419 0.509419 -2.42161e-07 3.2327e-12 
1420 0.509874 -2.34669e-07 3.18922e-12 
1421 0.510311 -2.27134e-07 3.14673e-12 
1422 0.510731 -2.19557e-07 3.10522e-12 
1423 0.511133 -2.11941e-07 3.06469e-12 
1424 0.511517 -2.04286e-07 3.02514e-12 
1425 0.511883 -1.96595e-07 2.98657e-12 
1426 0.512231 -1.88869e-07 2.94898e-12 
1427 0.51256 -1.81109e-07 2.91237e-12 
1428 0.51287 -1.73319e-07 2.87673e-12 
1429 0.513162 -1.65499e-07 2.84206e-12 
1430 0.513435 -1.57651e-07 2.80837e-12 
1431 0.513688 -1.49778e-07 2.77564e-12 
1432 0.513922 -1.4188e-07 2.74389e-12 
1433 0.514137 -1.3396e-07 2.71311e-12 
1434 0.514332 -1.26019e-07 2.68329e-12 
1435 0.514506 -1.18059e-07 2.65444e-12 
1436 0.514661 -1.10083e-07 2.62655e-12 
1437 0.514796 -1.02092e-07 2.59962e-12 
1438 0.51491 -9.40871e-08 2.57366e-12 
1439 0.515004 -8.60712e-08 2.54865e-12 
1440 0.515076 -7.8046e-08 2.5246e-12 
1441 0.515128 -7.00132e-08 2.50151e-12 
1442 0.515159 -6.19747e-08 2.47937e-12 
1443 0.515168 -5.39326e-08 2.45818e-12 
1444 0.515156 -4.58886e-08 2.43794e-12 
1445 0.515122 -3.78448e-08 2.41865e-12 
1446 0.515066 -2.9803e-08 2.40031e-12 
1447 0.514988 -2.17652e-08 2.38292e-12 
1448 0.514887 -1.37334e-08 2.36646e-12 
1449 0.514765 -5.70955e-09 2.35095e-12 
1450 0.514619 2.30436e-09 2.33638e-12 
1451 0.514451 1.03065e-08 2.32275e-12 
1452 0.51426 1.82957e-08 2.31004e-12 
1453 0.514047 2.62709e-08 2.29824e-12 
1454 0.513811 3.42312e-08 2.28735e-12 
1455 0.513553 4.21753e-08 2.27735e-12 
1456 0.513272 5.01024e-08 2.26823e-12 
1457 0.51297 5.80114e-08 2.25999e-12 
1458 0.512646 6.59011e-08 2.25259e-12 
1459 0.5123 7.37706e-08 2.24605e-12 
1460 0.511932 8.16188e-08 2.24034e-12 
1461 0.511543 8.94446e-08 2.23545e-12 
1462 0.511133 9.72469e-08 2.23136e-12 
1463 0.510702 1.05025e-07 2.22808e-12 
1464 0.510249 1.12777e-07 2.22558e-12 
1465 0.509776 1.20502e-07 2.22386e-12 
1466 0.509282 1.282e-07 2.22289e-12 
1467 0.508768 1.35869e-07 2.22268e-12 
1468 0.508233 1.43507e-07 2.2232e-12 
1469 0.507678 1.51115e-07 2.22444e-12 
1470 0.507103 1.5869e-07 2.2264e-12 
1471 0.506508 1.66232e-07 2.22905e-12 
1472 0.505893 1.73739e-07 2.23238e-12 
1473 0.505258 1.81211e-07 2.23639e-12 
1474 0.504605 1.88646e-07 2.24106e-12 
1475 0.503932 1.96043e-07 2.24637e-12 
1476 0.503239 2.03401e-07 2.25232e-12 
1477 0.502528 2.10719e-07 2.25889e-12 
1478 0.501798 2.17995e-07 2.26606e-12 
1479 0.50105 2.25229e-07 2.27382e-12 
1480 0.500283 2.32419e-07 2.28217e-12 
1481 0.499498 2.39564e-07 2.29108e-12 
1482 0.498695 2.46664e-07 2.30054e-12 
1483 0.497873 2.53715e-07 2.31054e-12 
1484 0.497034 2.60719e-07 2.32107e-12 
1485 0.496178 2.67673e-07 2.3321e-12 
1486 0.495304 2.74575e-07 2.34363e-12 
1487 0.494413 2.81426e-07 2.35565e-12 
1488 0.493505 2.88224e-07 2.36813e-12 
1489 0.492579 2.94967e-07 2.38107e-12 
1490 0.491638 3.01654e-07 2.39445e-12 
1491 0.490679 3.08284e-07 2.40825e-12 
1492 0.489705 3.14856e-07 2.42247e-12 
1493 0.488714 3.21369e-07 2.43708e-12 
1494 0.487707 3.27821e-07 2.45207e-12 
1495 0.486685 3.34211e-07 2.46743e-12 
1496 0.485647 3.40538e-07 2.48314e-12 
1497 0.484593 3.468e-07 2.49919e-12 
1498 0.483524 3.52997e-07 2.51556e-12 
1499 0.482441 3.59126e-07 2.53224e-12 
1500 0.481342 3.65188e-07 2.54921e-12 
1501 0.480229 3.71179e-07 2.56646e-12 
1502 0.479101 3.77101e-07 2.58398e-12 
1503 0.477959 3.82952e-07 2.60174e-12 
1504 0.476803 3.88732e-07 2.61975e-12 
1505 0.475633 3.9444e-07 2.63799e-12 
1506 0.474448 4.00076e-07 2.65644e-12 
1507 0.47325 4.0564e-07 2.6751e-12 
1508 0.472038 4.1113e-07 2.69396e-12 
1509 0.470813 4.16546e-07 2.71299e-12 
1510 0.469574 4.21888e-07 2.73219e-12 
1511 0.468321 4.27154e-07 2.75155e-12 
1512 0.467056 4.32346e-07 2.77105e-12 
1513 0.465778 4.37461e-07 2.79069e-12 
1514 0.464486 4.425e-07 2.81044e-12 
1515 0.463182 4.47462e-07 2.8303e-12 
1516 0.461866 4.52346e-07 2.85025e-12 
1517 0.460537 4.57152e-07 2.87028e-12 
1518 0.459195 4.61879e-07 2.89038e-12 
1519 0.457842 4.66527e-07 2.91054e-12 
1520 0.456476 4.71096e-07 2.93074e-12 
1521 0.455099 4.75583e-07 2.95096e-12 
1522 0.45371 4.7999e-07 2.9712e-12 
1523 0.452309 4.84316e-07 2.99145e-12 
1524 0.450897 4.88559e-07 3.01168e-12 
1525 0.449474 4.92719e-07 3.03189e-12 
1526 0.448039 4.96797e-07 3.05206e-12 
1527 0.446594 5.00791e-07 3.07218e-12 
1528 0.445137 5.047e-07 3.09224e-12 
1529 0.44367 5.08525e-07 3.11221e-12 
1530 0.442193 5.12264e-07 3.1321e-12 
1531 0.440705 5.15917e-07 3.15188e-12 
1532 0.439207 5.19483e-07 3.17154e-12 
1533 0.437699 5.22963e-07 3.19107e-12 
1534 0.436181 5.26354e-07 3.21045e-12 
1535 0.434653 5.29658e-07 3.22967e-12 
1536 0.433116 5.32872e-07 3.24872e-12 
1537 0.431569 5.35997e-07 3.26757e-12 
1538 0.430013 5.39032e-07 3.28622e-12 
1539 0.428448 5.41976e-07 3.30466e-12 
1540 0.426874 5.44829e-07 3.32286e-12 
1541 0.425291 5.4759e-07 3.34081e-12 
1542 0.4237 5.50259e-07 3.35851e-12 
1543 0.422101 5.52835e-07 3.37593e-12 
1544 0.420493 5.55317e-07 3.39305e-12 
1545 0.418877 5.57705e-07 3.40987e-12 
1546 0.417253 5.59999e-07 3.42638e-12 
1547 0.415621 5.62196e-07 3.44254e-12 
1548 0.413982 5.64298e-07 3.45836e-12 
1549 0.412335 5.66304e-07 3.47381e-12 
1550 0.410682 5.68212e-07 3.48888e-12 
1551 0.409021 5.70023e-07 3.50356e-12 
1552 0.407353 5.71736e-07 3.51785e-12 
1553 0.405678 5.73354e-07 3.53173e-12 
1554 0.403997 5.74875e-07 3.54521e-12 
1555 0.40231 5.763e-07 3.55829e-12 
1556 0.400616 5.77632e-07 3.57096e-12 
1557 0.398917 5.78869e-07 3.58323e-12 
1558 0.397211 5.80012e-07 3.59509e-12 
1559 0.3955 5.81063e-07 3.60653e-12 
1560 0.393783 5.82022e-07 3.61756e-12 
1561 0.392061 5.82889e-07 3.62818e-12 
1562 0.390334 5.83666e-07 3.63838e-12 
1563 0.388601 5.84352e-07 3.64816e-12 
1564 0.386864 5.84949e-07 3.65752e-12 
1565 0.385122 5.85457e-07 3.66645e-12 
1566 0.383376 5.85877e-07 3.67496e-12 
1567 0.381625 5.86209e-07 3.68304e-12 
1568 0.37987 5.86455e-07 3.69069e-12 
1569 0.378111 5.86614e-07 3.69791e-12 
1570 0.376349 5.86689e-07 3.7047e-12 
1571 0.374583 5.86678e-07 3.71105e-12 
1572 0.372813 5.86583e-07 3.71696e-12 
1573 0.37104 5.86405e-07 3.72243e-12 
1574 0.369264 5.86145e-07 3.72746e-12 
1575 0.367485 5.85802e-07 3.73204e-12 
1576 0.365704 5.85379e-07 3.73618e-12 
1577 0.36392 5.84875e-07 3.73987e-12 
1578 0.362134 5.84291e-07 3.74311e-12 
1579 0.360345 5.83628e-07 3.74589e-12 
1580 0.358555 5.82887e-07 3.74822e-12 
1581 0.356763 5.82069e-07 3.7501e-12 
1582 0.35497 5.81174e-07 3.75151e-12 
1583 0.353175 5.80203e-07 3.75246e-12 
1584 0.351379 5.79156e-07 3.75295e-12 
1585 0.349581 5.78036e-07 3.75297e-12 
1586 0.347784 5.76841e-07 3.75253e-12 
1587 0.345985 5.75574e-07 3.75161e-12 
1588 0.344186 5.74234e-07 3.75022e-12 
1589 0.342388 5.72823e-07 3.74836e-12 
1590 0.340589 5.71342e-07 3.74602e-12 
1591 0.33879 5.69791e-07 3.74321e-12 
1592 0.336992 5.68171e-07 3.73991e-12 
1593 0.335194 5.66482e-07 3.73613e-12 
1594 0.333397 5.64727e-07 3.73186e-12 
1595 0.331601 5.62905e-07 3.72711e-12 
1596 0.329807 5.61017e-07 3.72186e-12 
1597 0.328013 5.59064e-07 3.71613e-12 
1598 0.326222 5.57047e-07 3.7099e-12 
1599 0.324432 5.54967e-07 3.70317e-12 
1600 0.322645 5.52825e-07 3.69595e-12 
1601 0.320859 5.50621e-07 3.68823e-12 
1602 0.319076 5.48356e-07 3.68001e-12 
1603 0.317296 5.46033e-07 3.67131e-12 
1604 0.315518 5.4365e-07 3.66212e-12 
1605 0.313743 5.41211e-07 3.65246e-12 
1606 0.311971 5.38715e-07 3.64234e-12 
1607 0.310202 5.36165e-07 3.63176e-12 
1608 0.308436 5.3356e-07 3.62072e-12 
1609 0.306673 5.30902e-07 3.60924e-12 
1610 0.304914 5.28193e-07 3.59732e-12 
1611 0.303159 5.25433e-07 3.58497e-12 
1612 0.301407 5.22623e-07 3.57219e-12 
1613 0.299658 5.19765e-07 3.559e-12 
1614 0.297914 5.1686e-07 3.5454e-12 
1615 0.296174 5.13909e-07 3.5314e-12 
1616 0.294438 5.10912e-07 3.517e-12 
1617 0.292707 5.07872e-07 3.50221e-12 
1618 0.29098 5.04789e-07 3.48704e-12 
1619 0.289257 5.01664e-07 3.47151e-12 
1620 0.28754 4.98499e-07 3.4556e-12 
1621 0.285827 4.95295e-07 3.43934e-12 
1622 0.284119 4.92053e-07 3.42273e-12 
1623 0.282416 4.88774e-07 3.40578e-12 
1624 0.280719 4.8546e-07 3.38849e-12 
1625 0.279027 4.82111e-07 3.37087e-12 
1626 0.277341 4.78729e-07 3.35294e-12 
1627 0.275661 4.75315e-07 3.33469e-12 
1628 0.273986 4.7187e-07 3.31614e-12 
1629 0.272317 4.68396e-07 3.2973e-12 
1630 0.270655 4.64893e-07 3.27816e-12 
1631 0.268999 4.61363e-07 3.25875e-12 
1632 0.267349 4.57808e-07 3.23906e-12 
1633 0.265706 4.54228e-07 3.21912e-12 
1634 0.264069 4.50624e-07 3.19891e-12 
1635 0.26244 4.46999e-07 3.17846e-12 
1636 0.260817 4.43352e-07 3.15777e-12 
1637 0.259202 4.39687e-07 3.13685e-12 
1638 0.257594 4.36003e-07 3.1157e-12 
1639 0.255993 4.32302e-07 3.09434e-12 
1640 0.2544 4.28586e-07 3.07278e-12 
1641 0.252814 4.24855e-07 3.05101e-12 
1642 0.251237 4.21111e-07 3.02906e-12 
1643 0.249668 4.17356e-07 3.00693e-12 
1644 0.248106 4.1359e-07 2.98462e-12 
1645 0.246554 4.09815e-07 2.96215e-12 
1646 0.245009 4.06033e-07 2.93953e-12 
1647 0.243473 4.02244e-07 2.91676e-12 
1648 0.241947 3.9845e-07 2.89385e-12 
1649 0.240429 3.94653e-07 2.87081e-12 
1650 0.23892 3.90853e-07 2.84765e-12 
1651 0.23742 3.87053e-07 2.82438e-12 
1652 0.23593 3.83252e-07 2.80101e-12 
1653 0.234449 3.7945e-07 2.77753e-12 
1654 0.232977 3.7565e-07 2.75396e-12 
1655 0.231515 3.71851e-07 2.7303e-12 
1656 0.230062 3.68053e-07 2.70655e-12 
1657 0.228619 3.64257e-07 2.68273e-12 
1658 0.227185 3.60464e-07 2.65883e-12 
1659 0.225761 3.56673e-07 2.63487e-12 
1660 0.224346 3.52887e-07 2.61085e-12 
1661 0.222941 3.49104e-07 2.58677e-12 
1662 0.221545 3.45326e-07 2.56264e-12 
1663 0.220159 3.41553e-07 2.53846e-12 
1664 0.218783 3.37785e-07 2.51425e-12 
1665 0.217417 3.34024e-07 2.49e-12 
1666 0.21606 3.3027e-07 2.46573e-12 
1667 0.214714 3.26522e-07 2.44144e-12 
1668 0.213377 3.22782e-07 2.41713e-12 
1669 0.21205 3.19051e-07 2.39281e-12 
1670 0.210733 3.15328e-07 2.36849e-12 
1671 0.209426 3.11614e-07 2.34417e-12 
1672 0.208129 3.0791e-07 2.31986e-12 
1673 0.206842 3.04216e-07 2.29556e-12 
1674 0.205565 3.00534e-07 2.27129e-12 
1675 0.204298 2.96862e-07 2.24704e-12 
1676 0.203041 2.93203e-07 2.22283e-12 
1677 0.201794 2.89556e-07 2.19865e-12 
1678 0.200558 2.85922e-07 2.17452e-12 
1679 0.199332 2.82302e-07 2.15044e-12 
1680 0.198116 2.78695e-07 2.12642e-12 
1681 0.19691 2.75104e-07 2.10247e-12 
1682 0.195715 2.71527e-07 2.07858e-12 
1683 0.19453 2.67967e-07 2.05477e-12 
1684 0.193356 2.64423e-07 2.03104e-12 
1685 0.192192 2.60895e-07 2.0074e-12 
1686 0.191039 2.57385e-07 1.98386e-12 
1687 0.189896 2.53894e-07 1.96042e-12 
1688 0.188763 2.5042e-07 1.93709e-12 
1689 0.187642 2.46966e-07 1.91387e-12 
1690 0.186531 2.43532e-07 1.89077e-12 
1691 0.18543 2.40118e-07 1.86781e-12 
1692 0.18434 2.36725e-07 1.84497e-12 
1693 0.183261 2.33354e-07 1.82228e-12 
1694 0.182193 2.30004e-07 1.79974e-12 
1695 0.181136 2.26677e-07 1.77735e-12 
1696 0.180089 2.23374e-07 1.75512e-12 
1697 0.179053 2.20094e-07 1.73306e-12 
1698 0.178029 2.16839e-07 1.71118e-12 
1699 0.177015 2.13609e-07 1.68947e-12 
1700 0.176012 2.10404e-07 1.66795e-12 
1701 0.17502 2.07226e-07 1.64663e-12 
1702 0.174039 2.04073e-07 1.62551e-12 
1703 0.17307 2.00947e-07 1.60458e-12 
1704 0.17211 1.97847e-07 1.58385e-12 
1705 0.171162 1.94773e-07 1.56333e-12 
1706 0.170225 1.91724e-07 1.54301e-12 
1707 0.169298 1.88702e-07 1.52289e-12 
1708 0.168382 1.85705e-07 1.50298e-12 
1709 0.167476 1.82733e-07 1.48328e-12 
1710 0.166581 1.79788e-07 1.46379e-12 
1711 0.165696 1.76867e-07 1.44451e-12 
1712 0.164822 1.73972e-07 1.42544e-12 
1713 0.163958 1.71103e-07 1.40659e-12 
1714 0.163104 1.68258e-07 1.38795e-12 
1715 0.16226 1.65439e-07 1.36954e-12 
1716 0.161427 1.62645e-07 1.35134e-12 
1717 0.160603 1.59875e-07 1.33337e-12 
1718 0.15979 1.57131e-07 1.31562e-12 
1719 0.158987 1.54411e-07 1.2981e-12 
1720 0.158193 1.51716e-07 1.2808e-12 
1721 0.157409 1.49046e-07 1.26373e-12 
1722 0.156636 1.464e-07 1.2469e-12 
1723 0.155871 1.43779e-07 1.23029e-12 
1724 0.155117 1.41182e-07 1.21392e-12 
1725 0.154372 1.38609e-07 1.19779e-12 
1726 0.153636 1.3606e-07 1.18189e-12 
1727 0.15291 1.33536e-07 1.16624e-12 
1728 0.152193 1.31035e-07 1.15082e-12 
1729 0.151485 1.28559e-07 1.13565e-12 
1730 0.150787 1.26106e-07 1.12073e-12 
1731 0.150098 1.23676e-07 1.10605e-12 
1732 0.149418 1.21271e-07 1.09162e-12 
1733 0.148747 1.18889e-07 1.07744e-12 
1734 0.148085 1.1653e-07 1.06351e-12 
1735 0.147431 1.14194e-07 1.04984e-12 
1736 0.146787 1.11882e-07 1.03642e-12 
1737 0.146151 1.09593e-07 1.02326e-12 
1738 0.145524 1.07326e-07 1.01036e-12 
1739 0.144905 1.05083e-07 9.97721e-13 
1740 0.144295 1.02863e-07 9.85346e-13 
1741 0.143694 1.00665e-07 9.73235e-13 
1742 0.143101 9.84894e-08 9.61392e-13 
1743 0.142516 9.63366e-08 9.49818e-13 
1744 0.141939 9.42061e-08 9.38514e-13 
1745 0.14137 9.20979e-08 9.27483e-13 
1746 0.14081 9.00119e-08 9.16727e-13 
1747 0.140257 8.79479e-08 9.06246e-13 
1748 0.139713 8.59058e-08 8.96044e-13 
1749 0.139176 8.38855e-08 8.86123e-13 
1750 0.138647 8.1887e-08 8.76483e-13 
1751 0.138125 7.991e-08 8.67127e-13 
1752 0.137612 7.79544e-08 8.58052e-13 
1753 0.137106 7.60202e-08 8.49257e-13 
1754 0.136607 7.41069e-08 8.40741e-13 
1755 0.136116 7.22146e-08 8.32499e-13 
1756 0.135632 7.0343e-08 8.24531e-13 
1757 0.135155 6.84919e-08 8.16835e-13 
1758 0.134686 6.66611e-08 8.09408e-13 
1759 0.134224 6.48506e-08 8.02248e-13 
1760 0.133769 6.306e-08 7.95353e-13 
1761 0.133322 6.12892e-08 7.8872e-13 
1762 0.132881 5.9538e-08 7.82348e-13 
1763 0.132447 5.78063e-08 7.76235e-13 
1764 0.13202 5.60938e-08 7.70377e-13 
1765 0.131601 5.44003e-08 7.64774e-13 
1766 0.131187 5.27258e-08 7.59422e-13 
1767 0.130781 5.10698e-08 7.5432e-13 
1768 0.130381 4.94324e-08 7.49464e-13 
1769 0.129988 4.78132e-08 7.44854e-13 
1770 0.129602 4.62121e-08 7.40486e-13 
1771 0.129222 4.4629e-08 7.36358e-13 
1772 0.128848 4.30635e-08 7.32468e-13 
1773 0.128481 4.15155e-08 7.28814e-13 
1774 0.12812 3.99848e-08 7.25393e-13 
1775 0.127766 3.84712e-08 7.22203e-13 
1776 0.127417 3.69745e-08 7.19241e-13 
1777 0.127075 3.54945e-08 7.16505e-13 
1778 0.126738 3.4031e-08 7.13993e-13 
1779 0.126408 3.25837e-08 7.11702e-13 
1780 0.126084 3.11526e-08 7.0963e-13 
1781 0.125765 2.97373e-08 7.07775e-13 
1782 0.125452 2.83377e-08 7.06133e-13 
1783 0.125145 2.69535e-08 7.04703e-13 
1784 0.124844 2.55846e-08 7.03481e-13 
1785 0.124548 2.42307e-08 7.02466e-13 
1786 0.124257 2.28917e-08 7.01656e-13 
1787 0.123973 2.15672e-08 7.01046e-13 
1788 0.123693 2.02571e-08 7.00635e-13 
1789 0.123419 1.89612e-08 7.00421e-13 
1790 0.12315 1.76793e-08 7.004e-13 
1791 0.122886 1.64111e-08 7.00571e-13 
1792 0.122627 1.51564e-08 7.0093e-13 
1793 0.122374 1.3915e-08 7.01475e-13 
1794 0.122125 1.26867e-08 7.02204e-13 
1795 0.121881 1.14712e-08 7.03113e-13 
1796 0.121642 1.02684e-08 7.042e-13 
1797 0.121408 9.07797e-09 7.05463e-13 
1798 0.121178 7.89971e-09 7.06898e-13 
1799 0.120953 6.7334e-09 7.08503e-13 
1800 0.120732 5.57881e-09 7.10276e-13 
1801 0.120516 4.43573e-09 7.12213e-13 
1802 0.120305 3.30403e-09 7.1431e-13 
1803 0.120097 2.18358e-09 7.16565e-13 
1804 0.119894 1.07429e-09 7.18972e-13 
1805 0.119696 -2.39727e-11 7.21528e-13 
1806 0.119502 -1.11132e-09 7.24228e-13 
1807 0.119312 -2.18786e-09 7.2707e-13 
1808 0.119126 -3.25372e-09 7.30048e-13 
1809 0.118944 -4.309e-09 7.33159e-13 
1810 0.118767 -5.35384e-09 7.36398e-13 
1811 0.118594 -6.38835e-09 7.39762e-13 
1812 0.118425 -7.41265e-09 7.43246e-13 
1813 0.11826 -8.42685e-09 7.46846e-13 
1814 0.118099 -9.43108e-09 7.50559e-13 
1815 0.117943 -1.04255e-08 7.54379e-13 
1816 0.11779 -1.14101e-08 7.58303e-13 
1817 0.117641 -1.23852e-08 7.62326e-13 
1818 0.117497 -1.33507e-08 7.66445e-13 
1819 0.117356 -1.43069e-08 7.70655e-13 
1820 0.117219 -1.52539e-08 7.74951e-13 
1821 0.117086 -1.61918e-08 7.7933e-13 
1822 0.116957 -1.71207e-08 7.83787e-13 
1823 0.116831 -1.80407e-08 7.88318e-13 
1824 0.11671 -1.8952e-08 7.92918e-13 
1825 0.116592 -1.98547e-08 7.97583e-13 
1826 0.116478 -2.07489e-08 8.02309e-13 
1827 0.116368 -2.16348e-08 8.07091e-13 
1828 0.116261 -2.25125e-08 8.11925e-13 
1829 0.116158 -2.3382e-08 8.16806e-13 
1830 0.116058 -2.42437e-08 8.2173e-13 
1831 0.115963 -2.50975e-08 8.26692e-13 
1832 0.11587 -2.59436e-08 8.31689e-13 
1833 0.115781 -2.67822e-08 8.36714e-13 
1834 0.115696 -2.76134e-08 8.41765e-13 
1835 0.115614 -2.84372e-08 8.46835e-13 
1836 0.115535 -2.92539e-08 8.51921e-13 
1837 0.11546 -3.00637e-08 8.57019e-13 
1838 0.115389 -3.08665e-08 8.62122e-13 
1839 0.11532 -3.16626e-08 8.67227e-13 
1840 0.115255 -3.24521e-08 8.7233e-13 
1841 0.115193 -3.32351e-08 8.77424e-13 
1842 0.115134 -3.40118e-08 8.82507e-13 
1843 0.115078 -3.47823e-08 8.87572e-13 
1844 0.115026 -3.55468e-08 8.92615e-13 
1845 0.114977 -3.63054e-08 8.97632e-13 
1846 0.11493 -3.70582e-08 9.02617e-13 
1847 0.114887 -3.78054e-08 9.07566e-13 
1848 0.114847 -3.85472e-08 9.12474e-13 
1849 0.11481 -3.92836e-08 9.17336e-13 
1850 0.114775 -4.00148e-08 9.22147e-13 
1851 0.114744 -4.07409e-08 9.26903e-13 
1852 0.114715 -4.1462e-08 9.31602e-13 
1853 0.11469 -4.21778e-08 9.36241e-13 
1854 0.114667 -4.28884e-08 9.4082e-13 
1855 0.114647 -4.35937e-08 9.45335e-13 
1856 0.11463 -4.42936e-08 9.49787e-13 
1857 0.114615 -4.4988e-08 9.54172e-13 
1858 0.114604 -4.56768e-08 9.58489e-13 
1859 0.114595 -4.63601e-08 9.62737e-13 
1860 0.114589 -4.70376e-08 9.66913e-13 
1861 0.114585 -4.77093e-08 9.71016e-13 
1862 0.114585 -4.83752e-08 9.75043e-13 
1863 0.114587 -4.90352e-08 9.78994e-13 
1864 0.114591 -4.96892e-08 9.82866e-13 
1865 0.114599 -5.03371e-08 9.86658e-13 
1866 0.114609 -5.09788e-08 9.90367e-13 
1867 0.114621 -5.16143e-08 9.93992e-13 
1868 0.114637 -5.22436e-08 9.97531e-13 
1869 0.114654 -5.28664e-08 1.00098e-12 
1870 0.114675 -5.34828e-08 1.00434e-12 
1871 0.114698 -5.40926e-08 1.00761e-12 
1872 0.114723 -5.46958e-08 1.01079e-12 
1873 0.114751 -5.52924e-08 1.01387e-12 
1874 0.114782 -5.58821e-08 1.01686e-12 
1875 0.114815 -5.6465e-08 1.01974e-12 
1876 0.11485 -5.7041e-08 1.02253e-12 
1877 0.114888 -5.761e-08 1.02521e-12 
1878 0.114928 -5.81719e-08 1.02779e-12 
1879 0.114971 -5.87267e-08 1.03026e-12 
1880 0.115016 -5.92741e-08 1.03262e-12 
1881 0.115063 -5.98143e-08 1.03487e-12 
1882 0.115113 -6.03471e-08 1.03701e-12 
1883 0.115165 -6.08724e-08 1.03903e-12 
1884 0.11522 -6.13901e-08 1.04094e-12 
1885 0.115276 -6.19002e-08 1.04273e-12 
1886 0.115335 -6.24025e-08 1.0444e-12 
1887 0.115396 -6.2897e-08 1.04595e-12 
1888 0.11546 -6.33837e-08 1.04737e-12 
1889 0.115525 -6.38624e-08 1.04867e-12 
1890 0.115593 -6.4333e-08 1.04984e-12 
1891 0.115663 -6.47955e-08 1.05088e-12 
1892 0.115735 -6.52497e-08 1.05179e-12 
1893 0.115809 -6.56957e-08 1.05256e-12 
1894 0.115886 -6.61332e-08 1.05319e-12 
1895 0.115964 -6.65623e-08 1.05369e-12 
1896 0.116045 -6.69829e-08 1.05405e-12 
1897 0.116127 -6.73948e-08 1.05427e-12 
1898 0.116212 -6.7798e-08 1.05434e-12 
1899 0.116298 -6.81924e-08 1.05427e-12 
1900 0.116387 -6.85779e-08 1.05404e-12 
1901 0.116477 -6.89544e-08 1.05367e-12 
1902 0.116569 -6.93219e-08 1.05315e-12 
1903 0.116664 -6.96804e-08 1.05248e-12 
1904 0.11676 -7.00297e-08 1.05167e-12 
1905 0.116857 -7.03699e-08 1.05071e-12 
1906 0.116957 -7.0701e-08 1.04961e-12 
1907 0.117058 -7.10228e-08 1.04838e-12 
1908 0.117161 -7.13354e-08 1.047e-12 
1909 0.117266 -7.16386e-08 1.04549e-12 
1910 0.117372 -7.19326e-08 1.04385e-12 
1911 0.11748 -7.22171e-08 1.04208e-12 
1912 0.117589 -7.24923e-08 1.04017e-12 
1913 0.117699 -7.27579e-08 1.03814e-12 
1914 0.117812 -7.30141e-08 1.03598e-12 
1915 0.117925 -7.32607e-08 1.0337e-12 
1916 0.11804 -7.34978e-08 1.0313e-12 
1917 0.118156 -7.37252e-08 1.02878e-12 
1918 0.118273 -7.3943e-08 1.02613e-12 
1919 0.118392 -7.4151e-08 1.02338e-12 
1920 0.118511 -7.43494e-08 1.02051e-12 
1921 0.118632 -7.45379e-08 1.01753e-12 
1922 0.118754 -7.47166e-08 1.01443e-12 
1923 0.118877 -7.48854e-08 1.01123e-12 
1924 0.119001 -7.50443e-08 1.00793e-12 
1925 0.119126 -7.51933e-08 1.00452e-12 
1926 0.119251 -7.53322e-08 1.00101e-12 
1927 0.119378 -7.54612e-08 9.974e-13 
1928 0.119505 -7.558e-08 9.93693e-13 
1929 0.119633 -7.56888e-08 9.8989e-13 
1930 0.119762 -7.57873e-08 9.85995e-13 
1931 0.119891 -7.58757e-08 9.82008e-13 
1932 0.120022 -7.59538e-08 9.77933e-13 
1933 0.120152 -7.60216e-08 9.73771e-13 
1934 0.120283 -7.60791e-08 9.69524e-13 
1935 0.120415 -7.61262e-08 9.65195e-13 
1936 0.120547 -7.61629e-08 9.60785e-13 
1937 0.12068 -7.61892e-08 9.56298e-13 
1938 0.120813 -7.62049e-08 9.51734e-13 
1939 0.120946 -7.62102e-08 9.47097e-13 
1940 0.121079 -7.62048e-08 9.42389e-13 
1941 0.121213 -7.61888e-08 9.37611e-13 
1942 0.121347 -7.61621e-08 9.32766e-13 
1943 0.12148 -7.61247e-08 9.27856e-13 
1944 0.121614 -7.60765e-08 9.22884e-13 
1945 0.121748 -7.60176e-08 9.17851e-13 
1946 0.121882 -7.59478e-08 9.1276e-13 
1947 0.122016 -7.58671e-08 9.07614e-13 
1948 0.122149 -7.57755e-08 9.02414e-13 
1949 0.122283 -7.56729e-08 8.97163e-13 
1950 0.122416 -7.55593e-08 8.91862e-13 
1951 0.122549 -7.54347e-08 8.86516e-13 
1952 0.122682 -7.52992e-08 8.81123e-13 
1953 0.122814 -7.5153e-08 8.75684e-13 
1954 0.122946 -7.49962e-08 8.70201e-13 
1955 0.123078 -7.48292e-08 8.64674e-13 
1956 0.12321 -7.4652e-08 8.59102e-13 
1957 0.123341 -7.44649e-08 8.53488e-13 
1958 0.123472 -7.42679e-08 8.47831e-13 
1959 0.123603 -7.40614e-08 8.42133e-13 
1960 0.123734 -7.38455e-08 8.36392e-13 
1961 0.123864 -7.36204e-08 8.30612e-13 
1962 0.123994 -7.33862e-08 8.24791e-13 
1963 0.124124 -7.31432e-08 8.1893e-13 
1964 0.124254 -7.28916e-08 8.13031e-13 
1965 0.124384 -7.26316e-08 8.07093e-13 
1966 0.124513 -7.23632e-08 8.01118e-13 
1967 0.124642 -7.20869e-08 7.95105e-13 
1968 0.124771 -7.18026e-08 7.89056e-13 
1969 0.1249 -7.15107e-08 7.82971e-13 
1970 0.125029 -7.12113e-08 7.76851e-13 
1971 0.125157 -7.09046e-08 7.70696e-13 
1972 0.125286 -7.05909e-08 7.64507e-13 
1973 0.125414 -7.02703e-08 7.58285e-13 
1974 0.125542 -6.9943e-08 7.5203e-13 
1975 0.12567 -6.96092e-08 7.45743e-13 
1976 0.125798 -6.92692e-08 7.39424e-13 
1977 0.125926 -6.8923e-08 7.33075e-13 
1978 0.126053 -6.85711e-08 7.26695e-13 
1979 0.126181 -6.82134e-08 7.20286e-13 
1980 0.126308 -6.78503e-08 7.13848e-13 
1981 0.126436 -6.74819e-08 7.07382e-13 
1982 0.126563 -6.71085e-08 7.00888e-13 
1983 0.12669 -6.67302e-08 6.94367e-13 
1984 0.126817 -6.63473e-08 6.8782e-13 
1985 0.126944 -6.596e-08 6.81247e-13 
1986 0.127071 -6.55685e-08 6.7465e-13 
1987 0.127198 -6.5173e-08 6.68028e-13 
1988 0.127325 -6.47737e-08 6.61382e-13 
1989 0.127452 -6.43708e-08 6.54714e-13 
1990 0.127579 -6.39646e-08 6.48023e-13 
1991 0.127706 -6.35552e-08 6.4131e-13 
1992 0.127833 -6.31429e-08 6.34577e-13 
1993 0.12796 -6.27279e-08 6.27824e-13 
1994 0.128087 -6.23104e-08 6.21051e-13 
1995 0.128213 -6.18906e-08 6.14259e-13 
1996 0.12834 -6.14687e-08 6.07449e-13 
1997 0.128467 -6.1045e-08 6.00622e-13 
1998 0.128594 -6.06197e-08 5.93777e-13 
1999 0.128721 -6.0193e-08 5.86917e-13 
2000 0.128848 -5.97652e-08 5.80042e-13 
