0.1 1
0.1 1
0.1 1
0.1 1
0.1 1.00001
0.1 1.00001
0.1 1.00001
0.1 1.00001
0.1 1.00001
0.1 1.00001
0.1 1.00001
0.1 1.00001
0.1 1.00001
0.1 1.00001
0.1 1.00002
0.1 1.00002
0.1 1.00002
0.1 1.00002
0.1 1.00002
0.1 1.00002
0.1 1.00002
0.1 1.00002
0.1 1.00002
0.1 1.00002
0.1 1.00002
0.1 1.00003
0.1 1.00003
0.1 1.00003
0.1 1.00003
0.1 1.00003
0.1 1.00003
0.1 1.00003
0.1 1.00003
0.1 1.00003
0.1 1.00003
0.1 1.00003
0.1 1.00003
0.1 1.00003
0.1 1.00004
0.1 1.00004
0.1 1.00004
0.1 1.00004
0.1 1.00004
0.1 1.00004
0.1 1.00004
0.1 1.00004
0.1 1.00004
0.1 1.00004
0.1 1.00004
0.1 1.00005
0.1 1.00005
0.1 1.00005
0.1 1.00005
0.1 1.00005
0.1 1.00005
0.1 1.00005
0.1 1.00005
0.1 1.00005
0.1 1.00005
0.1 1.00006
0.1 1.00006
0.1 1.00006
0.1 1.00006
0.1 1.00006
0.1 1.00006
0.1 1.00006
0.1 1.00006
0.1 1.00006
0.1 1.00007
0.1 1.00007
0.1 1.00007
0.1 1.00007
0.1 1.00007
0.1 1.00007
0.1 1.00007
0.1 1.00008
0.1 1.00008
0.1 1.00008
0.1 1.00008
0.1 1.00008
0.1 1.00008
0.1 1.00008
0.1 1.00009
0.1 1.00009
0.1 1.00009
0.1 1.00009
0.1 1.00009
0.1 1.00009
0.1 1.0001
0.1 1.0001
0.1 1.0001
0.1 1.0001
0.1 1.0001
0.1 1.00011
0.1 1.00011
0.1 1.00011
0.1 1.00011
0.1 1.00011
0.1 1.00012
0.1 1.00012
0.1 1.00012
0.1 1.00012
0.1 1.00013
0.1 1.00013
0.1 1.00013
0.1 1.00013
0.1 1.00014
0.1 1.00014
0.1 1.00014
0.1 1.00014
0.1 1.00015
0.1 1.00015
0.1 1.00015
0.1 1.00016
0.1 1.00016
0.1 1.00016
0.1 1.00016
0.1 1.00017
0.1 1.00017
0.1 1.00017
0.1 1.00018
0.1 1.00018
0.1 1.00019
0.1 1.00019
0.1 1.00019
0.1 1.0002
0.1 1.0002
0.1 1.0002
0.1 1.00021
0.1 1.00021
0.1 1.00022
0.1 1.00022
0.1 1.00023
0.1 1.00023
0.1 1.00023
0.1 1.00024
0.1 1.00024
0.1 1.00025
0.1 1.00025
0.1 1.00026
0.1 1.00026
0.1 1.00027
0.1 1.00028
0.1 1.00028
0.1 1.00029
0.1 1.00029
0.1 1.0003
0.1 1.00031
0.1 1.00031
0.1 1.00032
0.1 1.00032
0.1 1.00033
0.1 1.00034
0.1 1.00034
0.1 1.00035
0.1 1.00036
0.1 1.00037
0.1 1.00037
0.1 1.00038
0.1 1.00039
0.1 1.0004
0.1 1.00041
0.1 1.00042
0.1 1.00042
0.1 1.00043
0.1 1.00044
0.1 1.00045
0.1 1.00046
0.1 1.00047
0.1 1.00048
0.1 1.00049
0.1 1.0005
0.1 1.00051
0.1 1.00052
0.1 1.00054
0.1 1.00055
0.1 1.00056
0.1 1.00057
0.1 1.00058
0.1 1.0006
0.1 1.00061
0.1 1.00062
0.1 1.00064
0.1 1.00065
0.1 1.00067
0.1 1.00068
0.1 1.0007
0.1 1.00071
0.1 1.00073
0.1 1.00074
0.1 1.00076
0.1 1.00078
0.1 1.0008
0.1 1.00081
0.1 1.00083
0.1 1.00085
0.1 1.00087
0.1 1.00089
0.1 1.00091
0.1 1.00093
0.1 1.00095
0.1 1.00098
0.1 1.001
0.1 1.00102
0.1 1.00105
0.1 1.00107
0.1 1.0011
0.1 1.00112
0.1 1.00115
0.1 1.00118
0.1 1.0012
0.1 1.00123
0.1 1.00126
0.1 1.00129
0.1 1.00132
0.1 1.00136
0.1 1.00139
0.1 1.00142
0.1 1.00146
0.1 1.00149
0.1 1.00153
0.1 1.00157
0.1 1.00161
0.1 1.00165
0.1 1.00169
0.1 1.00173
0.1 1.00177
0.1 1.00182
0.1 1.00186
0.1 1.00191
0.1 1.00196
0.1 1.00201
0.1 1.00206
0.1 1.00211
0.1 1.00216
0.1 1.00222
0.1 1.00228
0.1 1.00234
0.1 1.0024
0.1 1.00246
0.1 1.00252
0.1 1.00259
0.1 1.00266
0.1 1.00273
0.1 1.0028
0.1 1.00287
0.1 1.00295
0.1 1.00303
0.1 1.00311
0.1 1.00319
0.1 1.00328
0.1 1.00337
0.1 1.00346
0.1 1.00355
0.1 1.00365
0.1 1.00375
0.1 1.00385
0.1 1.00396
0.1 1.00407
0.1 1.00418
0.1 1.0043
0.1 1.00442
0.1 1.00454
0.1 1.00467
0.1 1.0048
0.1 1.00493
0.1 1.00507
0.1 1.00521
0.1 1.00536
0.1 1.00551
0.1 1.00567
0.1 1.00583
0.1 1.006
0.1 1.00617
0.1 1.00635
0.1 1.00653
0.1 1.00672
0.1 1.00692
0.1 1.00712
0.1 1.00732
0.1 1.00754
0.1 1.00776
0.1 1.00799
0.1 1.00822
0.1 1.00847
0.1 1.00872
0.1 1.00897
0.1 1.00924
0.1 1.00952
0.1 1.0098
0.1 1.01009
0.1 1.0104
0.1 1.01071
0.1 1.01103
0.1 1.01137
0.1 1.01171
0.1 1.01207
0.1 1.01243
0.1 1.01281
0.1 1.0132
0.1 1.01361
0.1 1.01402
0.1 1.01445
0.1 1.0149
0.1 1.01536
0.1 1.01583
0.1 1.01632
0.1 1.01683
0.1 1.01735
0.1 1.01789
0.1 1.01845
0.1 1.01902
0.1 1.01962
0.1 1.02023
0.1 1.02087
0.1 1.02152
0.1 1.0222
0.1 1.0229
0.1 1.02362
0.1 1.02437
0.1 1.02514
0.1 1.02594
0.1 1.02676
0.1 1.02761
0.1 1.02849
0.1 1.0294
0.1 1.03034
0.1 1.03131
0.1 1.03231
0.1 1.03334
0.1 1.03441
0.1 1.03552
0.1 1.03666
0.1 1.03784
0.1 1.03906
0.1 1.04032
0.1 1.04162
0.1 1.04296
0.1 1.04435
0.1 1.04579
0.1 1.04727
0.1 1.0488
0.1 1.05038
0.1 1.05202
0.1 1.05371
0.1 1.05545
0.1 1.05726
0.1 1.05912
0.1 1.06104
0.1 1.06303
0.1 1.06509
0.1 1.06721
0.1 1.0694
0.1 1.07166
0.1 1.074
0.1 1.07642
0.1 1.07891
0.1 1.08149
0.1 1.08415
0.1 1.0869
0.1 1.08974
0.1 1.09267
0.1 1.0957
0.1 1.09882
0.1 1.10205
0.1 1.10538
0.1 1.10882
0.1 1.11237
0.1 1.11604
0.1 1.11983
0.1 1.12373
0.1 1.12777
0.1 1.13193
0.1 1.13622
0.1 1.14066
0.1 1.14523
0.1 1.14995
0.1 1.15482
0.1 1.15984
0.1 1.16503
0.1 1.17037
0.1 1.17588
0.1 1.18157
0.1 1.18743
0.1 1.19348
0.1 1.19971
0.1 1.20613
0.1 1.21276
0.1 1.21958
0.1 1.22661
0.1 1.23386
0.1 1.24133
0.1 1.24902
0.1 1.25694
0.1 1.2651
0.1 1.2735
0.1 1.28215
0.1 1.29105
0.1 1.30022
0.1 1.30965
0.1 1.31935
0.1 1.32933
0.1 1.3396
0.1 1.35015
0.1 1.36101
0.1 1.37216
0.1 1.38363
0.1 1.39541
0.1 1.40751
0.1 1.41994
0.1 1.43271
0.1 1.44581
0.1 1.45925
0.1 1.47305
0.1 1.4872
0.1 1.50171
0.1 1.51658
0.1 1.53183
0.1 1.54745
0.1 1.56344
0.1 1.57982
0.1 1.59658
0.1 1.61373
0.1 1.63127
0.1 1.64921
0.1 1.66753
0.1 1.68625
0.1 1.70536
0.1 1.72487
0.1 1.74477
0.1 1.76505
0.1 1.78573
0.1 1.80679
0.1 1.82823
0.1 1.85004
0.1 1.87221
0.1 1.89475
0.1 1.91763
0.1 1.94085
0.1 1.9644
0.1 1.98826
0.1 2.01241
0.1 2.03685
0.1 2.06155
0.1 2.08649
0.1 2.11165
0.1 2.137
0.1 2.16253
0.1 2.1882
0.1 2.21398
0.1 2.23983
0.1 2.26573
0.1 2.29163
0.1 2.3175
0.1 2.34329
0.1 2.36895
0.1 2.39444
0.1 2.4197
0.1 2.44468
0.1 2.46932
0.1 2.49356
0.1 2.51734
0.1 2.54058
0.1 2.56322
0.1 2.58517
0.1 2.60638
0.1 2.62674
0.1 2.64618
0.1 2.6646
0.1 2.68193
0.1 2.69805
0.1 2.71288
0.1 2.72632
0.1 2.73825
0.1 2.74857
0.1 2.75717
0.1 2.76395
0.1 2.76878
0.1 2.77155
0.1 2.77213
0.1 2.77042
0.1 2.76629
0.1 2.75962
0.1 2.75028
0.1 2.73817
0.1 2.72315
0.1 2.70511
0.1 2.68393
0.1 2.65949
0.1 2.6317
0.1 2.60044
0.1 2.56561
0.1 2.52711
0.1 2.48487
0.1 2.43879
0.1 2.38881
0.1 2.33487
0.1 2.27691
0.1 2.2149
0.1 2.14881
0.1 2.07864
0.1 2.00438
0.1 1.92606
0.1 1.84372
0.1 1.75742
0.1 1.66724
0.1 1.57328
0.1 1.47566
0.1 1.37454
0.1 1.27008
0.1 1.1625
0.1 1.052
0.1 0.938853
0.1 0.823335
0.1 0.705758
0.1 0.586464
0.1 0.465821
0.1 0.344229
0.1 0.222117
0.1 0.099943
0.1 -0.0218087
0.1 -0.142625
0.1 -0.261969
0.1 -0.379277
0.1 -0.493965
0.1 -0.605429
0.1 -0.713048
0.1 -0.816186
0.1 -0.914196
0.1 -1.00643
0.1 -1.09222
0.1 -1.17092
0.1 -1.24189
0.1 -1.30448
0.1 -1.35808
0.1 -1.4021
0.1 -1.43597
0.1 -1.45916
0.1 -1.47121
0.1 -1.47166
0.1 -1.46015
0.1 -1.43636
0.1 -1.40007
0.1 -1.3511
0.1 -1.2894
0.1 -1.21497
0.1 -1.12793
0.1 -1.02851
0.1 -0.917043
0.1 -0.793963
0.1 -0.659834
0.1 -0.515336
0.1 -0.361268
0.1 -0.198548
0.1 -0.0282166
0.1 0.148573
0.1 0.330553
0.1 0.516353
0.1 0.7045
0.1 0.893437
0.1 1.08153
0.1 1.26706
0.1 1.4483
0.1 1.62345
0.1 1.79071
0.1 1.94829
0.1 2.09442
0.1 2.22738
0.1 2.34551
0.1 2.44727
0.1 2.53121
0.1 2.59606
0.1 2.64069
0.1 2.66418
0.1 2.66582
0.1 2.64514
0.1 2.60193
0.1 2.53624
0.1 2.44843
0.1 2.33914
0.1 2.20931
0.1 2.06022
0.1 1.89342
0.1 1.71077
0.1 1.51442
0.1 1.30678
0.1 1.09051
0.1 0.868472
0.1 0.643728
0.1 0.419468
0.1 0.19898
0.1 -0.0143995
0.1 -0.217339
0.1 -0.40657
0.1 -0.57895
0.1 -0.731518
0.1 -0.861563
0.1 -0.966684
0.1 -1.04485
0.1 -1.09446
0.1 -1.11438
0.1 -1.10402
0.1 -1.06334
0.1 -0.992879
0.1 -0.893757
0.1 -0.767674
0.1 -0.616858
0.1 -0.444002
0.1 -0.252166
0.1 -0.0446455
0.1 0.17518
0.1 0.404028
0.1 0.638893
0.1 0.877223
0.1 1.11705
0.1 1.35711
0.1 1.59684
0.1 1.83638
0.1 2.07646
0.1 2.3183
0.1 2.56342
0.1 2.81354
0.1 3.07039
0.1 3.33564
0.1 3.61083
0.1 3.89733
0.1 4.19631
0.1 4.50879
0.1 4.8356
0.1 5.17747
0.1 5.53499
0.1 5.90867
0.1 6.29895
0.1 6.70621
0.1 7.13079
0.1 7.573
0.1 8.03314
0.1 8.51149
0.1 9.00831
0.1 9.52391
0.1 10.0585
0.1 10.6125
0.1 11.1862
0.1 11.7798
0.1 12.3936
0.1 13.0281
0.1 13.6835
0.1 14.3602
0.1 15.0585
0.1 15.7787
0.1 16.5212
0.1 17.2863
0.1 18.0744
0.1 18.8857
0.1 19.7206
0.1 20.5796
0.1 21.4629
0.1 22.3709
0.1 23.3041
0.1 24.2628
0.1 25.2474
0.1 26.2584
0.1 27.2961
0.1 28.3611
0.1 29.4537
0.1 30.5744
0.1 31.7237
0.1 32.902
0.1 34.1097
0.1 35.3474
0.1 36.6155
0.1 37.9144
0.1 39.2448
0.1 40.607
0.1 42.0017
0.1 43.4293
0.1 44.8904
0.1 46.3855
0.1 47.9152
0.1 49.4801
0.1 51.0807
0.1 52.7177
0.1 54.3916
0.1 56.1031
0.1 57.8527
0.1 59.6412
0.1 61.4691
0.1 63.3371
0.1 65.246
0.1 67.1963
0.1 69.1888
0.1 71.2242
0.1 73.3032
0.1 75.4266
0.1 77.5951
0.1 79.8094
0.1 82.0703
0.1 84.3787
0.1 86.7353
0.1 89.141
0.1 91.5966
0.1 94.103
0.1 96.661
0.1 99.2716
0.1 101.936
0.1 104.654
0.1 107.427
0.1 110.257
0.1 113.144
0.1 116.09
0.1 119.094
0.1 122.159
0.1 125.285
0.1 128.473
0.1 131.725
0.1 135.041
0.1 138.423
0.1 141.872
0.1 145.389
0.1 148.974
0.1 152.631
0.1 156.359
0.1 160.16
0.1 164.035
0.1 167.985
0.1 172.012
0.1 176.118
0.1 180.303
0.1 184.569
0.1 188.917
0.1 193.349
0.1 197.867
0.1 202.471
0.1 207.163
0.1 211.946
0.1 216.82
0.1 221.787
0.1 226.849
0.1 232.007
0.1 237.264
0.1 242.62
0.1 248.078
0.1 253.64
0.1 259.307
0.1 265.081
0.1 270.965
0.1 276.959
0.1 283.067
0.1 289.29
0.1 295.629
0.1 302.089
0.1 308.669
0.1 315.373
0.1 322.203
0.1 329.161
0.1 336.249
0.1 343.47
0.1 350.826
0.1 358.32
0.1 365.953
0.1 373.729
0.1 381.649
0.1 389.718
0.1 397.936
0.1 406.308
0.1 414.835
0.1 423.521
0.1 432.368
0.1 441.379
0.1 450.558
0.1 459.907
0.1 469.429
0.1 479.127
0.1 489.005
0.1 499.066
0.1 509.313
0.1 519.749
0.1 530.379
0.1 541.204
0.1 552.23
0.1 563.459
0.1 574.895
0.1 586.543
0.1 598.405
0.1 610.485
0.1 622.788
0.1 635.318
0.1 648.078
0.1 661.074
0.1 674.308
0.1 687.786
0.1 701.511
0.1 715.489
0.1 729.724
0.1 744.22
0.1 758.982
0.1 774.016
0.1 789.325
0.1 804.915
0.1 820.792
0.1 836.959
0.1 853.423
0.1 870.189
0.1 887.262
0.1 904.648
0.1 922.352
0.1 940.381
0.1 958.74
0.1 977.435
0.1 996.473
0.1 1015.86
0.1 1035.6
0.1 1055.7
0.1 1076.17
0.1 1097.01
0.1 1118.24
0.1 1139.85
0.1 1161.86
0.1 1184.27
0.1 1207.09
0.1 1230.33
0.1 1253.99
0.1 1278.08
0.1 1302.62
0.1 1327.6
0.1 1353.04
0.1 1378.94
0.1 1405.31
0.1 1432.17
0.1 1459.52
0.1 1487.36
0.1 1515.72
0.1 1544.59
0.1 1573.99
0.1 1603.92
0.1 1634.4
0.1 1665.44
0.1 1697.04
0.1 1729.22
0.1 1761.98
0.1 1795.34
0.1 1829.31
0.1 1863.9
0.1 1899.12
0.1 1934.98
0.1 1971.5
0.1 2008.68
0.1 2046.54
0.1 2085.08
0.1 2124.33
0.1 2164.29
0.1 2204.99
0.1 2246.42
0.1 2288.6
0.1 2331.56
0.1 2375.29
0.1 2419.83
0.1 2465.17
0.1 2511.34
0.1 2558.34
0.1 2606.21
0.1 2654.94
0.1 2704.56
0.1 2755.08
0.1 2806.52
0.1 2858.9
0.1 2912.23
0.1 2966.53
0.1 3021.81
0.1 3078.1
0.1 3135.41
0.1 3193.77
0.1 3253.18
0.1 3313.67
0.1 3375.26
0.1 3437.97
0.1 3501.82
0.1 3566.83
0.1 3633.01
0.1 3700.4
0.1 3769.01
0.1 3838.86
0.1 3909.98
0.1 3982.39
0.1 4056.11
0.1 4131.17
0.1 4207.58
0.1 4285.38
0.1 4364.59
0.1 4445.23
0.1 4527.33
0.1 4610.92
0.1 4696.02
0.1 4782.65
0.1 4870.85
0.1 4960.64
0.1 5052.05
0.1 5145.12
0.1 5239.86
0.1 5336.3
0.1 5434.49
0.1 5534.44
0.1 5636.19
0.1 5739.77
0.1 5845.21
0.1 5952.55
0.1 6061.81
0.1 6173.03
0.1 6286.24
0.1 6401.48
0.1 6518.78
0.1 6638.17
0.1 6759.7
0.1 6883.39
0.1 7009.29
0.1 7137.42
0.1 7267.83
0.1 7400.56
0.1 7535.63
0.1 7673.1
0.1 7812.99
0.1 7955.36
0.1 8100.22
0.1 8247.64
0.1 8397.64
0.1 8550.26
0.1 8705.55
0.1 8863.55
0.1 9024.29
0.1 9187.82
0.1 9354.18
0.1 9523.41
0.1 9695.55
0.1 9870.64
0.1 10048.7
0.1 10229.8
0.1 10414
0.1 10601.3
0.1 10791.8
0.1 10985.4
0.1 11182.3
0.1 11382.4
0.1 11585.8
0.1 11792.6
0.1 12002.8
0.1 12216.4
0.1 12433.4
0.1 12653.9
0.1 12877.9
0.1 13105.4
0.1 13336.5
0.1 13571.2
0.1 13809.5
0.1 14051.4
0.1 14297
0.1 14546.2
0.1 14799.2
0.1 15055.8
0.1 15316.1
0.1 15580.1
0.1 15847.9
0.1 16119.3
0.1 16394.4
0.1 16673.2
0.1 16955.7
0.1 17241.8
0.1 17531.5
0.1 17824.8
0.1 18121.6
0.1 18422
0.1 18725.8
0.1 19033
0.1 19343.6
0.1 19657.4
0.1 19974.4
0.1 20294.5
0.1 20617.7
0.1 20943.8
0.1 21272.8
0.1 21604.4
0.1 21938.7
0.1 22275.4
0.1 22614.5
0.1 22955.8
0.1 23299.2
0.1 23644.5
0.1 23991.6
0.1 24340.2
0.1 24690.3
0.1 25041.6
0.1 25394
0.1 25747.2
0.1 26101.2
0.1 26455.6
0.1 26810.3
0.1 27165.1
0.1 27519.7
0.1 27874.1
0.1 28227.9
0.1 28580.9