
Info about cosmology class:
OmegaB:      0.05
OmegaCDM:    0.45
OmegaLambda: 0.49995
OmegaK:      0
OmegaNu:     0
OmegaR:      5.04688e-05
Neff:        0
h:           0.7
TCMB:        2.7255
H0:          2.26855e-18
The age of the Universe is 11.6137 Gyrs 
Matter-radiation equality occur at a time 50857 yrs 
Matter-dark energy equality occur at a time 8.39709 Gyrs 
The universe starts to accelerate at a time 6.12451 Gyrs 
Matter-radiation equality occur at a conformal time 3.88492e+08 yrs 
Matter-dark energy equality occur at a conformal time 33.4131 Gyrs 
The universe starts to accelerate at a conformal time 30.1277 Gyrs 
The conformal time of the Universe is 37.0608 Gyrs 


The time for when recombination happens, using Xe = 0.1, is 331504 yrs 
The conformal time for when recombination happens, using Xe = 0.1, is 868.631 Myrs 
The time for when the surface of last scattering occurs, using the peak of visibility function, is 332137 yrs 
The conformal time for when the surface of last scattering occurs, using the peak of visibility function, is 869.316 Myrs 


Info about recombination/reionization history class:
Yp:          0
Today we have a value of $X_e$ of 0.000234945
The freeze-out abundance of free electrons today is 6.46051e-05
The sound horizon at decoupling is 137.188

33% x_tight_end:  -8.3
spuh-get-thee
0.001 -1.86848e-08
0.001 -1.82688e-08
0.001 -1.78435e-08
0.001 -1.74087e-08
0.001 -1.69643e-08
0.001 -1.65099e-08
0.001 -1.60454e-08
0.001 -1.55706e-08
0.001 -1.50852e-08
0.001 -1.45891e-08
0.001 -1.40818e-08
0.001 -1.35633e-08
0.001 -1.30332e-08
0.001 -1.24913e-08
0.001 -1.19374e-08
0.001 -1.13711e-08
0.001 -1.07922e-08
0.001 -1.02004e-08
0.001 -9.59545e-09
0.001 -8.97703e-09
0.001 -8.34483e-09
0.001 -7.69855e-09
0.001 -7.03789e-09
0.001 -6.36251e-09
0.001 -5.6721e-09
0.001 -4.96631e-09
0.001 -4.24481e-09
0.001 -3.50724e-09
0.001 -2.75325e-09
0.001 -1.98247e-09
0.001 -1.19453e-09
0.001 -3.89048e-10
0.001 4.34373e-10
0.001 1.27613e-09
0.001 2.13662e-09
0.001 3.01628e-09
0.001 3.91553e-09
0.001 4.83479e-09
0.001 5.77453e-09
0.001 6.73519e-09
0.001 7.71724e-09
0.001 8.72115e-09
0.001 9.74742e-09
0.001 1.07965e-08
0.001 1.1869e-08
0.001 1.29654e-08
0.001 1.40862e-08
0.001 1.52319e-08
0.001 1.64031e-08
0.001 1.76004e-08
0.001 1.88244e-08
0.001 2.00756e-08
0.001 2.13547e-08
0.001 2.26623e-08
0.001 2.3999e-08
0.001 2.53654e-08
0.001 2.67623e-08
0.001 2.81903e-08
0.001 2.96501e-08
0.001 3.11423e-08
0.001 3.26678e-08
0.001 3.42273e-08
0.001 3.58215e-08
0.001 3.74512e-08
0.001 3.91172e-08
0.001 4.08202e-08
0.001 4.25612e-08
0.001 4.4341e-08
0.001 4.61604e-08
0.001 4.80203e-08
0.001 4.99216e-08
0.001 5.18652e-08
0.001 5.38521e-08
0.001 5.58833e-08
0.001 5.79597e-08
0.001 6.00823e-08
0.001 6.22522e-08
0.001 6.44704e-08
0.001 6.6738e-08
0.001 6.90561e-08
0.001 7.14257e-08
0.001 7.38482e-08
0.001 7.63246e-08
0.001 7.88561e-08
0.001 8.1444e-08
0.001 8.40896e-08
0.001 8.6794e-08
0.001 8.95586e-08
0.001 9.23848e-08
0.001 9.5274e-08
0.001 9.82274e-08
0.001 1.01247e-07
0.001 1.04333e-07
0.001 1.07488e-07
0.001 1.10714e-07
0.001 1.14011e-07
0.001 1.17382e-07
0.001 1.20827e-07
0.001 1.2435e-07
0.001 1.27951e-07
0.001 1.31632e-07
0.001 1.35395e-07
0.001 1.39241e-07
0.001 1.43174e-07
0.001 1.47194e-07
0.001 1.51303e-07
0.001 1.55504e-07
0.001 1.59799e-07
0.001 1.64189e-07
0.001 1.68677e-07
0.001 1.73265e-07
0.001 1.77955e-07
0.001 1.82749e-07
0.001 1.8765e-07
0.001 1.92661e-07
0.001 1.97782e-07
0.001 2.03018e-07
0.001 2.08371e-07
0.001 2.13842e-07
0.001 2.19436e-07
0.001 2.25154e-07
0.001 2.30999e-07
0.001 2.36975e-07
0.001 2.43083e-07
0.001 2.49328e-07
0.001 2.55711e-07
0.001 2.62237e-07
0.001 2.68908e-07
0.001 2.75728e-07
0.001 2.82699e-07
0.001 2.89826e-07
0.001 2.97111e-07
0.001 3.04558e-07
0.001 3.12172e-07
0.001 3.19955e-07
0.001 3.27911e-07
0.001 3.36044e-07
0.001 3.44358e-07
0.001 3.52858e-07
0.001 3.61546e-07
0.001 3.70429e-07
0.001 3.79508e-07
0.001 3.88791e-07
0.001 3.98279e-07
0.001 4.07979e-07
0.001 4.17895e-07
0.001 4.28032e-07
0.001 4.38395e-07
0.001 4.48988e-07
0.001 4.59817e-07
0.001 4.70887e-07
0.001 4.82204e-07
0.001 4.93772e-07
0.001 5.05598e-07
0.001 5.17688e-07
0.001 5.30047e-07
0.001 5.4268e-07
0.001 5.55595e-07
0.001 5.68798e-07
0.001 5.82295e-07
0.001 5.96092e-07
0.001 6.10196e-07
0.001 6.24614e-07
0.001 6.39354e-07
0.001 6.54421e-07
0.001 6.69824e-07
0.001 6.8557e-07
0.001 7.01667e-07
0.001 7.18121e-07
0.001 7.34943e-07
0.001 7.52138e-07
0.001 7.69717e-07
0.001 7.87687e-07
0.001 8.06057e-07
0.001 8.24836e-07
0.001 8.44033e-07
0.001 8.63657e-07
0.001 8.83719e-07
0.001 9.04227e-07
0.001 9.25191e-07
0.001 9.46623e-07
0.001 9.68531e-07
0.001 9.90928e-07
0.001 1.01382e-06
0.001 1.03723e-06
0.001 1.06115e-06
0.001 1.08561e-06
0.001 1.11061e-06
0.001 1.13617e-06
0.001 1.1623e-06
0.001 1.18901e-06
0.001 1.21632e-06
0.001 1.24423e-06
0.001 1.27276e-06
0.001 1.30193e-06
0.001 1.33175e-06
0.001 1.36224e-06
0.001 1.3934e-06
0.001 1.42525e-06
0.001 1.45782e-06
0.001 1.4911e-06
0.001 1.52514e-06
0.001 1.55992e-06
0.001 1.59549e-06
0.001 1.63184e-06
0.001 1.669e-06
0.001 1.70699e-06
0.001 1.74583e-06
0.001 1.78553e-06
0.001 1.82611e-06
0.001 1.8676e-06
0.001 1.91001e-06
0.001 1.95337e-06
0.001 1.99769e-06
0.001 2.043e-06
0.001 2.08931e-06
0.001 2.13666e-06
0.001 2.18506e-06
0.001 2.23454e-06
0.001 2.28512e-06
0.001 2.33683e-06
0.001 2.38968e-06
0.001 2.44372e-06
0.001 2.49895e-06
0.001 2.55542e-06
0.001 2.61314e-06
0.001 2.67215e-06
0.001 2.73247e-06
0.001 2.79413e-06
0.001 2.85717e-06
0.001 2.92161e-06
0.001 2.98748e-06
0.001 3.05482e-06
0.001 3.12366e-06
0.001 3.19403e-06
0.001 3.26597e-06
0.001 3.3395e-06
0.001 3.41468e-06
0.001 3.49153e-06
0.001 3.57008e-06
0.001 3.65039e-06
0.001 3.73248e-06
0.001 3.81641e-06
0.001 3.90219e-06
0.001 3.98989e-06
0.001 4.07954e-06
0.001 4.17119e-06
0.001 4.26487e-06
0.001 4.36064e-06
0.001 4.45854e-06
0.001 4.55862e-06
0.001 4.66093e-06
0.001 4.76551e-06
0.001 4.87242e-06
0.001 4.98171e-06
0.001 5.09343e-06
0.001 5.20764e-06
0.001 5.32439e-06
0.001 5.44373e-06
0.001 5.56574e-06
0.001 5.69045e-06
0.001 5.81794e-06
0.001 5.94827e-06
0.001 6.0815e-06
0.001 6.21769e-06
0.001 6.35692e-06
0.001 6.49924e-06
0.001 6.64472e-06
0.001 6.79345e-06
0.001 6.94548e-06
0.001 7.10089e-06
0.001 7.25977e-06
0.001 7.42217e-06
0.001 7.58819e-06
0.001 7.7579e-06
0.001 7.93139e-06
0.001 8.10874e-06
0.001 8.29003e-06
0.001 8.47535e-06
0.001 8.6648e-06
0.001 8.85846e-06
0.001 9.05643e-06
0.001 9.2588e-06
0.001 9.46567e-06
0.001 9.67714e-06
0.001 9.89331e-06
0.001 1.01143e-05
0.001 1.03402e-05
0.001 1.05711e-05
0.001 1.08072e-05
0.001 1.10485e-05
0.001 1.12951e-05
0.001 1.15473e-05
0.001 1.18051e-05
0.001 1.20686e-05
0.001 1.23379e-05
0.001 1.26132e-05
0.001 1.28947e-05
0.001 1.31824e-05
0.001 1.34765e-05
0.001 1.37772e-05
0.001 1.40845e-05
0.001 1.43987e-05
0.001 1.47198e-05
0.001 1.50481e-05
0.001 1.53837e-05
0.001 1.57267e-05
0.001 1.60774e-05
0.001 1.64359e-05
0.001 1.68023e-05
0.001 1.71768e-05
0.001 1.75597e-05
0.001 1.79511e-05
0.001 1.83512e-05
0.001 1.87602e-05
0.001 1.91782e-05
0.001 1.96056e-05
0.001 2.00424e-05
0.001 2.0489e-05
0.001 2.09454e-05
0.001 2.1412e-05
0.001 2.1889e-05
0.001 2.23765e-05
0.001 2.28749e-05
0.001 2.33844e-05
0.001 2.39051e-05
0.001 2.44374e-05
0.001 2.49816e-05
0.001 2.55378e-05
0.001 2.61063e-05
0.001 2.66875e-05
0.001 2.72816e-05
0.001 2.78888e-05
0.001 2.85096e-05
0.001 2.91441e-05
0.001 2.97926e-05
0.001 3.04556e-05
0.001 3.11333e-05
0.001 3.1826e-05
0.001 3.25341e-05
0.001 3.32578e-05
0.001 3.39977e-05
0.001 3.47539e-05
0.001 3.55269e-05
0.001 3.6317e-05
0.001 3.71246e-05
0.001 3.79502e-05
0.001 3.8794e-05
0.001 3.96566e-05
0.001 4.05382e-05
0.001 4.14394e-05
0.001 4.23605e-05
0.001 4.33021e-05
0.001 4.42645e-05
0.001 4.52482e-05
0.001 4.62537e-05
0.001 4.72814e-05
0.001 4.83319e-05
0.001 4.94057e-05
0.001 5.05032e-05
0.001 5.1625e-05
0.001 5.27716e-05
0.001 5.39436e-05
0.001 5.51415e-05
0.001 5.63659e-05
0.001 5.76174e-05
0.001 5.88966e-05
0.001 6.0204e-05
0.001 6.15403e-05
0.001 6.29061e-05
0.001 6.43021e-05
0.001 6.5729e-05
0.001 6.71874e-05
0.001 6.86779e-05
0.001 7.02014e-05
0.001 7.17585e-05
0.001 7.335e-05
0.001 7.49766e-05
0.001 7.6639e-05
0.001 7.83382e-05
0.001 8.00748e-05
0.001 8.18497e-05
0.001 8.36637e-05
0.001 8.55176e-05
0.001 8.74125e-05
0.001 8.9349e-05
0.001 9.13282e-05
0.001 9.3351e-05
0.001 9.54183e-05
0.001 9.75311e-05
0.001 9.96904e-05
0.001 0.000101897
0.001 0.000104152
0.001 0.000106457
0.001 0.000108813
0.001 0.00011122
0.001 0.00011368
0.001 0.000116194
0.001 0.000118763
0.001 0.000121389
0.001 0.000124072
0.001 0.000126814
0.001 0.000129617
0.001 0.00013248
0.001 0.000135406
0.001 0.000138397
0.001 0.000141452
0.001 0.000144575
0.001 0.000147766
0.001 0.000151027
0.001 0.000154359
0.001 0.000157763
0.001 0.000161242
0.001 0.000164797
0.001 0.00016843
0.001 0.000172142
0.001 0.000175934
0.001 0.000179809
0.001 0.000183769
0.001 0.000187815
0.001 0.000191948
0.001 0.000196172
0.001 0.000200487
0.001 0.000204896
0.001 0.000209401
0.001 0.000214004
0.001 0.000218706
0.001 0.00022351
0.001 0.000228418
0.001 0.000233432
0.001 0.000238555
0.001 0.000243788
0.001 0.000249135
0.001 0.000254597
0.001 0.000260176
0.001 0.000265876
0.001 0.000271699
0.001 0.000277647
0.001 0.000283722
0.001 0.000289929
0.001 0.000296268
0.001 0.000302744
0.001 0.000309358
0.001 0.000316114
0.001 0.000323014
0.001 0.000330062
0.001 0.000337261
0.001 0.000344613
0.001 0.000352122
0.001 0.000359791
0.001 0.000367622
0.001 0.000375621
0.001 0.000383789
0.001 0.00039213
0.001 0.000400648
0.001 0.000409347
0.001 0.000418229
0.001 0.000427299
0.001 0.00043656
0.001 0.000446016
0.001 0.000455671
0.001 0.000465528
0.001 0.000475593
0.001 0.000485868
0.001 0.000496359
0.001 0.000507069
0.001 0.000518002
0.001 0.000529163
0.001 0.000540556
0.001 0.000552186
0.001 0.000564057
0.001 0.000576174
0.001 0.000588541
0.001 0.000601163
0.001 0.000614046
0.001 0.000627194
0.001 0.000640611
0.001 0.000654304
0.001 0.000668276
0.001 0.000682534
0.001 0.000697082
0.001 0.000711926
0.001 0.000727072
0.001 0.000742524
0.001 0.000758288
0.001 0.00077437
0.001 0.000790776
0.001 0.000807511
0.001 0.000824581
0.001 0.000841992
0.001 0.00085975
0.001 0.000877861
0.001 0.000896331
0.001 0.000915167
0.001 0.000934373
0.001 0.000953958
0.001 0.000973926
0.001 0.000994285
0.001 0.00101504
0.001 0.0010362
0.001 0.00105777
0.001 0.00107975
0.001 0.00110216
0.001 0.001125
0.001 0.00114828
0.001 0.001172
0.001 0.00119617
0.001 0.00122079
0.001 0.00124588
0.001 0.00127145
0.001 0.00129748
0.001 0.00132401
0.001 0.00135103
0.001 0.00137854
0.001 0.00140656
0.001 0.0014351
0.001 0.00146415
0.001 0.00149373
0.001 0.00152384
0.001 0.0015545
0.001 0.0015857
0.001 0.00161746
0.001 0.00164978
0.001 0.00168266
0.001 0.00171613
0.001 0.00175017
0.001 0.0017848
0.001 0.00182003
0.001 0.00185586
0.001 0.00189229
0.001 0.00192934
0.001 0.00196701
0.001 0.0020053
0.001 0.00204423
0.001 0.00208379
0.001 0.002124
0.001 0.00216485
0.001 0.00220636
0.001 0.00224853
0.001 0.00229136
0.001 0.00233485
0.001 0.00237902
0.001 0.00242387
0.001 0.00246939
0.001 0.0025156
0.001 0.00256249
0.001 0.00261008
0.001 0.00265835
0.001 0.00270732
0.001 0.00275698
0.001 0.00280734
0.001 0.0028584
0.001 0.00291016
0.001 0.00296262
0.001 0.00301577
0.001 0.00306962
0.001 0.00312417
0.001 0.00317941
0.001 0.00323534
0.001 0.00329196
0.001 0.00334927
0.001 0.00340725
0.001 0.00346591
0.001 0.00352524
0.001 0.00358523
0.001 0.00364588
0.001 0.00370718
0.001 0.00376912
0.001 0.00383168
0.001 0.00389487
0.001 0.00395866
0.001 0.00402305
0.001 0.00408802
0.001 0.00415356
0.001 0.00421965
0.001 0.00428628
0.001 0.00435343
0.001 0.00442107
0.001 0.00448921
0.001 0.0045578
0.001 0.00462683
0.001 0.00469627
0.001 0.00476611
0.001 0.00483631
0.001 0.00490685
0.001 0.0049777
0.001 0.00504883
0.001 0.00512021
0.001 0.0051918
0.001 0.00526357
0.001 0.00533548
0.001 0.0054075
0.001 0.00547959
0.001 0.0055517
0.001 0.00562379
0.001 0.00569583
0.001 0.00576775
0.001 0.00583951
0.001 0.00591107
0.001 0.00598237
0.001 0.00605336
0.001 0.00612397
0.001 0.00619416
0.001 0.00626385
0.001 0.006333
0.001 0.00640153
0.001 0.00646938
0.001 0.00653648
0.001 0.00660275
0.001 0.00666813
0.001 0.00673254
0.001 0.0067959
0.001 0.00685813
0.001 0.00691915
0.001 0.00697887
0.001 0.0070372
0.001 0.00709406
0.001 0.00714935
0.001 0.00720298
0.001 0.00725484
0.001 0.00730485
0.001 0.00735289
66% x_tight_end:  -8.3
spuh-get-thee
0.01 -1.86848e-07
0.01 -1.82688e-07
0.01 -1.78435e-07
0.01 -1.74087e-07
0.01 -1.69643e-07
0.01 -1.65099e-07
0.01 -1.60454e-07
0.01 -1.55706e-07
0.01 -1.50852e-07
0.01 -1.45891e-07
0.01 -1.40818e-07
0.01 -1.35633e-07
0.01 -1.30332e-07
0.01 -1.24913e-07
0.01 -1.19374e-07
0.01 -1.13711e-07
0.01 -1.07922e-07
0.01 -1.02004e-07
0.01 -9.59545e-08
0.01 -8.97703e-08
0.01 -8.34483e-08
0.01 -7.69855e-08
0.01 -7.03789e-08
0.01 -6.36251e-08
0.01 -5.6721e-08
0.01 -4.96631e-08
0.01 -4.24481e-08
0.01 -3.50724e-08
0.01 -2.75325e-08
0.01 -1.98247e-08
0.01 -1.19453e-08
0.01 -3.89048e-09
0.01 4.34373e-09
0.01 1.27613e-08
0.01 2.13662e-08
0.01 3.01628e-08
0.01 3.91553e-08
0.01 4.83479e-08
0.01 5.77453e-08
0.01 6.73519e-08
0.01 7.71724e-08
0.01 8.72115e-08
0.01 9.74742e-08
0.01 1.07965e-07
0.01 1.1869e-07
0.01 1.29654e-07
0.01 1.40862e-07
0.01 1.52319e-07
0.01 1.64031e-07
0.01 1.76004e-07
0.01 1.88244e-07
0.01 2.00756e-07
0.01 2.13547e-07
0.01 2.26623e-07
0.01 2.3999e-07
0.01 2.53654e-07
0.01 2.67623e-07
0.01 2.81903e-07
0.01 2.96501e-07
0.01 3.11423e-07
0.01 3.26678e-07
0.01 3.42273e-07
0.01 3.58215e-07
0.01 3.74512e-07
0.01 3.91172e-07
0.01 4.08202e-07
0.01 4.25612e-07
0.01 4.4341e-07
0.01 4.61604e-07
0.01 4.80203e-07
0.01 4.99216e-07
0.01 5.18652e-07
0.01 5.38521e-07
0.01 5.58833e-07
0.01 5.79597e-07
0.01 6.00823e-07
0.01 6.22522e-07
0.01 6.44704e-07
0.01 6.6738e-07
0.01 6.90561e-07
0.01 7.14257e-07
0.01 7.38482e-07
0.01 7.63246e-07
0.01 7.88561e-07
0.01 8.1444e-07
0.01 8.40896e-07
0.01 8.6794e-07
0.01 8.95586e-07
0.01 9.23848e-07
0.01 9.5274e-07
0.01 9.82274e-07
0.01 1.01247e-06
0.01 1.04333e-06
0.01 1.07488e-06
0.01 1.10714e-06
0.01 1.14011e-06
0.01 1.17382e-06
0.01 1.20827e-06
0.01 1.2435e-06
0.01 1.27951e-06
0.01 1.31632e-06
0.01 1.35395e-06
0.01 1.39241e-06
0.01 1.43174e-06
0.01 1.47194e-06
0.01 1.51303e-06
0.01 1.55504e-06
0.01 1.59799e-06
0.01 1.64189e-06
0.01 1.68677e-06
0.01 1.73265e-06
0.01 1.77955e-06
0.01 1.82749e-06
0.01 1.8765e-06
0.01 1.92661e-06
0.01 1.97782e-06
0.01 2.03018e-06
0.01 2.08371e-06
0.01 2.13842e-06
0.01 2.19436e-06
0.01 2.25154e-06
0.01 2.30999e-06
0.01 2.36975e-06
0.01 2.43083e-06
0.01 2.49328e-06
0.01 2.55711e-06
0.01 2.62237e-06
0.01 2.68908e-06
0.01 2.75728e-06
0.01 2.82699e-06
0.01 2.89826e-06
0.01 2.97111e-06
0.01 3.04558e-06
0.01 3.12172e-06
0.01 3.19955e-06
0.01 3.27911e-06
0.01 3.36044e-06
0.01 3.44358e-06
0.01 3.52858e-06
0.01 3.61546e-06
0.01 3.70429e-06
0.01 3.79508e-06
0.01 3.88791e-06
0.01 3.98279e-06
0.01 4.07979e-06
0.01 4.17895e-06
0.01 4.28032e-06
0.01 4.38395e-06
0.01 4.48988e-06
0.01 4.59817e-06
0.01 4.70887e-06
0.01 4.82204e-06
0.01 4.93772e-06
0.01 5.05598e-06
0.01 5.17688e-06
0.01 5.30047e-06
0.01 5.4268e-06
0.01 5.55595e-06
0.01 5.68798e-06
0.01 5.82295e-06
0.01 5.96092e-06
0.01 6.10196e-06
0.01 6.24614e-06
0.01 6.39354e-06
0.01 6.54421e-06
0.01 6.69824e-06
0.01 6.8557e-06
0.01 7.01667e-06
0.01 7.18121e-06
0.01 7.34943e-06
0.01 7.52138e-06
0.01 7.69717e-06
0.01 7.87687e-06
0.01 8.06057e-06
0.01 8.24836e-06
0.01 8.44033e-06
0.01 8.63657e-06
0.01 8.83719e-06
0.01 9.04227e-06
0.01 9.25191e-06
0.01 9.46623e-06
0.01 9.68531e-06
0.01 9.90928e-06
0.01 1.01382e-05
0.01 1.03723e-05
0.01 1.06115e-05
0.01 1.08561e-05
0.01 1.11061e-05
0.01 1.13617e-05
0.01 1.1623e-05
0.01 1.18901e-05
0.01 1.21632e-05
0.01 1.24423e-05
0.01 1.27276e-05
0.01 1.30193e-05
0.01 1.33175e-05
0.01 1.36224e-05
0.01 1.3934e-05
0.01 1.42525e-05
0.01 1.45782e-05
0.01 1.4911e-05
0.01 1.52514e-05
0.01 1.55992e-05
0.01 1.59549e-05
0.01 1.63184e-05
0.01 1.669e-05
0.01 1.70699e-05
0.01 1.74583e-05
0.01 1.78553e-05
0.01 1.82611e-05
0.01 1.8676e-05
0.01 1.91001e-05
0.01 1.95337e-05
0.01 1.99769e-05
0.01 2.043e-05
0.01 2.08931e-05
0.01 2.13666e-05
0.01 2.18506e-05
0.01 2.23454e-05
0.01 2.28512e-05
0.01 2.33683e-05
0.01 2.38968e-05
0.01 2.44372e-05
0.01 2.49895e-05
0.01 2.55542e-05
0.01 2.61314e-05
0.01 2.67215e-05
0.01 2.73247e-05
0.01 2.79413e-05
0.01 2.85717e-05
0.01 2.92161e-05
0.01 2.98748e-05
0.01 3.05482e-05
0.01 3.12366e-05
0.01 3.19403e-05
0.01 3.26597e-05
0.01 3.3395e-05
0.01 3.41468e-05
0.01 3.49153e-05
0.01 3.57008e-05
0.01 3.65039e-05
0.01 3.73248e-05
0.01 3.81641e-05
0.01 3.90219e-05
0.01 3.98989e-05
0.01 4.07954e-05
0.01 4.17119e-05
0.01 4.26487e-05
0.01 4.36064e-05
0.01 4.45854e-05
0.01 4.55862e-05
0.01 4.66093e-05
0.01 4.76551e-05
0.01 4.87242e-05
0.01 4.98171e-05
0.01 5.09343e-05
0.01 5.20764e-05
0.01 5.32439e-05
0.01 5.44373e-05
0.01 5.56574e-05
0.01 5.69045e-05
0.01 5.81794e-05
0.01 5.94827e-05
0.01 6.0815e-05
0.01 6.21769e-05
0.01 6.35692e-05
0.01 6.49924e-05
0.01 6.64472e-05
0.01 6.79345e-05
0.01 6.94548e-05
0.01 7.10089e-05
0.01 7.25977e-05
0.01 7.42217e-05
0.01 7.58819e-05
0.01 7.7579e-05
0.01 7.93139e-05
0.01 8.10874e-05
0.01 8.29003e-05
0.01 8.47535e-05
0.01 8.6648e-05
0.01 8.85846e-05
0.01 9.05643e-05
0.01 9.2588e-05
0.01 9.46567e-05
0.01 9.67714e-05
0.01 9.89331e-05
0.01 0.000101143
0.01 0.000103402
0.01 0.000105711
0.01 0.000108072
0.01 0.000110485
0.01 0.000112951
0.01 0.000115473
0.01 0.000118051
0.01 0.000120686
0.01 0.000123379
0.01 0.000126132
0.01 0.000128947
0.01 0.000131824
0.01 0.000134765
0.01 0.000137772
0.01 0.000140845
0.01 0.000143987
0.01 0.000147198
0.01 0.000150481
0.01 0.000153837
0.01 0.000157267
0.01 0.000160774
0.01 0.000164359
0.01 0.000168023
0.01 0.000171768
0.01 0.000175597
0.01 0.000179511
0.01 0.000183512
0.01 0.000187602
0.01 0.000191782
0.01 0.000196056
0.01 0.000200424
0.01 0.00020489
0.01 0.000209454
0.01 0.00021412
0.01 0.00021889
0.01 0.000223765
0.01 0.000228749
0.01 0.000233844
0.01 0.000239051
0.01 0.000244374
0.01 0.000249816
0.01 0.000255378
0.01 0.000261063
0.01 0.000266875
0.01 0.000272816
0.01 0.000278888
0.01 0.000285096
0.01 0.000291441
0.01 0.000297926
0.01 0.000304556
0.01 0.000311333
0.01 0.00031826
0.01 0.000325341
0.01 0.000332578
0.01 0.000339977
0.01 0.000347539
0.01 0.000355269
0.01 0.00036317
0.01 0.000371246
0.01 0.000379502
0.01 0.00038794
0.01 0.000396566
0.01 0.000405382
0.01 0.000414394
0.01 0.000423605
0.01 0.000433021
0.01 0.000442645
0.01 0.000452482
0.01 0.000462537
0.01 0.000472814
0.01 0.00048332
0.01 0.000494057
0.01 0.000505032
0.01 0.00051625
0.01 0.000527717
0.01 0.000539436
0.01 0.000551416
0.01 0.00056366
0.01 0.000576174
0.01 0.000588966
0.01 0.00060204
0.01 0.000615403
0.01 0.000629062
0.01 0.000643022
0.01 0.00065729
0.01 0.000671874
0.01 0.00068678
0.01 0.000702014
0.01 0.000717586
0.01 0.0007335
0.01 0.000749766
0.01 0.000766391
0.01 0.000783382
0.01 0.000800748
0.01 0.000818497
0.01 0.000836637
0.01 0.000855177
0.01 0.000874125
0.01 0.000893491
0.01 0.000913283
0.01 0.000933511
0.01 0.000954184
0.01 0.000975312
0.01 0.000996905
0.01 0.00101897
0.01 0.00104152
0.01 0.00106457
0.01 0.00108813
0.01 0.0011122
0.01 0.0011368
0.01 0.00116194
0.01 0.00118764
0.01 0.00121389
0.01 0.00124072
0.01 0.00126815
0.01 0.00129617
0.01 0.0013248
0.01 0.00135407
0.01 0.00138397
0.01 0.00141453
0.01 0.00144575
0.01 0.00147766
0.01 0.00151027
0.01 0.00154359
0.01 0.00157764
0.01 0.00161243
0.01 0.00164798
0.01 0.0016843
0.01 0.00172142
0.01 0.00175935
0.01 0.0017981
0.01 0.00183769
0.01 0.00187815
0.01 0.00191949
0.01 0.00196173
0.01 0.00200488
0.01 0.00204897
0.01 0.00209402
0.01 0.00214004
0.01 0.00218707
0.01 0.00223511
0.01 0.00228419
0.01 0.00233433
0.01 0.00238556
0.01 0.0024379
0.01 0.00249136
0.01 0.00254598
0.01 0.00260178
0.01 0.00265878
0.01 0.002717
0.01 0.00277648
0.01 0.00283724
0.01 0.00289931
0.01 0.0029627
0.01 0.00302746
0.01 0.0030936
0.01 0.00316117
0.01 0.00323017
0.01 0.00330065
0.01 0.00337264
0.01 0.00344616
0.01 0.00352125
0.01 0.00359794
0.01 0.00367627
0.01 0.00375625
0.01 0.00383794
0.01 0.00392135
0.01 0.00400654
0.01 0.00409352
0.01 0.00418235
0.01 0.00427305
0.01 0.00436566
0.01 0.00446023
0.01 0.00455678
0.01 0.00465537
0.01 0.00475602
0.01 0.00485878
0.01 0.00496369
0.01 0.00507079
0.01 0.00518013
0.01 0.00529175
0.01 0.00540569
0.01 0.00552199
0.01 0.00564071
0.01 0.00576189
0.01 0.00588557
0.01 0.00601181
0.01 0.00614064
0.01 0.00627213
0.01 0.00640632
0.01 0.00654325
0.01 0.00668299
0.01 0.00682559
0.01 0.00697108
0.01 0.00711954
0.01 0.00727101
0.01 0.00742555
0.01 0.00758321
0.01 0.00774406
0.01 0.00790814
0.01 0.00807551
0.01 0.00824623
0.01 0.00842037
0.01 0.00859798
0.01 0.00877912
0.01 0.00896385
0.01 0.00915223
0.01 0.00934433
0.01 0.00954021
0.01 0.00973993
0.01 0.00994356
0.01 0.0101512
0.01 0.0103628
0.01 0.0105785
0.01 0.0107984
0.01 0.0110226
0.01 0.011251
0.01 0.0114838
0.01 0.0117211
0.01 0.0119628
0.01 0.0122092
0.01 0.0124602
0.01 0.0127158
0.01 0.0129763
0.01 0.0132416
0.01 0.0135119
0.01 0.0137871
0.01 0.0140674
0.01 0.0143529
0.01 0.0146435
0.01 0.0149394
0.01 0.0152407
0.01 0.0155474
0.01 0.0158595
0.01 0.0161772
0.01 0.0165005
0.01 0.0168295
0.01 0.0171643
0.01 0.0175049
0.01 0.0178514
0.01 0.0182038
0.01 0.0185623
0.01 0.0189268
0.01 0.0192975
0.01 0.0196744
0.01 0.0200575
0.01 0.020447
0.01 0.0208428
0.01 0.0212451
0.01 0.0216539
0.01 0.0220692
0.01 0.0224911
0.01 0.0229197
0.01 0.0233549
0.01 0.0237969
0.01 0.0242456
0.01 0.0247011
0.01 0.0251635
0.01 0.0256327
0.01 0.0261088
0.01 0.0265919
0.01 0.0270819
0.01 0.0275788
0.01 0.0280827
0.01 0.0285936
0.01 0.0291115
0.01 0.0296364
0.01 0.0301682
0.01 0.030707
0.01 0.0312528
0.01 0.0318055
0.01 0.0323651
0.01 0.0329316
0.01 0.0335049
0.01 0.0340849
0.01 0.0346718
0.01 0.0352653
0.01 0.0358653
0.01 0.036472
0.01 0.037085
0.01 0.0377044
0.01 0.0383301
0.01 0.0389619
0.01 0.0395998
0.01 0.0402435
0.01 0.040893
0.01 0.0415481
0.01 0.0422086
0.01 0.0428745
0.01 0.0435454
0.01 0.0442213
0.01 0.0449018
0.01 0.0455868
0.01 0.0462761
0.01 0.0469694
0.01 0.0476665
0.01 0.048367
0.01 0.0490707
0.01 0.0497773
0.01 0.0504866
0.01 0.051198
0.01 0.0519114
0.01 0.0526263
0.01 0.0533424
0.01 0.0540593
0.01 0.0547765
0.01 0.0554936
0.01 0.0562103
0.01 0.0569259
0.01 0.0576401
0.01 0.0583522
0.01 0.0590619
0.01 0.0597685
0.01 0.0604715
0.01 0.0611703
0.01 0.0618642
0.01 0.0625528
0.01 0.0632352
0.01 0.0639109
0.01 0.0645791
0.01 0.0652391
0.01 0.0658902
0.01 0.0665316
0.01 0.0671626
0.01 0.0677823
0.01 0.0683899
0.01 0.0689845
0.01 0.0695653
0.01 0.0701313
0.01 0.0706817
0.01 0.0712154
0.01 0.0717316
0.01 0.0722291
0.01 0.0727071
0.01 0.0731644
100% 
x_tight_end:  -8.3
spuh-get-thee
0.1 -1.86848e-06
0.1 -1.82688e-06
0.1 -1.78435e-06
0.1 -1.74087e-06
0.1 -1.69643e-06
0.1 -1.65099e-06
0.1 -1.60454e-06
0.1 -1.55706e-06
0.1 -1.50852e-06
0.1 -1.45891e-06
0.1 -1.40818e-06
0.1 -1.35633e-06
0.1 -1.30332e-06
0.1 -1.24913e-06
0.1 -1.19374e-06
0.1 -1.13711e-06
0.1 -1.07922e-06
0.1 -1.02004e-06
0.1 -9.59545e-07
0.1 -8.97703e-07
0.1 -8.34483e-07
0.1 -7.69855e-07
0.1 -7.03789e-07
0.1 -6.36251e-07
0.1 -5.6721e-07
0.1 -4.96631e-07
0.1 -4.24481e-07
0.1 -3.50724e-07
0.1 -2.75325e-07
0.1 -1.98247e-07
0.1 -1.19453e-07
0.1 -3.89048e-08
0.1 4.34373e-08
0.1 1.27613e-07
0.1 2.13662e-07
0.1 3.01628e-07
0.1 3.91553e-07
0.1 4.83479e-07
0.1 5.77453e-07
0.1 6.73519e-07
0.1 7.71724e-07
0.1 8.72115e-07
0.1 9.74742e-07
0.1 1.07965e-06
0.1 1.1869e-06
0.1 1.29654e-06
0.1 1.40862e-06
0.1 1.52319e-06
0.1 1.64031e-06
0.1 1.76004e-06
0.1 1.88244e-06
0.1 2.00756e-06
0.1 2.13547e-06
0.1 2.26623e-06
0.1 2.3999e-06
0.1 2.53654e-06
0.1 2.67623e-06
0.1 2.81903e-06
0.1 2.96501e-06
0.1 3.11423e-06
0.1 3.26678e-06
0.1 3.42273e-06
0.1 3.58215e-06
0.1 3.74512e-06
0.1 3.91172e-06
0.1 4.08202e-06
0.1 4.25612e-06
0.1 4.4341e-06
0.1 4.61604e-06
0.1 4.80203e-06
0.1 4.99216e-06
0.1 5.18652e-06
0.1 5.38521e-06
0.1 5.58833e-06
0.1 5.79597e-06
0.1 6.00823e-06
0.1 6.22522e-06
0.1 6.44704e-06
0.1 6.6738e-06
0.1 6.90561e-06
0.1 7.14257e-06
0.1 7.38482e-06
0.1 7.63246e-06
0.1 7.88561e-06
0.1 8.1444e-06
0.1 8.40896e-06
0.1 8.6794e-06
0.1 8.95586e-06
0.1 9.23848e-06
0.1 9.5274e-06
0.1 9.82274e-06
0.1 1.01247e-05
0.1 1.04333e-05
0.1 1.07488e-05
0.1 1.10714e-05
0.1 1.14011e-05
0.1 1.17382e-05
0.1 1.20827e-05
0.1 1.2435e-05
0.1 1.27951e-05
0.1 1.31632e-05
0.1 1.35395e-05
0.1 1.39241e-05
0.1 1.43174e-05
0.1 1.47194e-05
0.1 1.51303e-05
0.1 1.55504e-05
0.1 1.59799e-05
0.1 1.64189e-05
0.1 1.68677e-05
0.1 1.73265e-05
0.1 1.77955e-05
0.1 1.82749e-05
0.1 1.8765e-05
0.1 1.92661e-05
0.1 1.97782e-05
0.1 2.03018e-05
0.1 2.08371e-05
0.1 2.13842e-05
0.1 2.19436e-05
0.1 2.25154e-05
0.1 2.30999e-05
0.1 2.36975e-05
0.1 2.43083e-05
0.1 2.49328e-05
0.1 2.55711e-05
0.1 2.62237e-05
0.1 2.68908e-05
0.1 2.75728e-05
0.1 2.82699e-05
0.1 2.89826e-05
0.1 2.97111e-05
0.1 3.04558e-05
0.1 3.12172e-05
0.1 3.19955e-05
0.1 3.27911e-05
0.1 3.36044e-05
0.1 3.44358e-05
0.1 3.52858e-05
0.1 3.61546e-05
0.1 3.70429e-05
0.1 3.79508e-05
0.1 3.88791e-05
0.1 3.98279e-05
0.1 4.07979e-05
0.1 4.17895e-05
0.1 4.28032e-05
0.1 4.38395e-05
0.1 4.48988e-05
0.1 4.59817e-05
0.1 4.70887e-05
0.1 4.82204e-05
0.1 4.93772e-05
0.1 5.05598e-05
0.1 5.17688e-05
0.1 5.30047e-05
0.1 5.4268e-05
0.1 5.55595e-05
0.1 5.68798e-05
0.1 5.82295e-05
0.1 5.96092e-05
0.1 6.10196e-05
0.1 6.24614e-05
0.1 6.39354e-05
0.1 6.54421e-05
0.1 6.69824e-05
0.1 6.8557e-05
0.1 7.01667e-05
0.1 7.18121e-05
0.1 7.34943e-05
0.1 7.52138e-05
0.1 7.69717e-05
0.1 7.87687e-05
0.1 8.06057e-05
0.1 8.24836e-05
0.1 8.44033e-05
0.1 8.63657e-05
0.1 8.83719e-05
0.1 9.04227e-05
0.1 9.25191e-05
0.1 9.46623e-05
0.1 9.68531e-05
0.1 9.90928e-05
0.1 0.000101382
0.1 0.000103723
0.1 0.000106115
0.1 0.000108561
0.1 0.000111061
0.1 0.000113617
0.1 0.00011623
0.1 0.000118901
0.1 0.000121632
0.1 0.000124423
0.1 0.000127276
0.1 0.000130193
0.1 0.000133175
0.1 0.000136224
0.1 0.00013934
0.1 0.000142525
0.1 0.000145782
0.1 0.00014911
0.1 0.000152514
0.1 0.000155992
0.1 0.000159549
0.1 0.000163184
0.1 0.0001669
0.1 0.000170699
0.1 0.000174583
0.1 0.000178553
0.1 0.000182611
0.1 0.00018676
0.1 0.000191001
0.1 0.000195337
0.1 0.000199769
0.1 0.0002043
0.1 0.000208931
0.1 0.000213666
0.1 0.000218506
0.1 0.000223454
0.1 0.000228512
0.1 0.000233683
0.1 0.000238968
0.1 0.000244372
0.1 0.000249895
0.1 0.000255542
0.1 0.000261314
0.1 0.000267215
0.1 0.000273247
0.1 0.000279413
0.1 0.000285717
0.1 0.000292161
0.1 0.000298748
0.1 0.000305482
0.1 0.000312366
0.1 0.000319403
0.1 0.000326597
0.1 0.00033395
0.1 0.000341468
0.1 0.000349153
0.1 0.000357008
0.1 0.000365039
0.1 0.000373249
0.1 0.000381641
0.1 0.000390219
0.1 0.000398989
0.1 0.000407954
0.1 0.000417119
0.1 0.000426487
0.1 0.000436064
0.1 0.000445854
0.1 0.000455862
0.1 0.000466093
0.1 0.000476551
0.1 0.000487242
0.1 0.000498171
0.1 0.000509343
0.1 0.000520764
0.1 0.000532439
0.1 0.000544373
0.1 0.000556574
0.1 0.000569045
0.1 0.000581795
0.1 0.000594827
0.1 0.00060815
0.1 0.00062177
0.1 0.000635692
0.1 0.000649924
0.1 0.000664473
0.1 0.000679345
0.1 0.000694548
0.1 0.00071009
0.1 0.000725977
0.1 0.000742218
0.1 0.000758819
0.1 0.000775791
0.1 0.000793139
0.1 0.000810874
0.1 0.000829003
0.1 0.000847536
0.1 0.00086648
0.1 0.000885846
0.1 0.000905643
0.1 0.00092588
0.1 0.000946568
0.1 0.000967715
0.1 0.000989332
0.1 0.00101143
0.1 0.00103402
0.1 0.00105711
0.1 0.00108072
0.1 0.00110485
0.1 0.00112952
0.1 0.00115473
0.1 0.00118051
0.1 0.00120686
0.1 0.00123379
0.1 0.00126133
0.1 0.00128947
0.1 0.00131824
0.1 0.00134766
0.1 0.00137772
0.1 0.00140845
0.1 0.00143987
0.1 0.00147199
0.1 0.00150481
0.1 0.00153837
0.1 0.00157268
0.1 0.00160774
0.1 0.00164359
0.1 0.00168023
0.1 0.00171769
0.1 0.00175598
0.1 0.00179512
0.1 0.00183513
0.1 0.00187602
0.1 0.00191783
0.1 0.00196057
0.1 0.00200425
0.1 0.00204891
0.1 0.00209455
0.1 0.00214121
0.1 0.00218891
0.1 0.00223766
0.1 0.0022875
0.1 0.00233845
0.1 0.00239052
0.1 0.00244376
0.1 0.00249817
0.1 0.00255379
0.1 0.00261065
0.1 0.00266877
0.1 0.00272818
0.1 0.0027889
0.1 0.00285098
0.1 0.00291443
0.1 0.00297929
0.1 0.00304559
0.1 0.00311336
0.1 0.00318263
0.1 0.00325344
0.1 0.00332582
0.1 0.0033998
0.1 0.00347543
0.1 0.00355273
0.1 0.00363174
0.1 0.00371251
0.1 0.00379507
0.1 0.00387945
0.1 0.00396571
0.1 0.00405388
0.1 0.004144
0.1 0.00423612
0.1 0.00433028
0.1 0.00442653
0.1 0.0045249
0.1 0.00462546
0.1 0.00472824
0.1 0.0048333
0.1 0.00494068
0.1 0.00505044
0.1 0.00516263
0.1 0.0052773
0.1 0.0053945
0.1 0.0055143
0.1 0.00563676
0.1 0.00576191
0.1 0.00588984
0.1 0.00602059
0.1 0.00615424
0.1 0.00629084
0.1 0.00643045
0.1 0.00657315
0.1 0.00671901
0.1 0.00686808
0.1 0.00702045
0.1 0.00717618
0.1 0.00733535
0.1 0.00749803
0.1 0.0076643
0.1 0.00783424
0.1 0.00800793
0.1 0.00818545
0.1 0.00836689
0.1 0.00855232
0.1 0.00874184
0.1 0.00893554
0.1 0.0091335
0.1 0.00933582
0.1 0.0095426
0.1 0.00975393
0.1 0.00996991
0.1 0.0101906
0.1 0.0104162
0.1 0.0106468
0.1 0.0108824
0.1 0.0111232
0.1 0.0113693
0.1 0.0116208
0.1 0.0118778
0.1 0.0121405
0.1 0.0124089
0.1 0.0126832
0.1 0.0129636
0.1 0.01325
0.1 0.0135428
0.1 0.013842
0.1 0.0141477
0.1 0.0144602
0.1 0.0147794
0.1 0.0151057
0.1 0.0154391
0.1 0.0157798
0.1 0.0161279
0.1 0.0164836
0.1 0.0168471
0.1 0.0172186
0.1 0.0175981
0.1 0.017986
0.1 0.0183823
0.1 0.0187872
0.1 0.0192009
0.1 0.0196237
0.1 0.0200557
0.1 0.020497
0.1 0.020948
0.1 0.0214088
0.1 0.0218795
0.1 0.0223605
0.1 0.022852
0.1 0.0233541
0.1 0.0238671
0.1 0.0243912
0.1 0.0249266
0.1 0.0254737
0.1 0.0260325
0.1 0.0266035
0.1 0.0271868
0.1 0.0277827
0.1 0.0283915
0.1 0.0290133
0.1 0.0296486
0.1 0.0302976
0.1 0.0309605
0.1 0.0316377
0.1 0.0323295
0.1 0.0330361
0.1 0.0337578
0.1 0.0344951
0.1 0.0352482
0.1 0.0360173
0.1 0.036803
0.1 0.0376054
0.1 0.038425
0.1 0.0392621
0.1 0.040117
0.1 0.0409901
0.1 0.0418818
0.1 0.0427925
0.1 0.0437226
0.1 0.0446723
0.1 0.0456423
0.1 0.0466327
0.1 0.0476442
0.1 0.048677
0.1 0.0497316
0.1 0.0508085
0.1 0.0519081
0.1 0.0530308
0.1 0.0541771
0.1 0.0553474
0.1 0.0565424
0.1 0.0577623
0.1 0.0590077
0.1 0.0602792
0.1 0.0615772
0.1 0.0629022
0.1 0.0642547
0.1 0.0656353
0.1 0.0670445
0.1 0.0684829
0.1 0.069951
0.1 0.0714493
0.1 0.0729785
0.1 0.0745391
0.1 0.0761317
0.1 0.0777568
0.1 0.079415
0.1 0.0811071
0.1 0.0828335
0.1 0.0845948
0.1 0.0863917
0.1 0.0882248
0.1 0.0900948
0.1 0.0920021
0.1 0.0939476
0.1 0.0959317
0.1 0.0979551
0.1 0.100018
0.1 0.102122
0.1 0.104267
0.1 0.106454
0.1 0.108684
0.1 0.110956
0.1 0.113272
0.1 0.115632
0.1 0.118037
0.1 0.120487
0.1 0.122983
0.1 0.125525
0.1 0.128114
0.1 0.130751
0.1 0.133435
0.1 0.136167
0.1 0.138947
0.1 0.141776
0.1 0.144655
0.1 0.147582
0.1 0.150558
0.1 0.153584
0.1 0.15666
0.1 0.159784
0.1 0.162957
0.1 0.166179
0.1 0.16945
0.1 0.172768
0.1 0.176133
0.1 0.179544
0.1 0.183001
0.1 0.186502
0.1 0.190045
0.1 0.19363
0.1 0.197255
0.1 0.200917
0.1 0.204614
0.1 0.208344
0.1 0.212105
0.1 0.215892
0.1 0.219703
0.1 0.223533
0.1 0.22738
0.1 0.231237
0.1 0.235101
0.1 0.238965
0.1 0.242824
0.1 0.246671
0.1 0.2505
0.1 0.254303
0.1 0.258072
0.1 0.261797
0.1 0.265471
0.1 0.269082
0.1 0.27262
0.1 0.276074
0.1 0.279431
0.1 0.282679
0.1 0.285803
0.1 0.288789
0.1 0.291622
0.1 0.294286
0.1 0.296764
0.1 0.299037
0.1 0.301087
0.1 0.302895
0.1 0.30444
0.1 0.305701
0.1 0.306657
0.1 0.307285
0.1 0.307562
0.1 0.307464
0.1 0.306967
0.1 0.306047
0.1 0.304678
0.1 0.302837
0.1 0.300496
0.1 0.297633
0.1 0.294221
0.1 0.290237
0.1 0.285658
0.1 0.28046
0.1 0.274622
0.1 0.268125
0.1 0.260948
0.1 0.253077
0.1 0.244496
0.1 0.235193
0.1 0.225161
0.1 0.214393
0.1 0.202887
0.1 0.190646
0.1 0.177675
0.1 0.163985
0.1 0.149594
0.1 0.134522
0.1 0.118797
0.1 0.102452
0.1 0.0855276
0.1 0.0680707
0.1 0.0501349
0.1 0.0317813
0.1 0.0130784
0.1 -0.00589796
0.1 -0.0250643
0.1 -0.0443297
0.1 -0.0635959
0.1 -0.0827574
0.1 -0.101702
0.1 -0.120311
0.1 -0.138461
0.1 -0.156021
0.1 -0.172857
0.1 -0.188833
0.1 -0.203808
0.1 -0.217641
0.1 -0.230193
0.1 -0.241323
0.1 -0.250897
0.1 -0.258784
0.1 -0.264861
0.1 -0.269014
0.1 -0.271139
0.1 -0.271147
0.1 -0.268962

Info about perturbations class:
x_start:       -22
x_end:         0
n_x:     1000
k_min (1/Mpc): 5e-05
k_max (1/Mpc): 0.3
n_k:     100
We do not include polarization
We do not include neutrinos
Information about the perturbation system:
ind_deltacdm:       0
ind_deltab:         1
ind_v_cdm:          2
ind_v_b:            3
ind_Phi:            4
ind_start_theta:    5
n_ell_theta:        8
n_ell_tot_full:     13
Information about the perturbation system in tight coupling:
ind_deltacdm:       0
ind_deltab:         1
ind_v_cdm:          2
ind_v_b:            3
ind_Phi:            4
ind_start_theta:    5
n_ell_theta:        2
n_ell_tot_tc:       7

