7.46269e-05 315.651 
7.53704e-05 318.684 
7.61212e-05 321.746 
7.68796e-05 324.837 
7.76455e-05 327.958 
7.84191e-05 331.109 
7.92004e-05 334.291 
7.99894e-05 337.503 
8.07863e-05 340.745 
8.15912e-05 344.019 
8.2404e-05 347.325 
8.3225e-05 350.662 
8.40542e-05 354.031 
8.48916e-05 357.432 
8.57373e-05 360.866 
8.65915e-05 364.333 
8.74542e-05 367.833 
8.83255e-05 371.367 
8.92054e-05 374.935 
9.00941e-05 378.537 
9.09917e-05 382.174 
9.18983e-05 385.845 
9.28138e-05 389.552 
9.37385e-05 393.294 
9.46724e-05 397.072 
9.56156e-05 400.887 
9.65682e-05 404.738 
9.75302e-05 408.625 
9.85019e-05 412.551 
9.94832e-05 416.514 
0.000100474 420.515 
0.000101475 424.554 
0.000102486 428.632 
0.000103507 432.749 
0.000104539 436.906 
0.00010558 441.102 
0.000106632 445.339 
0.000107694 449.616 
0.000108767 453.935 
0.000109851 458.295 
0.000110945 462.696 
0.000112051 467.14 
0.000113167 471.626 
0.000114294 476.156 
0.000115433 480.729 
0.000116583 485.345 
0.000117744 490.006 
0.000118918 494.712 
0.000120102 499.462 
0.000121299 504.259 
0.000122507 509.101 
0.000123728 513.989 
0.00012496 518.925 
0.000126205 523.908 
0.000127463 528.938 
0.000128733 534.017 
0.000130015 539.144 
0.00013131 544.32 
0.000132619 549.546 
0.00013394 554.822 
0.000135274 560.149 
0.000136622 565.527 
0.000137983 570.956 
0.000139358 576.437 
0.000140746 581.97 
0.000142148 587.557 
0.000143565 593.197 
0.000144995 598.891 
0.000146439 604.639 
0.000147898 610.443 
0.000149372 616.302 
0.00015086 622.217 
0.000152363 628.188 
0.000153881 634.217 
0.000155414 640.304 
0.000156962 646.448 
0.000158526 652.652 
0.000160105 658.915 
0.0001617 665.237 
0.000163311 671.621 
0.000164938 678.065 
0.000166582 684.571 
0.000168241 691.139 
0.000169917 697.769 
0.00017161 704.463 
0.00017332 711.221 
0.000175047 718.044 
0.000176791 724.932 
0.000178552 731.885 
0.000180331 738.906 
0.000182127 745.993 
0.000183942 753.147 
0.000185774 760.37 
0.000187625 767.662 
0.000189495 775.024 
0.000191382 782.456 
0.000193289 789.959 
0.000195215 797.533 
0.00019716 805.18 
0.000199124 812.899 
0.000201108 820.693 
0.000203111 828.56 
0.000205135 836.503 
0.000207179 844.521 
0.000209243 852.616 
0.000211327 860.788 
0.000213433 869.037 
0.000215559 877.366 
0.000217707 885.773 
0.000219875 894.261 
0.000222066 902.83 
0.000224278 911.48 
0.000226513 920.212 
0.000228769 929.028 
0.000231049 937.928 
0.000233351 946.912 
0.000235675 955.982 
0.000238023 965.138 
0.000240395 974.381 
0.00024279 983.711 
0.000245208 993.131 
0.000247651 1002.64 
0.000250119 1012.24 
0.000252611 1021.93 
0.000255127 1031.71 
0.000257669 1041.59 
0.000260236 1051.56 
0.000262829 1061.62 
0.000265447 1071.78 
0.000268092 1082.04 
0.000270763 1092.39 
0.00027346 1102.84 
0.000276185 1113.39 
0.000278936 1124.04 
0.000281715 1134.79 
0.000284522 1145.65 
0.000287356 1156.6 
0.000290219 1167.66 
0.000293111 1178.83 
0.000296031 1190.1 
0.00029898 1201.48 
0.000301959 1212.96 
0.000304967 1224.55 
0.000308005 1236.26 
0.000311074 1248.07 
0.000314173 1260 
0.000317303 1272.03 
0.000320464 1284.18 
0.000323657 1296.45 
0.000326881 1308.83 
0.000330138 1321.33 
0.000333427 1333.95 
0.000336749 1346.68 
0.000340104 1359.54 
0.000343492 1372.52 
0.000346914 1385.62 
0.00035037 1398.84 
0.000353861 1412.19 
0.000357387 1425.66 
0.000360947 1439.26 
0.000364543 1452.99 
0.000368175 1466.84 
0.000371843 1480.83 
0.000375547 1494.95 
0.000379289 1509.2 
0.000383068 1523.59 
0.000386884 1538.11 
0.000390738 1552.76 
0.000394631 1567.56 
0.000398563 1582.49 
0.000402534 1597.56 
0.000406544 1612.78 
0.000410594 1628.13 
0.000414685 1643.63 
0.000418816 1659.28 
0.000422989 1675.07 
0.000427203 1691.01 
0.000431459 1707.1 
0.000435758 1723.34 
0.000440099 1739.73 
0.000444483 1756.27 
0.000448912 1772.97 
0.000453384 1789.82 
0.000457901 1806.83 
0.000462463 1824 
0.00046707 1841.33 
0.000471724 1858.83 
0.000476423 1876.48 
0.00048117 1894.3 
0.000485963 1912.28 
0.000490805 1930.43 
0.000495695 1948.76 
0.000500633 1967.25 
0.000505621 1985.91 
0.000510658 2004.74 
0.000515746 2023.75 
0.000520884 2042.94 
0.000526073 2062.31 
0.000531314 2081.85 
0.000536608 2101.58 
0.000541954 2121.48 
0.000547353 2141.57 
0.000552806 2161.85 
0.000558314 2182.32 
0.000563876 2202.97 
0.000569494 2223.82 
0.000575167 2244.85 
0.000580898 2266.08 
0.000586685 2287.51 
0.00059253 2309.14 
0.000598433 2330.96 
0.000604395 2352.98 
0.000610417 2375.21 
0.000616498 2397.64 
0.00062264 2420.28 
0.000628843 2443.12 
0.000635108 2466.18 
0.000641435 2489.44 
0.000647826 2512.92 
0.00065428 2536.62 
0.000660798 2560.53 
0.000667382 2584.66 
0.000674031 2609.01 
0.000680746 2633.58 
0.000687528 2658.38 
0.000694378 2683.4 
0.000701295 2708.65 
0.000708282 2734.13 
0.000715339 2759.84 
0.000722465 2785.79 
0.000729663 2811.97 
0.000736932 2838.39 
0.000744274 2865.05 
0.000751689 2891.95 
0.000759178 2919.1 
0.000766742 2946.49 
0.00077438 2974.12 
0.000782095 3002.01 
0.000789887 3030.15 
0.000797756 3058.54 
0.000805704 3087.19 
0.000813731 3116.09 
0.000821838 3145.26 
0.000830026 3174.68 
0.000838295 3204.37 
0.000846647 3234.33 
0.000855082 3264.55 
0.000863601 3295.05 
0.000872205 3325.81 
0.000880894 3356.85 
0.00088967 3388.17 
0.000898534 3419.76 
0.000907486 3451.64 
0.000916527 3483.8 
0.000925658 3516.24 
0.00093488 3548.97 
0.000944194 3581.99 
0.0009536 3615.3 
0.000963101 3648.9 
0.000972696 3682.8 
0.000982387 3717 
0.000992174 3751.5 
0.00100206 3786.3 
0.00101204 3821.4 
0.00102212 3856.81 
0.00103231 3892.53 
0.00104259 3928.56 
0.00105298 3964.9 
0.00106347 4001.56 
0.00107406 4038.54 
0.00108477 4075.84 
0.00109557 4113.46 
0.00110649 4151.4 
0.00111751 4189.67 
0.00112864 4228.27 
0.00113989 4267.2 
0.00115124 4306.46 
0.00116271 4346.06 
0.0011743 4386 
0.001186 4426.28 
0.00119781 4466.9 
0.00120975 4507.86 
0.0012218 4549.18 
0.00123397 4590.84 
0.00124627 4632.85 
0.00125868 4675.22 
0.00127122 4717.95 
0.00128389 4761.04 
0.00129668 4804.48 
0.0013096 4848.29 
0.00132264 4892.47 
0.00133582 4937.01 
0.00134913 4981.93 
0.00136257 5027.22 
0.00137614 5072.88 
0.00138985 5118.92 
0.0014037 5165.34 
0.00141769 5212.14 
0.00143181 5259.33 
0.00144607 5306.91 
0.00146048 5354.87 
0.00147503 5403.23 
0.00148973 5451.98 
0.00150457 5501.12 
0.00151956 5550.66 
0.0015347 5600.61 
0.00154999 5650.95 
0.00156543 5701.7 
0.00158102 5752.86 
0.00159678 5804.43 
0.00161268 5856.41 
0.00162875 5908.8 
0.00164498 5961.61 
0.00166137 6014.83 
0.00167792 6068.47 
0.00169463 6122.54 
0.00171152 6177.03 
0.00172857 6231.94 
0.00174579 6287.28 
0.00176318 6343.05 
0.00178075 6399.26 
0.00179849 6455.89 
0.00181641 6512.97 
0.0018345 6570.48 
0.00185278 6628.42 
0.00187124 6686.81 
0.00188988 6745.65 
0.00190871 6804.92 
0.00192773 6864.65 
0.00194693 6924.82 
0.00196633 6985.44 
0.00198592 7046.52 
0.0020057 7108.05 
0.00202568 7170.03 
0.00204587 7232.47 
0.00206625 7295.37 
0.00208683 7358.73 
0.00210762 7422.55 
0.00212862 7486.83 
0.00214983 7551.58 
0.00217125 7616.8 
0.00219288 7682.48 
0.00221473 7748.63 
0.00223679 7815.25 
0.00225907 7882.34 
0.00228158 7949.91 
0.00230431 8017.94 
0.00232727 8086.45 
0.00235045 8155.44 
0.00237387 8224.9 
0.00239752 8294.84 
0.00242141 8365.26 
0.00244553 8436.16 
0.0024699 8507.54 
0.0024945 8579.39 
0.00251935 8651.73 
0.00254445 8724.55 
0.0025698 8797.85 
0.00259541 8871.63 
0.00262126 8945.89 
0.00264738 9020.64 
0.00267375 9095.87 
0.00270039 9171.59 
0.00272729 9247.79 
0.00275447 9324.47 
0.00278191 9401.64 
0.00280962 9479.29 
0.00283761 9557.42 
0.00286588 9636.04 
0.00289444 9715.14 
0.00292327 9794.73 
0.0029524 9874.79 
0.00298181 9955.34 
0.00301152 10036.4 
0.00304152 10117.9 
0.00307182 10199.9 
0.00310242 10282.3 
0.00313333 10365.3 
0.00316455 10448.7 
0.00319608 10532.6 
0.00322792 10617 
0.00326008 10701.8 
0.00329256 10787.1 
0.00332536 10872.9 
0.00335849 10959.1 
0.00339195 11045.8 
0.00342574 11133 
0.00345987 11220.7 
0.00349434 11308.8 
0.00352915 11397.3 
0.00356431 11486.3 
0.00359982 11575.8 
0.00363569 11665.7 
0.00367191 11756.1 
0.00370849 11846.9 
0.00374544 11938.1 
0.00378275 12029.8 
0.00382044 12121.9 
0.0038585 12214.4 
0.00389694 12307.4 
0.00393577 12400.8 
0.00397498 12494.6 
0.00401458 12588.8 
0.00405458 12683.4 
0.00409497 12778.5 
0.00413577 12873.9 
0.00417697 12969.8 
0.00421858 13066 
0.00426061 13162.6 
0.00430306 13259.6 
0.00434593 13357 
0.00438923 13454.8 
0.00443296 13552.9 
0.00447712 13651.4 
0.00452172 13750.2 
0.00456677 13849.4 
0.00461227 13948.9 
0.00465822 14048.8 
0.00470463 14149 
0.0047515 14249.5 
0.00479884 14350.3 
0.00484665 14451.5 
0.00489493 14552.9 
0.0049437 14654.7 
0.00499295 14756.7 
0.0050427 14859 
0.00509293 14961.6 
0.00514367 15064.4 
0.00519492 15167.5 
0.00524667 15270.8 
0.00529894 15374.4 
0.00535174 15478.2 
0.00540505 15582.2 
0.0054589 15686.4 
0.00551329 15790.8 
0.00556822 15895.4 
0.00562369 16000.2 
0.00567972 16105.1 
0.0057363 16210.2 
0.00579345 16315.5 
0.00585117 16420.9 
0.00590946 16526.4 
0.00596834 16632 
0.0060278 16737.7 
0.00608785 16843.5 
0.0061485 16949.3 
0.00620976 17055.3 
0.00627163 17161.3 
0.00633411 17267.3 
0.00639721 17373.3 
0.00646095 17479.3 
0.00652531 17585.4 
0.00659032 17691.4 
0.00665598 17797.4 
0.00672229 17903.3 
0.00678927 18009.2 
0.0068569 18115 
0.00692522 18220.7 
0.00699421 18326.3 
0.00706389 18431.7 
0.00713427 18537 
0.00720535 18642.2 
0.00727713 18747.2 
0.00734963 18851.9 
0.00742285 18956.5 
0.0074968 19060.9 
0.00757149 19164.9 
0.00764692 19268.8 
0.00772311 19372.3 
0.00780005 19475.6 
0.00787776 19578.5 
0.00795624 19681.1 
0.00803551 19783.3 
0.00811557 19885.1 
0.00819642 19986.5 
0.00827808 20087.5 
0.00836055 20188.1 
0.00844384 20288.2 
0.00852797 20387.8 
0.00861293 20486.8 
0.00869874 20585.4 
0.0087854 20683.4 
0.00887293 20780.8 
0.00896132 20877.6 
0.0090506 20973.8 
0.00914077 21069.4 
0.00923184 21164.3 
0.00932381 21258.4 
0.0094167 21351.9 
0.00951052 21444.6 
0.00960527 21536.5 
0.00970096 21627.6 
0.00979761 21717.9 
0.00989522 21807.4 
0.0099938 21896 
0.0100934 21983.6 
0.0101939 22070.4 
0.0102955 22156.1 
0.0103981 22240.9 
0.0105016 22324.7 
0.0106063 22407.4 
0.0107119 22489.1 
0.0108187 22569.6 
0.0109264 22649 
0.0110353 22727.3 
0.0111452 22804.3 
0.0112563 22880.2 
0.0113684 22954.8 
0.0114817 23028.1 
0.0115961 23100 
0.0117116 23170.7 
0.0118283 23240 
0.0119461 23307.8 
0.0120651 23374.2 
0.0121853 23439.2 
0.0123067 23502.7 
0.0124293 23564.6 
0.0125532 23624.9 
0.0126782 23683.7 
0.0128045 23740.8 
0.0129321 23796.2 
0.013061 23850 
0.0131911 23902 
0.0133225 23952.3 
0.0134552 24000.7 
0.0135893 24047.3 
0.0137247 24092.1 
0.0138614 24135 
0.0139995 24175.9 
0.014139 24214.9 
0.0142798 24251.9 
0.0144221 24286.8 
0.0145658 24319.7 
0.0147109 24350.5 
0.0148574 24379.1 
0.0150055 24405.7 
0.015155 24430 
0.0153059 24452.1 
0.0154584 24471.9 
0.0156124 24489.4 
0.015768 24504.7 
0.0159251 24517.5 
0.0160837 24528 
0.016244 24536.1 
0.0164058 24541.8 
0.0165693 24545 
0.0167343 24545.6 
0.016901 24543.8 
0.0170694 24539.4 
0.0172395 24532.5 
0.0174112 24522.9 
0.0175847 24510.7 
0.0177599 24495.9 
0.0179368 24478.3 
0.0181155 24458.1 
0.018296 24435.2 
0.0184783 24409.5 
0.0186624 24381.1 
0.0188483 24349.8 
0.0190361 24315.8 
0.0192257 24279 
0.0194173 24239.4 
0.0196107 24196.9 
0.0198061 24151.5 
0.0200034 24103.3 
0.0202027 24052.2 
0.020404 23998.3 
0.0206073 23941.4 
0.0208126 23881.7 
0.0210199 23819.1 
0.0212293 23753.5 
0.0214408 23685.1 
0.0216544 23613.8 
0.0218702 23539.6 
0.0220881 23462.5 
0.0223081 23382.6 
0.0225304 23299.7 
0.0227548 23214.1 
0.0229815 23125.6 
0.0232105 23034.3 
0.0234417 22940.1 
0.0236753 22843.3 
0.0239111 22743.6 
0.0241494 22641.2 
0.02439 22536.2 
0.0246329 22428.5 
0.0248784 22318.1 
0.0251262 22205.1 
0.0253765 22089.6 
0.0256294 21971.6 
0.0258847 21851.1 
0.0261426 21728.2 
0.026403 21603 
0.0266661 21475.4 
0.0269317 21345.5 
0.0272001 21213.5 
0.027471 21079.3 
0.0277447 20943 
0.0280211 20804.7 
0.0283003 20664.5 
0.0285822 20522.3 
0.028867 20378.4 
0.0291546 20232.8 
0.0294451 20085.5 
0.0297384 19936.7 
0.0300347 19786.4 
0.0303339 19634.7 
0.0306361 19481.7 
0.0309413 19327.5 
0.0312496 19172.2 
0.0315609 19015.9 
0.0318754 18858.6 
0.0321929 18700.5 
0.0325137 18541.7 
0.0328376 18382.3 
0.0331647 18222.3 
0.0334951 18061.9 
0.0338288 17901.2 
0.0341659 17740.4 
0.0345063 17579.4 
0.03485 17418.4 
0.0351972 17257.6 
0.0355479 17097 
0.035902 16936.7 
0.0362597 16776.9 
0.036621 16617.6 
0.0369858 16459 
0.0373543 16301.2 
0.0377264 16144.2 
0.0381023 15988.2 
0.0384819 15833.3 
0.0388653 15679.6 
0.0392525 15527.2 
0.0396435 15376.1 
0.0400385 15226.6 
0.0404374 15078.6 
0.0408403 14932.2 
0.0412471 14787.6 
0.0416581 14644.9 
0.0420731 14504 
0.0424923 14365.1 
0.0429156 14228.3 
0.0433432 14093.5 
0.043775 13961 
0.0442111 13830.7 
0.0446515 13702.6 
0.0450964 13576.9 
0.0455457 13453.6 
0.0459994 13332.6 
0.0464577 13214.1 
0.0469206 13098 
0.047388 12984.4 
0.0478601 12873.2 
0.0483369 12764.5 
0.0488185 12658.3 
0.0493049 12554.5 
0.0497961 12453.1 
0.0502922 12354.1 
0.0507932 12257.4 
0.0512993 12163.1 
0.0518103 12070.9 
0.0523265 11981 
0.0528478 11893.1 
0.0533743 11807.2 
0.0539061 11723.3 
0.0544431 11641.2 
0.0549855 11560.8 
0.0555333 11482 
0.0560866 11404.7 
0.0566454 11328.7 
0.0572097 11253.9 
0.0577797 11180.1 
0.0583553 11107.3 
0.0589367 11035.2 
0.0595239 10963.6 
0.0601169 10892.4 
0.0607158 10821.5 
0.0613207 10750.5 
0.0619316 10679.4 
0.0625486 10608 
0.0631718 10536 
0.0638012 10463.2 
0.0644368 10389.6 
0.0650788 10314.8 
0.0657271 10238.8 
0.0663819 10161.3 
0.0670433 10082.1 
0.0677112 10001.1 
0.0683858 9918.18 
0.0690671 9833.13 
0.0697552 9745.83 
0.0704501 9656.15 
0.071152 9564 
0.0718609 9469.3 
0.0725768 9371.98 
0.0732999 9271.97 
0.0740301 9169.26 
0.0747677 9063.84 
0.0755126 8955.73 
0.0762649 8844.95 
0.0770247 8731.57 
0.0777921 8615.7 
0.0785671 8497.44 
0.0793498 8376.92 
0.0801404 8254.3 
0.0809388 8129.79 
0.0817451 8003.59 
0.0825595 7875.91 
0.0833821 7747.02 
0.0842128 7617.18 
0.0850518 7486.68 
0.0858991 7355.83 
0.0867549 7224.92 
0.0876192 7094.29 
0.0884921 6964.25 
0.0893737 6835.16 
0.0902642 6707.32 
0.0911634 6581.07 
0.0920717 6456.74 
0.0929889 6334.65 
0.0939154 6215.1 
0.094851 6098.36 
0.095796 5984.7 
0.0967504 5874.41 
0.0977143 5767.7 
0.0986878 5664.73 
0.099671 5565.71 
0.100664 5470.79 
0.101667 5380.08 
0.10268 5293.62 
0.103703 5211.48 
0.104736 5133.68 
0.105779 5060.19 
0.106833 4990.91 
0.107897 4925.74 
0.108972 4864.57 
0.110058 4807.21 
0.111155 4753.42 
0.112262 4702.95 
0.11338 4655.54 
0.11451 4610.85 
0.115651 4568.55 
0.116803 4528.24 
0.117967 4489.53 
0.119142 4452.02 
0.120329 4415.28 
0.121528 4378.88 
0.122738 4342.34 
0.123961 4305.26 
0.125196 4267.25 
0.126444 4227.9 
0.127703 4186.79 
0.128976 4143.63 
0.13026 4098.15 
0.131558 4050.12 
0.132869 3999.28 
0.134193 3945.54 
0.13553 3888.92 
0.13688 3829.42 
0.138243 3767.09 
0.139621 3702.1 
0.141012 3634.71 
0.142417 3565.22 
0.143835 3493.92 
0.145268 3421.23 
0.146716 3347.61 
0.148177 3273.54 
0.149654 3199.51 
0.151145 3126.03 
0.15265 3053.56 
0.154171 2982.62 
0.155707 2913.69 
0.157258 2847.18 
0.158825 2783.42 
0.160408 2722.73 
0.162006 2665.47 
0.16362 2611.78 
0.16525 2561.7 
0.166896 2515.26 
0.168559 2472.49 
0.170238 2433.29 
0.171934 2397.43 
0.173647 2364.69 
0.175377 2334.82 
0.177124 2307.46 
0.178889 2282.11 
0.180671 2258.27 
0.182471 2235.38 
0.184289 2212.96 
0.186125 2190.56 
0.187979 2167.67 
0.189852 2143.8 
0.191744 2118.58 
0.193654 2091.74 
0.195583 2063.02 
0.197532 2032.15 
0.1995 1999.08 
0.201487 1963.94 
0.203495 1926.87 
0.205522 1888.05 
0.207569 1847.77 
0.209637 1806.47 
0.211726 1764.62 
0.213835 1722.68 
0.215966 1681.11 
0.218117 1640.36 
0.22029 1600.89 
0.222485 1563.17 
0.224702 1527.49 
0.22694 1494.01 
0.229201 1462.9 
0.231485 1434.33 
0.233791 1408.24 
0.23612 1384.45 
0.238472 1362.71 
0.240848 1342.8 
0.243248 1324.39 
0.245671 1307.05 
0.248119 1290.36 
0.250591 1273.84 
0.253087 1257.13 
0.255609 1239.91 
0.258155 1221.89 
0.260727 1202.74 
0.263325 1182.35 
0.265948 1160.79 
0.268598 1138.15 
0.271274 1114.53 
0.273976 1090.15 
0.276706 1065.36 
0.279462 1040.53 
0.282247 1016.03 
0.285059 992.187 
0.287899 969.241 
0.290767 947.446 
0.293664 927.056 
0.296589 908.158 
0.299544 890.66 
0.302528 874.461 
0.305542 859.454 
0.308586 845.442 
0.311661 832.136 
0.314766 819.227 
0.317902 806.394 
0.321069 793.399 
0.324268 780.102 
0.327498 766.358 
0.330761 752.027 
0.334056 737.105 
0.337384 721.752 
0.340746 706.145 
0.34414 690.466 
0.347569 674.901 
0.351032 659.639 
0.354529 644.873 
0.358061 630.8 
0.361628 617.517 
0.365231 605.002 
0.36887 593.22 
0.372545 582.136 
0.376256 571.644 
0.380005 561.55 
0.383791 551.643 
0.387614 541.709 
0.391476 531.619 
0.395376 521.368 
0.399315 510.958 
0.403293 500.392 
0.407311 489.723 
0.411369 479.071 
0.415467 468.566 
0.419607 458.339 
0.423787 448.475 
0.428009 438.996 
0.432273 429.916 
0.43658 421.251 
0.440929 412.97 
0.445322 404.978 
0.449759 397.172 
0.45424 389.442 
0.458765 381.721 
0.463336 374.005 
0.467952 366.294 
0.472614 358.587 
0.477322 350.909 
0.482078 343.322 
0.48688 335.893 
0.491731 328.69 
0.49663 321.748 
0.501578 315.044 
0.506575 308.551 
0.511622 302.24 
0.516719 296.079 
0.521867 290.035 
0.527066 284.072 
0.532317 278.154 
0.53762 272.267 
0.542976 266.44 
0.548386 260.703 
0.553849 255.089 
0.559367 249.62 
0.56494 244.294 
0.570568 239.107 
0.576253 234.056 
0.581994 229.132 
0.587792 224.316 
0.593648 219.587 
0.599562 214.926 
0.605536 210.321 
0.611568 205.785 
0.617661 201.332 
0.623815 196.976 
0.63003 192.726 
0.636306 188.576 
0.642646 184.522 
0.649048 180.557 
0.655515 176.674 
0.662045 172.869 
0.668641 169.137 
0.675303 165.472 
0.68203 161.871 
0.688825 158.339 
0.695688 154.88 
0.702619 151.499 
0.709619 148.199 
0.716688 144.973 
0.723829 141.817 
0.73104 138.722 
0.738323 135.686 
0.745679 132.709 
0.753108 129.792 
0.760611 126.937 
0.768188 124.145 
0.775842 121.413 
0.783571 118.739 
0.791378 116.122 
0.799262 113.558 
0.807225 111.048 
0.815267 108.59 
0.823389 106.184 
0.831592 103.828 
0.839877 101.523 
0.848245 99.266 
0.856695 97.0573 
0.86523 94.8956 
0.87385 92.7801 
0.882556 90.7099 
0.891349 88.684 
0.900229 86.7013 
0.909198 84.761 
0.918256 82.8622 
0.927404 81.0039 
0.936644 79.1852 
0.945975 77.4056 
0.9554 75.6646 
0.964918 73.9616 
0.974531 72.2958 
0.98424 70.6665 
0.994046 69.0725 
1.00395 67.5127 
1.01395 65.9861 
1.02405 64.4923 
1.03426 63.0308 
1.04456 61.6009 
1.05497 60.2023 
1.06548 58.8343 
1.07609 57.4963 
1.08681 56.1877 
1.09764 54.9078 
1.10858 53.6561 
1.11962 52.4321 
1.13077 51.2352 
1.14204 50.0648 
1.15342 48.9202 
1.16491 47.8008 
1.17651 46.7059 
1.18824 45.6348 
1.20007 44.5871 
1.21203 43.5626 
1.2241 42.5608 
1.2363 41.5813 
1.24862 40.6237 
1.26106 39.6875 
1.27362 38.7721 
1.28631 37.877 
1.29912 37.0019 
1.31207 36.1465 
1.32514 35.3105 
1.33834 34.4935 
1.35167 33.6947 
1.36514 32.9133 
1.37874 32.1484 
1.39248 31.3995 
1.40635 30.6675 
1.42036 29.9541 
1.43451 29.2608 
1.4488 28.5875 
1.46324 27.9287 
1.47781 27.2768 
1.49254 26.6243 
