0.1 0.666667
0.1 0.666666
0.1 0.666666
0.1 0.666665
0.1 0.666665
0.1 0.666665
0.1 0.666664
0.1 0.666664
0.1 0.666663
0.1 0.666663
0.1 0.666663
0.1 0.666662
0.1 0.666662
0.1 0.666662
0.1 0.666661
0.1 0.666661
0.1 0.666661
0.1 0.666661
0.1 0.66666
0.1 0.66666
0.1 0.66666
0.1 0.666659
0.1 0.666659
0.1 0.666659
0.1 0.666659
0.1 0.666658
0.1 0.666658
0.1 0.666658
0.1 0.666658
0.1 0.666657
0.1 0.666657
0.1 0.666657
0.1 0.666657
0.1 0.666656
0.1 0.666656
0.1 0.666656
0.1 0.666655
0.1 0.666655
0.1 0.666655
0.1 0.666655
0.1 0.666654
0.1 0.666654
0.1 0.666654
0.1 0.666654
0.1 0.666653
0.1 0.666653
0.1 0.666653
0.1 0.666652
0.1 0.666652
0.1 0.666652
0.1 0.666651
0.1 0.666651
0.1 0.666651
0.1 0.666651
0.1 0.66665
0.1 0.66665
0.1 0.66665
0.1 0.666649
0.1 0.666649
0.1 0.666649
0.1 0.666648
0.1 0.666648
0.1 0.666647
0.1 0.666647
0.1 0.666647
0.1 0.666646
0.1 0.666646
0.1 0.666646
0.1 0.666645
0.1 0.666645
0.1 0.666644
0.1 0.666644
0.1 0.666644
0.1 0.666643
0.1 0.666643
0.1 0.666642
0.1 0.666642
0.1 0.666641
0.1 0.666641
0.1 0.66664
0.1 0.66664
0.1 0.666639
0.1 0.666639
0.1 0.666638
0.1 0.666638
0.1 0.666637
0.1 0.666637
0.1 0.666636
0.1 0.666636
0.1 0.666635
0.1 0.666634
0.1 0.666634
0.1 0.666633
0.1 0.666633
0.1 0.666632
0.1 0.666631
0.1 0.666631
0.1 0.66663
0.1 0.666629
0.1 0.666629
0.1 0.666628
0.1 0.666627
0.1 0.666626
0.1 0.666626
0.1 0.666625
0.1 0.666624
0.1 0.666623
0.1 0.666623
0.1 0.666622
0.1 0.666621
0.1 0.66662
0.1 0.666619
0.1 0.666618
0.1 0.666617
0.1 0.666617
0.1 0.666616
0.1 0.666615
0.1 0.666614
0.1 0.666613
0.1 0.666612
0.1 0.666611
0.1 0.66661
0.1 0.666609
0.1 0.666608
0.1 0.666606
0.1 0.666605
0.1 0.666604
0.1 0.666603
0.1 0.666602
0.1 0.666601
0.1 0.666599
0.1 0.666598
0.1 0.666597
0.1 0.666595
0.1 0.666594
0.1 0.666593
0.1 0.666591
0.1 0.66659
0.1 0.666589
0.1 0.666587
0.1 0.666586
0.1 0.666584
0.1 0.666583
0.1 0.666581
0.1 0.666579
0.1 0.666578
0.1 0.666576
0.1 0.666574
0.1 0.666573
0.1 0.666571
0.1 0.666569
0.1 0.666567
0.1 0.666565
0.1 0.666563
0.1 0.666561
0.1 0.666559
0.1 0.666557
0.1 0.666555
0.1 0.666553
0.1 0.666551
0.1 0.666549
0.1 0.666546
0.1 0.666544
0.1 0.666542
0.1 0.666539
0.1 0.666537
0.1 0.666534
0.1 0.666532
0.1 0.666529
0.1 0.666527
0.1 0.666524
0.1 0.666521
0.1 0.666518
0.1 0.666516
0.1 0.666513
0.1 0.66651
0.1 0.666507
0.1 0.666504
0.1 0.6665
0.1 0.666497
0.1 0.666494
0.1 0.666491
0.1 0.666487
0.1 0.666484
0.1 0.66648
0.1 0.666476
0.1 0.666473
0.1 0.666469
0.1 0.666465
0.1 0.666461
0.1 0.666457
0.1 0.666453
0.1 0.666449
0.1 0.666444
0.1 0.66644
0.1 0.666436
0.1 0.666431
0.1 0.666426
0.1 0.666422
0.1 0.666417
0.1 0.666412
0.1 0.666407
0.1 0.666401
0.1 0.666396
0.1 0.666391
0.1 0.666385
0.1 0.66638
0.1 0.666374
0.1 0.666368
0.1 0.666362
0.1 0.666356
0.1 0.666349
0.1 0.666343
0.1 0.666336
0.1 0.66633
0.1 0.666323
0.1 0.666316
0.1 0.666309
0.1 0.666301
0.1 0.666294
0.1 0.666286
0.1 0.666278
0.1 0.66627
0.1 0.666262
0.1 0.666254
0.1 0.666245
0.1 0.666236
0.1 0.666228
0.1 0.666218
0.1 0.666209
0.1 0.666199
0.1 0.66619
0.1 0.66618
0.1 0.666169
0.1 0.666159
0.1 0.666148
0.1 0.666137
0.1 0.666126
0.1 0.666114
0.1 0.666103
0.1 0.666091
0.1 0.666078
0.1 0.666066
0.1 0.666053
0.1 0.666039
0.1 0.666026
0.1 0.666012
0.1 0.665998
0.1 0.665983
0.1 0.665968
0.1 0.665953
0.1 0.665937
0.1 0.665921
0.1 0.665905
0.1 0.665888
0.1 0.665871
0.1 0.665853
0.1 0.665835
0.1 0.665817
0.1 0.665798
0.1 0.665778
0.1 0.665758
0.1 0.665738
0.1 0.665717
0.1 0.665695
0.1 0.665673
0.1 0.665651
0.1 0.665628
0.1 0.665604
0.1 0.66558
0.1 0.665555
0.1 0.665529
0.1 0.665503
0.1 0.665476
0.1 0.665448
0.1 0.66542
0.1 0.665391
0.1 0.665361
0.1 0.66533
0.1 0.665299
0.1 0.665266
0.1 0.665233
0.1 0.665199
0.1 0.665164
0.1 0.665128
0.1 0.665091
0.1 0.665054
0.1 0.665015
0.1 0.664975
0.1 0.664934
0.1 0.664892
0.1 0.664849
0.1 0.664804
0.1 0.664759
0.1 0.664712
0.1 0.664664
0.1 0.664615
0.1 0.664564
0.1 0.664512
0.1 0.664458
0.1 0.664403
0.1 0.664346
0.1 0.664288
0.1 0.664228
0.1 0.664167
0.1 0.664103
0.1 0.664038
0.1 0.663972
0.1 0.663903
0.1 0.663832
0.1 0.66376
0.1 0.663685
0.1 0.663608
0.1 0.663529
0.1 0.663448
0.1 0.663364
0.1 0.663278
0.1 0.663189
0.1 0.663098
0.1 0.663005
0.1 0.662908
0.1 0.662809
0.1 0.662707
0.1 0.662602
0.1 0.662494
0.1 0.662383
0.1 0.662268
0.1 0.66215
0.1 0.662029
0.1 0.661904
0.1 0.661776
0.1 0.661643
0.1 0.661507
0.1 0.661367
0.1 0.661222
0.1 0.661074
0.1 0.660921
0.1 0.660763
0.1 0.660601
0.1 0.660434
0.1 0.660262
0.1 0.660085
0.1 0.659902
0.1 0.659714
0.1 0.659521
0.1 0.659322
0.1 0.659116
0.1 0.658905
0.1 0.658687
0.1 0.658463
0.1 0.658232
0.1 0.657994
0.1 0.657749
0.1 0.657497
0.1 0.657237
0.1 0.656969
0.1 0.656693
0.1 0.656409
0.1 0.656116
0.1 0.655815
0.1 0.655504
0.1 0.655184
0.1 0.654854
0.1 0.654515
0.1 0.654165
0.1 0.653805
0.1 0.653434
0.1 0.653051
0.1 0.652657
0.1 0.652252
0.1 0.651834
0.1 0.651403
0.1 0.65096
0.1 0.650503
0.1 0.650033
0.1 0.649549
0.1 0.64905
0.1 0.648536
0.1 0.648006
0.1 0.647461
0.1 0.6469
0.1 0.646322
0.1 0.645726
0.1 0.645113
0.1 0.644482
0.1 0.643832
0.1 0.643162
0.1 0.642473
0.1 0.641764
0.1 0.641033
0.1 0.640281
0.1 0.639507
0.1 0.638711
0.1 0.637891
0.1 0.637047
0.1 0.636178
0.1 0.635284
0.1 0.634364
0.1 0.633418
0.1 0.632444
0.1 0.631442
0.1 0.630412
0.1 0.629352
0.1 0.628261
0.1 0.62714
0.1 0.625987
0.1 0.624801
0.1 0.623582
0.1 0.622328
0.1 0.621039
0.1 0.619715
0.1 0.618353
0.1 0.616954
0.1 0.615517
0.1 0.61404
0.1 0.612522
0.1 0.610964
0.1 0.609363
0.1 0.607719
0.1 0.606031
0.1 0.604298
0.1 0.602518
0.1 0.600692
0.1 0.598818
0.1 0.596896
0.1 0.594923
0.1 0.5929
0.1 0.590824
0.1 0.588696
0.1 0.586514
0.1 0.584278
0.1 0.581986
0.1 0.579637
0.1 0.577231
0.1 0.574766
0.1 0.572242
0.1 0.569657
0.1 0.567011
0.1 0.564303
0.1 0.561532
0.1 0.558698
0.1 0.555798
0.1 0.552834
0.1 0.549803
0.1 0.546705
0.1 0.54354
0.1 0.540307
0.1 0.537005
0.1 0.533634
0.1 0.530193
0.1 0.526682
0.1 0.5231
0.1 0.519447
0.1 0.515723
0.1 0.511928
0.1 0.508061
0.1 0.504123
0.1 0.500113
0.1 0.496031
0.1 0.491879
0.1 0.487655
0.1 0.483361
0.1 0.478997
0.1 0.474564
0.1 0.470062
0.1 0.465492
0.1 0.460855
0.1 0.456152
0.1 0.451384
0.1 0.446553
0.1 0.44166
0.1 0.436706
0.1 0.431694
0.1 0.426625
0.1 0.421501
0.1 0.416324
0.1 0.411097
0.1 0.405823
0.1 0.400503
0.1 0.39514
0.1 0.389739
0.1 0.384301
0.1 0.378829
0.1 0.373328
0.1 0.367801
0.1 0.362252
0.1 0.356685
0.1 0.351103
0.1 0.345511
0.1 0.339914
0.1 0.334316
0.1 0.328721
0.1 0.323134
0.1 0.317562
0.1 0.312007
0.1 0.306477
0.1 0.300975
0.1 0.295508
0.1 0.290081
0.1 0.284699
0.1 0.279369
0.1 0.274095
0.1 0.268885
0.1 0.263742
0.1 0.258674
0.1 0.253686
0.1 0.248783
0.1 0.243972
0.1 0.239257
0.1 0.234645
0.1 0.230141
0.1 0.22575
0.1 0.221478
0.1 0.217329
0.1 0.213307
0.1 0.209419
0.1 0.205667
0.1 0.202057
0.1 0.19859
0.1 0.195272
0.1 0.192106
0.1 0.189093
0.1 0.186236
0.1 0.183537
0.1 0.180999
0.1 0.17862
0.1 0.176404
0.1 0.174348
0.1 0.172454
0.1 0.17072
0.1 0.169145
0.1 0.167727
0.1 0.166463
0.1 0.165351
0.1 0.164387
0.1 0.163567
0.1 0.162886
0.1 0.16234
0.1 0.161922
0.1 0.161628
0.1 0.16145
0.1 0.161381
0.1 0.161414
0.1 0.161542
0.1 0.161755
0.1 0.162047
0.1 0.162408
0.1 0.16283
0.1 0.163302
0.1 0.163817
0.1 0.164366
0.1 0.164938
0.1 0.165524
0.1 0.166117
0.1 0.166706
0.1 0.167283
0.1 0.16784
0.1 0.168369
0.1 0.168861
0.1 0.169311
0.1 0.169711
0.1 0.170055
0.1 0.170338
0.1 0.170555
0.1 0.170702
0.1 0.170775
0.1 0.170773
0.1 0.170693
0.1 0.170533
0.1 0.170295
0.1 0.169979
0.1 0.169586
0.1 0.169118
0.1 0.168578
0.1 0.167971
0.1 0.167299
0.1 0.166569
0.1 0.165786
0.1 0.164955
0.1 0.164084
0.1 0.163179
0.1 0.162248
0.1 0.161297
0.1 0.160334
0.1 0.159367
0.1 0.158403
0.1 0.157449
0.1 0.156512
0.1 0.155599
0.1 0.154715
0.1 0.153866
0.1 0.153058
0.1 0.152294
0.1 0.151579
0.1 0.150914
0.1 0.150303
0.1 0.149747
0.1 0.149245
0.1 0.148798
0.1 0.148405
0.1 0.148064
0.1 0.147771
0.1 0.147524
0.1 0.147319
0.1 0.14715
0.1 0.147013
0.1 0.146902
0.1 0.146811
0.1 0.146734
0.1 0.146665
0.1 0.146597
0.1 0.146525
0.1 0.146442
0.1 0.146345
0.1 0.146229
0.1 0.14609
0.1 0.145928
0.1 0.145742
0.1 0.145531
0.1 0.145299
0.1 0.145049
0.1 0.144785
0.1 0.144512
0.1 0.144235
0.1 0.143961
0.1 0.143695
0.1 0.143439
0.1 0.143199
0.1 0.142976
0.1 0.14277
0.1 0.142581
0.1 0.142407
0.1 0.142244
0.1 0.142091
0.1 0.141943
0.1 0.141798
0.1 0.141654
0.1 0.141508
0.1 0.141361
0.1 0.141213
0.1 0.141065
0.1 0.140918
0.1 0.140774
0.1 0.140635
0.1 0.140502
0.1 0.140375
0.1 0.140254
0.1 0.140139
0.1 0.140026
0.1 0.139915
0.1 0.139805
0.1 0.139693
0.1 0.139578
0.1 0.139462
0.1 0.139345
0.1 0.139228
0.1 0.139114
0.1 0.139004
0.1 0.138899
0.1 0.138803
0.1 0.138713
0.1 0.138631
0.1 0.138555
0.1 0.138483
0.1 0.138414
0.1 0.138345
0.1 0.138275
0.1 0.138204
0.1 0.138129
0.1 0.138053
0.1 0.137976
0.1 0.137899
0.1 0.137823
0.1 0.137749
0.1 0.137679
0.1 0.137612
0.1 0.137548
0.1 0.137488
0.1 0.13743
0.1 0.137375
0.1 0.13732
0.1 0.137266
0.1 0.137212
0.1 0.137158
0.1 0.137105
0.1 0.137053
0.1 0.137002
0.1 0.136951
0.1 0.136902
0.1 0.136853
0.1 0.136805
0.1 0.136757
0.1 0.136709
0.1 0.136662
0.1 0.136615
0.1 0.13657
0.1 0.136527
0.1 0.136486
0.1 0.136448
0.1 0.136411
0.1 0.136375
0.1 0.136339
0.1 0.136301
0.1 0.136263
0.1 0.136225
0.1 0.136186
0.1 0.136149
0.1 0.136114
0.1 0.136081
0.1 0.13605
0.1 0.13602
0.1 0.13599
0.1 0.13596
0.1 0.13593
0.1 0.1359
0.1 0.135871
0.1 0.135843
0.1 0.135815
0.1 0.135788
0.1 0.135762
0.1 0.135735
0.1 0.135708
0.1 0.135682
0.1 0.135657
0.1 0.135634
0.1 0.135611
0.1 0.135589
0.1 0.135566
0.1 0.135544
0.1 0.13552
0.1 0.135498
0.1 0.135475
0.1 0.135454
0.1 0.135434
0.1 0.135414
0.1 0.135395
0.1 0.135376
0.1 0.135357
0.1 0.135338
0.1 0.135319
0.1 0.135301
0.1 0.135283
0.1 0.135266
0.1 0.135249
0.1 0.135232
0.1 0.135215
0.1 0.1352
0.1 0.135184
0.1 0.135169
0.1 0.135154
0.1 0.135139
0.1 0.135124
0.1 0.135109
0.1 0.135095
0.1 0.135082
0.1 0.135068
0.1 0.135055
0.1 0.135042
0.1 0.135029
0.1 0.135016
0.1 0.135004
0.1 0.134991
0.1 0.134979
0.1 0.134967
0.1 0.134956
0.1 0.134945
0.1 0.134934
0.1 0.134923
0.1 0.134912
0.1 0.134901
0.1 0.134891
0.1 0.134881
0.1 0.134871
0.1 0.134861
0.1 0.134852
0.1 0.134842
0.1 0.134833
0.1 0.134824
0.1 0.134815
0.1 0.134806
0.1 0.134798
0.1 0.134789
0.1 0.134781
0.1 0.134773
0.1 0.134765
0.1 0.134757
0.1 0.134749
0.1 0.134742
0.1 0.134734
0.1 0.134727
0.1 0.13472
0.1 0.134713
0.1 0.134706
0.1 0.134699
0.1 0.134693
0.1 0.134686
0.1 0.134679
0.1 0.134673
0.1 0.134667
0.1 0.134661
0.1 0.134655
0.1 0.134649
0.1 0.134643
0.1 0.134637
0.1 0.134632
0.1 0.134626
0.1 0.134621
0.1 0.134616
0.1 0.13461
0.1 0.134605
0.1 0.1346
0.1 0.134595
0.1 0.134591
0.1 0.134586
0.1 0.134581
0.1 0.134577
0.1 0.134572
0.1 0.134568
0.1 0.134563
0.1 0.134559
0.1 0.134555
0.1 0.13455
0.1 0.134546
0.1 0.134542
0.1 0.134538
0.1 0.134535
0.1 0.134531
0.1 0.134527
0.1 0.134523
0.1 0.13452
0.1 0.134516
0.1 0.134512
0.1 0.134509
0.1 0.134505
0.1 0.134502
0.1 0.134499
0.1 0.134495
0.1 0.134492
0.1 0.134489
0.1 0.134486
0.1 0.134483
0.1 0.13448
0.1 0.134476
0.1 0.134473
0.1 0.13447
0.1 0.134468
0.1 0.134465
0.1 0.134462
0.1 0.134459
0.1 0.134456
0.1 0.134453
0.1 0.13445
0.1 0.134448
0.1 0.134445
0.1 0.134442
0.1 0.134439
0.1 0.134437
0.1 0.134434
0.1 0.134431
0.1 0.134428
0.1 0.134426
0.1 0.134423
0.1 0.13442
0.1 0.134418
0.1 0.134415
0.1 0.134412
0.1 0.134409
0.1 0.134407
0.1 0.134404
0.1 0.134401
0.1 0.134398
0.1 0.134395
0.1 0.134392
0.1 0.134389
0.1 0.134386
0.1 0.134383
0.1 0.13438
0.1 0.134377
0.1 0.134373
0.1 0.13437
0.1 0.134366
0.1 0.134363
0.1 0.134359
0.1 0.134355
0.1 0.134352
0.1 0.134348
0.1 0.134343
0.1 0.134339
0.1 0.134335
0.1 0.13433
0.1 0.134326
0.1 0.134321
0.1 0.134316
0.1 0.13431
0.1 0.134305
0.1 0.134299
0.1 0.134293
0.1 0.134287
0.1 0.134281
0.1 0.134274
0.1 0.134267
0.1 0.134259
0.1 0.134252
0.1 0.134244
0.1 0.134235
0.1 0.134226
0.1 0.134217
0.1 0.134207
0.1 0.134197
0.1 0.134187
0.1 0.134175
0.1 0.134164
0.1 0.134151
0.1 0.134138
0.1 0.134125
0.1 0.13411
0.1 0.134095
0.1 0.13408
0.1 0.134063
0.1 0.134045
0.1 0.134027
0.1 0.134008
0.1 0.133987
0.1 0.133966
0.1 0.133943
0.1 0.13392
0.1 0.133895
0.1 0.133868
0.1 0.13384
0.1 0.133811
0.1 0.133781
0.1 0.133748
0.1 0.133714
0.1 0.133678
0.1 0.13364
0.1 0.133601
0.1 0.133559
0.1 0.133515
0.1 0.133468
0.1 0.133419
0.1 0.133368
0.1 0.133314
0.1 0.133257
0.1 0.133196
0.1 0.133133
0.1 0.133067
0.1 0.132997
0.1 0.132923
0.1 0.132846
0.1 0.132764
0.1 0.132678
0.1 0.132588
0.1 0.132493
0.1 0.132394
0.1 0.132289
0.1 0.132179
0.1 0.132063
0.1 0.131942
0.1 0.131814
0.1 0.13168
0.1 0.131539
0.1 0.131392
0.1 0.131237
0.1 0.131074
0.1 0.130904
0.1 0.130725
0.1 0.130538
0.1 0.130342
0.1 0.130136
0.1 0.129921
0.1 0.129696
0.1 0.129461
0.1 0.129215
0.1 0.128957
0.1 0.128689
0.1 0.128408
0.1 0.128115
0.1 0.12781
0.1 0.127491
0.1 0.127159
0.1 0.126813
0.1 0.126454
0.1 0.126079
0.1 0.12569
0.1 0.125285
0.1 0.124865
0.1 0.124429
0.1 0.123977
0.1 0.123509
0.1 0.123023
0.1 0.122521
0.1 0.122002
0.1 0.121465
0.1 0.120911
0.1 0.120339
0.1 0.119749
0.1 0.119142
0.1 0.118516
0.1 0.117873
0.1 0.117212