-12 1 34.6213 37154.3 -38607.3 39003 -7.79598e-163 -4.99612e-161 1.92108e-158 
-11.988 1 34.5853 36693.3 -38141.6 38536.4 9.9424e-163 3.68453e-160 1.10914e-158 
-11.976 1 34.5493 36238 -37681.5 38076.2 2.23854e-162 -4.92758e-160 -1.54483e-157 
-11.964 1 34.5132 35788.1 -37226.8 37622.1 -1.08584e-161 -6.9587e-160 2.67573e-157 
-11.952 1 34.4772 35343.6 -36777.6 37172 1.3848e-161 5.13189e-159 1.54483e-157 
-11.9399 1 34.4412 34904.5 -36333.8 36728 3.11788e-161 -6.86324e-159 -2.15167e-156 
-11.9279 1 34.4051 34470.7 -35895.2 36290 -1.51238e-160 -9.69221e-159 3.7268e-156 
-11.9159 1 34.3691 34042.1 -35461.9 35855.9 1.92877e-160 7.1478e-158 2.15167e-156 
-11.9039 1 34.333 33618.7 -35033.8 35427.6 4.34264e-160 -9.55926e-158 -2.99689e-155 
-11.8919 1 34.297 33200.5 -34610.8 35005.1 -2.10647e-159 -1.34995e-157 5.19077e-155 
-11.8799 1 34.261 32787.2 -34192.8 34586.3 2.68644e-159 9.9556e-157 2.99689e-155 
-11.8679 1 34.2249 32379 -33779.9 34173.2 6.04852e-159 -1.33143e-156 -4.17413e-154 
-11.8559 1 34.1889 31975.7 -33371.8 33765.6 -2.93394e-158 -1.88024e-156 7.22981e-154 
-11.8438 1 34.1529 31577.2 -32968.7 33361.7 3.74172e-158 1.38664e-155 4.17413e-154 
-11.8318 1 34.1168 31183.6 -32570.3 32963.1 8.4245e-158 -1.85445e-155 -5.81382e-153 
-11.8198 1 34.0808 30794.7 -32176.8 32570 -4.08645e-157 -2.61884e-155 1.00698e-152 
-11.8078 1 34.0448 30410.6 -31787.9 32180.3 5.21155e-157 1.93134e-154 5.81382e-153 
-11.7958 1 34.0087 30031.1 -31403.6 31795.9 1.17338e-156 -2.58291e-154 -8.0976e-152 
-11.7838 1 33.9727 29656.1 -31024 31416.7 -5.69169e-156 -3.64757e-154 1.40255e-151 
-11.7718 1 33.9367 29285.7 -30648.9 31040.8 7.25875e-156 2.69e-153 8.0976e-152 
-11.7598 1 33.9006 28919.8 -30278.2 30670 1.63431e-155 -3.59753e-153 -1.12785e-150 
-11.7477 1 33.8646 28558.3 -29912 30304.1 -7.9275e-155 -5.08041e-153 1.95349e-150 
-11.7357 1 33.8285 28201.2 -29550.2 29941.6 1.01101e-154 3.74669e-152 1.12785e-150 
-11.7237 1 33.7925 27848.4 -29192.7 29583.9 2.2763e-154 -5.01071e-152 -1.57089e-149 
-11.7117 1 33.7565 27499.8 -28839.5 29231 -1.10416e-153 -7.07609e-152 2.72087e-149 
-11.6997 1 33.7204 27155.5 -28490.4 28881.3 1.40816e-153 5.21847e-151 1.57089e-149 
-11.6877 1 33.6844 26815.4 -28145.6 28536.2 3.17048e-153 -6.97902e-151 -2.18797e-148 
-11.6757 1 33.6484 26479.3 -27804.9 28195.8 -1.53789e-152 -9.85573e-151 3.78968e-148 
-11.6637 1 33.6123 26147.4 -27468.2 27858.4 1.96131e-152 7.26839e-150 2.18797e-148 
-11.6517 1 33.5763 25819.4 -27135.6 27525.6 4.41591e-152 -9.72053e-150 -3.04745e-147 
-11.6396 1 33.5403 25495.4 -26806.9 27197.2 -2.14201e-151 -1.37273e-149 5.27834e-147 
-11.6276 1 33.5042 25175.4 -26482.2 26871.8 2.73176e-151 1.01236e-148 3.04745e-147 
-11.6156 1 33.4682 24859.2 -26161.3 26550.8 6.15056e-151 -1.35389e-148 -4.24455e-146 
-11.6036 1 33.4321 24546.9 -25844.3 26234 -2.98343e-150 -1.91196e-148 7.35178e-146 
-11.5916 1 33.3961 24238.3 -25531.1 25920.1 3.80485e-150 1.41003e-147 4.24455e-146 
-11.5796 1 33.3601 23933.5 -25221.6 25610.4 8.56663e-150 -1.88573e-147 -5.9119e-145 
-11.5676 1 33.324 23632.4 -24915.8 25304.8 -4.15539e-149 -2.66302e-147 1.02397e-144 
-11.5556 1 33.288 23334.9 -24613.7 25002 5.29947e-149 1.96392e-146 5.9119e-145 
-11.5435 1 33.252 23041 -24315.1 24703.3 1.19318e-148 -2.62649e-146 -8.23421e-144 
-11.5315 1 33.2159 22750.7 -24020.2 24408.5 -5.78771e-148 -3.7091e-146 1.42621e-143 
-11.5195 1 33.1799 22464 -23728.7 24116.4 7.38121e-148 2.73538e-145 8.23421e-144 
-11.5075 1 33.1439 22180.7 -23440.8 23828.2 1.66188e-147 -3.65822e-145 -1.14688e-142 
-11.4955 1 33.1078 21900.8 -23156.3 23543.9 -8.06124e-147 -5.16612e-145 1.98645e-142 
-11.4835 1 33.0718 21624.3 -22875.2 23262.1 1.02807e-146 3.8099e-144 1.14688e-142 
-11.4715 1 33.0357 21351.2 -22597.4 22984.2 2.3147e-146 -5.09525e-144 -1.59739e-141 
-11.4595 1 32.9997 21081.4 -22323 22709.9 -1.12279e-145 -7.19547e-144 2.76677e-141 
-11.4474 1 32.9637 20814.9 -22051.8 22438.1 1.43192e-145 5.30651e-143 1.59739e-141 
-11.4354 1 32.9276 20551.7 -21783.9 22169.9 3.22397e-145 -7.09676e-143 -2.22488e-140 
-11.4234 1 32.8916 20291.6 -21519.2 21905.4 -1.56384e-144 -1.0022e-142 3.85361e-140 
-11.4114 1 32.8556 20034.7 -21257.6 21643.2 1.9944e-144 7.39101e-142 2.22488e-140 
-11.3994 1 32.8195 19780.9 -20999.2 21384.5 4.49041e-144 -9.88452e-142 -3.09886e-139 
-11.3874 1 32.7835 19530.2 -20743.9 21129.3 -2.17815e-143 -1.39588e-141 5.36739e-139 
-11.3754 1 32.7475 19282.5 -20491.6 20876.4 2.77784e-143 1.02943e-140 3.09886e-139 
-11.3634 1 32.7114 19037.9 -20242.3 20626.8 6.25433e-143 -1.37674e-140 -4.31616e-138 
-11.3514 1 32.6754 18796.2 -19996 20380.7 -3.03377e-142 -1.94422e-140 7.47581e-138 
-11.3393 1 32.6394 18557.5 -19752.7 20136.7 3.86904e-142 1.43382e-139 4.31616e-138 
-11.3273 1 32.6033 18321.7 -19512.3 19896 8.71115e-142 -1.91755e-139 -6.01164e-137 
-11.3153 1 32.5673 18088.7 -19274.7 19658.5 -4.22549e-141 -2.70794e-139 1.04125e-136 
-11.3033 1 32.5312 17858.6 -19040 19423.1 5.38887e-141 1.99705e-138 6.01164e-137 
-11.2913 1 32.4952 17631.3 -18808.1 19191 1.21331e-140 -2.6708e-138 -8.37313e-136 
-11.2793 1 32.4592 17406.7 -18578.9 18961.9 -5.88535e-140 -3.77168e-138 1.45027e-135 
-11.2673 1 32.4231 17184.9 -18352.5 18734.8 7.50573e-140 2.78153e-137 8.37313e-136 
-11.2553 1 32.3871 16965.8 -18128.8 18510.9 1.68992e-139 -3.71994e-137 -1.16623e-134 
-11.2432 1 32.3511 16749.4 -17907.8 18289.9 -8.19724e-139 -5.25327e-137 2.01996e-134 
-11.2312 1 32.315 16535.6 -17689.4 18070.9 1.04541e-138 3.87417e-136 1.16623e-134 
-11.2192 1 32.279 16324.4 -17473.7 17854.8 2.35375e-138 -5.18121e-136 -1.62434e-133 
-11.2072 1 32.243 16115.8 -17260.5 17641.6 -1.14173e-137 -7.31686e-136 2.81345e-133 
-11.1952 1 32.2069 15909.7 -17049.8 17430.4 1.45607e-137 5.39603e-135 1.62434e-133 
-11.1832 1 32.1709 15706.2 -16841.7 17221.9 3.27836e-137 -7.21649e-135 -2.26242e-132 
-11.1712 1 32.1348 15505.1 -16636.1 17016.3 -1.59022e-136 -1.01911e-134 3.91862e-132 
-11.1592 1 32.0988 15306.5 -16432.9 16812.5 2.02805e-136 7.5157e-134 2.26242e-132 
-11.1471 1 32.0628 15110.3 -16232.2 16611.5 4.56616e-136 -1.00513e-133 -3.15114e-131 
-11.1351 1 32.0267 14916.5 -16033.8 16413.1 -2.21489e-135 -1.41943e-133 5.45794e-131 
-11.1231 1 31.9907 14725.1 -15837.9 16216.5 2.82471e-135 1.0468e-132 3.15114e-131 
-11.1111 1 31.9547 14536 -15644.2 16022.5 6.35984e-135 -1.39996e-132 -4.38898e-130 
-11.0991 1 31.9186 14349.3 -15452.9 15831.2 -3.08495e-134 -1.97702e-132 7.60193e-130 
-11.0871 1 31.8826 14164.8 -15263.9 15641.5 3.93431e-134 1.45801e-131 4.38898e-130 
-11.0751 1 31.8466 13982.6 -15077.1 15454.5 8.85812e-134 -1.9499e-131 -6.11305e-129 
-11.0631 1 31.8105 13802.6 -14892.6 15269.9 -4.29678e-133 -2.75363e-131 1.05881e-128 
-11.0511 1 31.7745 13624.8 -14710.3 15086.9 5.47979e-133 2.03074e-130 6.11305e-129 
-11.039 1 31.7385 13449.1 -14530.1 14906.4 1.23378e-132 -2.71585e-130 -8.51439e-128 
-11.027 1 31.7024 13275.7 -14352.2 14728.4 -5.98464e-132 -3.83531e-130 1.47474e-127 
-11.015 1 31.6664 13104.3 -14176.3 14551.9 7.63236e-132 2.82846e-129 8.51439e-128 
-11.003 1 31.6303 12935.1 -14002.6 14377.8 1.71843e-131 -3.7827e-129 -1.1859e-126 
-10.991 1 31.5943 12767.9 -13830.9 14206 -8.33553e-131 -5.3419e-129 2.05404e-126 
-10.979 1 31.5583 12602.8 -13661.3 14035.8 1.06305e-130 3.93953e-128 1.1859e-126 
-10.967 1 31.5222 12439.7 -13493.7 13867.8 2.39346e-130 -5.26862e-128 -1.65175e-125 
-10.955 1 31.4862 12278.6 -13328.1 13702.1 -1.16099e-129 -7.4403e-128 2.86091e-125 
-10.9429 1 31.4502 12119.5 -13164.5 13537.9 1.48064e-129 5.48706e-127 1.65175e-125 
-10.9309 1 31.4141 11962.4 -13002.9 13375.8 3.33366e-129 -7.33824e-127 -2.30059e-124 
-10.9189 1 31.3781 11807.1 -12843.1 13216 -1.61705e-128 -1.0363e-126 3.98473e-124 
-10.9069 1 31.3421 11653.8 -12685.4 13057.5 2.06226e-128 7.64249e-126 2.30059e-124 
-10.8949 1 31.306 11502.4 -12529.4 12901.2 4.64319e-128 -1.02208e-125 -3.2043e-123 
-10.8829 1 31.27 11352.8 -12375.4 12747 -2.25226e-127 -1.44338e-125 5.55002e-123 
-10.8709 1 31.2339 11205.1 -12223.2 12594.2 2.87236e-127 1.06446e-124 3.2043e-123 
-10.8589 1 31.1979 11059.1 -12072.8 12443.4 6.46714e-127 -1.42358e-124 -4.46302e-122 
-10.8468 1 31.1619 10915 -11924.3 12294.7 -3.13699e-126 -2.01037e-124 7.73018e-122 
-10.8348 1 31.1258 10772.7 -11777.5 12147.2 4.00068e-126 1.4826e-123 4.46302e-122 
-10.8228 1 31.0898 10632.1 -11632.4 12001.8 9.00756e-126 -1.98279e-123 -6.21619e-121 
-10.8108 1 31.0538 10493.2 -11489.1 11858.3 -4.36927e-125 -2.80008e-123 1.07667e-120 
-10.7988 1 31.0177 10356 -11347.5 11716 5.57223e-125 2.065e-122 6.21619e-121 
-10.7868 1 30.9817 10220.6 -11207.6 11575.7 1.25459e-124 -2.76167e-122 -8.65803e-120 
-10.7748 1 30.9457 10086.8 -11069.4 11437.3 -6.0856e-124 -3.90001e-122 1.49961e-119 
-10.7628 1 30.9096 9954.64 -10932.9 11300.1 7.76112e-124 2.87618e-121 8.65803e-120 
-10.7508 1 30.8736 9824.13 -10798 11164.7 1.74742e-123 -3.84651e-121 -1.20591e-118 
-10.7387 1 30.8376 9695.23 -10664.6 11031.1 -8.47615e-123 -5.43202e-121 2.08869e-118 
-10.7267 1 30.8015 9567.91 -10532.9 10898.8 1.08098e-122 4.006e-120 1.20591e-118 
-10.7147 1 30.7655 9442.18 -10402.8 10768.2 2.43384e-122 -5.3575e-120 -1.67961e-117 
-10.7027 1 30.7294 9317.99 -10274.2 10639.3 -1.18058e-121 -7.56582e-120 2.90918e-117 
-10.6907 1 30.6934 9195.34 -10147.2 10511.6 1.50562e-121 5.57963e-119 1.67961e-117 
-10.6787 1 30.6574 9074.21 -10021.7 10385.7 3.3899e-121 -7.46204e-119 -2.3394e-116 
-10.6667 1 30.6213 8954.57 -9897.69 10261.4 -1.64433e-120 -1.05378e-118 4.05196e-116 
-10.6547 1 30.5853 8836.42 -9775.17 10138.2 2.09705e-120 7.77143e-118 2.3394e-116 
-10.6426 1 30.5493 8719.73 -9654.12 10016.6 4.72153e-120 -1.03933e-117 -3.25836e-115 
-10.6306 1 30.5132 8604.48 -9534.53 9896.73 -2.29026e-119 -1.46773e-117 5.64365e-115 
-10.6186 1 30.4772 8490.67 -9416.36 9777.89 2.92082e-119 1.08242e-116 3.25836e-115 
-10.6066 1 30.4412 8378.26 -9299.62 9660.64 6.57624e-119 -1.4476e-116 -4.53831e-114 
-10.5946 1 30.4051 8267.25 -9184.27 9544.96 -3.18992e-118 -2.04429e-116 7.86059e-114 
-10.5826 1 30.3691 8157.61 -9070.31 9430.31 4.06818e-118 1.50762e-115 4.53831e-114 
-10.5706 1 30.333 8049.33 -8957.71 9317.2 9.15952e-118 -2.01624e-115 -6.32106e-113 
-10.5586 1 30.297 7942.4 -8846.46 9205.59 -4.44298e-117 -2.84732e-115 1.09484e-112 
-10.5465 1 30.261 7836.8 -8736.55 9094.99 5.66624e-117 2.09984e-114 6.32106e-113 
-10.5345 1 30.2249 7732.51 -8627.96 8985.86 1.27576e-116 -2.80826e-114 -8.80409e-112 
-10.5225 1 30.1889 7629.52 -8520.67 8878.2 -6.18827e-116 -3.96581e-114 1.52491e-111 
-10.5105 1 30.1529 7527.81 -8414.67 8771.49 7.89205e-116 2.9247e-113 8.80409e-112 
-10.4985 1 30.1168 7427.36 -8309.93 8666.21 1.7769e-115 -3.91141e-113 -1.22625e-110 
-10.4865 1 30.0808 7328.16 -8206.46 8562.34 -8.61915e-115 -5.52366e-113 2.12393e-110 
-10.4745 1 30.0448 7230.2 -8104.23 8459.4 1.09922e-114 4.07358e-112 1.22625e-110 
-10.4625 1 30.0087 7133.46 -8003.23 8357.83 2.4749e-114 -5.44788e-112 -1.70795e-109 
-10.4505 1 29.9727 7037.93 -7903.44 8257.62 -1.20049e-113 -7.69346e-112 2.95825e-109 
-10.4384 1 29.9367 6943.58 -7804.84 8158.31 1.53102e-113 5.67376e-111 1.70795e-109 
-10.4264 1 29.9006 6850.42 -7707.44 8060.32 3.44709e-113 -7.58792e-111 -2.37887e-108 
-10.4144 1 29.8646 6758.42 -7611.2 7963.64 -1.67207e-112 -1.07156e-110 4.12032e-108 
-10.4024 1 29.8285 6667.56 -7516.12 7867.82 2.13243e-112 7.90253e-110 2.37887e-108 
-10.3904 1 29.7925 6577.84 -7422.17 7773.29 4.80118e-112 -1.05686e-109 -3.31333e-107 
-10.3784 1 29.7565 6489.25 -7329.36 7680.02 -2.32889e-111 -1.49249e-109 5.73886e-107 
-10.3664 1 29.7204 6401.76 -7237.67 7587.57 2.9701e-111 1.10068e-108 3.31333e-107 
-10.3544 1 29.6844 6315.37 -7147.07 7496.37 6.68718e-111 -1.47202e-108 -4.61488e-106 
-10.3423 1 29.6484 6230.05 -7057.57 7406.38 -3.24373e-110 -2.07877e-108 7.9932e-106 
-10.3303 1 29.6123 6145.81 -6969.14 7317.19 4.13681e-110 1.53305e-107 4.61488e-106 
-10.3183 1 29.5763 6062.62 -6881.78 7229.2 9.31405e-110 -2.05026e-107 -6.4277e-105 
-10.3063 1 29.5403 5980.48 -6795.46 7142.38 -4.51793e-109 -2.89536e-107 1.11331e-104 
-10.2943 1 29.5042 5899.36 -6710.19 7056.33 5.76183e-109 2.13526e-106 6.4277e-105 
-10.2823 1 29.4682 5819.27 -6625.94 6971.44 1.29728e-108 -2.85564e-106 -8.95262e-104 
-10.2703 1 29.4321 5740.18 -6542.7 6887.67 -6.29267e-108 -4.03271e-106 1.55064e-103 
-10.2583 1 29.3961 5662.08 -6460.46 6804.66 8.0252e-108 2.97404e-105 8.95262e-104 
-10.2462 1 29.3601 5584.97 -6379.22 6722.75 1.80688e-107 -3.97739e-105 -1.24694e-102 
-10.2342 1 29.324 5508.82 -6298.95 6641.93 -8.76456e-107 -5.61685e-105 2.15976e-102 
-10.2222 1 29.288 5433.64 -6219.65 6561.84 1.11777e-106 4.1423e-104 1.24694e-102 
-10.2102 1 29.252 5359.4 -6141.31 6482.81 2.51665e-106 -5.53979e-104 -1.73676e-101 
-10.1982 1 29.2159 5286.09 -6063.9 6404.84 -1.22075e-105 -7.82326e-104 3.00816e-101 
-10.1862 1 29.1799 5213.72 -5987.43 6327.56 1.55685e-105 5.76948e-103 1.73676e-101 
-10.1742 1 29.1439 5142.25 -5911.89 6251.31 3.50525e-105 -7.71594e-103 -2.419e-100 
-10.1622 1 29.1078 5071.68 -5837.25 6176.08 -1.70028e-104 -1.08964e-102 4.18983e-100 
-10.1502 1 29.0718 5002.01 -5763.51 6101.52 2.16841e-104 8.03585e-102 2.419e-100 
-10.1381 1 29.0357 4933.22 -5690.66 6027.95 4.88218e-104 -1.07469e-101 -3.36923e-99 
-10.1261 1 28.9997 4865.3 -5618.69 5955.37 -2.36818e-103 -1.51767e-101 5.83568e-99 
-10.1141 1 28.9637 4798.23 -5547.59 5883.43 3.0202e-103 1.11925e-100 3.36923e-99 
-10.1021 1 28.9276 4732.02 -5477.34 5812.45 6.8e-103 -1.49685e-100 -4.69273e-98 
-10.0901 1 28.8916 4666.64 -5407.95 5742.41 -3.29845e-102 -2.11384e-100 8.12805e-98 
-10.0781 1 28.8556 4602.09 -5339.39 5673 4.2066e-102 1.55891e-99 4.69273e-98 
-10.0661 1 28.8195 4538.36 -5271.65 5604.51 9.47118e-102 -2.08485e-99 -6.53613e-97 
-10.0541 1 28.7835 4475.44 -5204.74 5536.94 -4.59415e-101 -2.9442e-99 1.13209e-96 
-10.042 1 28.7475 4413.32 -5138.63 5469.96 5.85904e-101 2.17129e-98 6.53613e-97 
-10.03 1 28.7114 4351.99 -5073.32 5403.89 1.31917e-100 -2.90382e-98 -9.10366e-96 
-10.018 1 28.6754 4291.44 -5008.81 5338.68 -6.39883e-100 -4.10075e-98 1.5768e-95 
-10.006 1 28.6394 4231.65 -4945.07 5274.06 8.16059e-100 3.02421e-97 9.10366e-96 
-9.99399 1 28.6033 4172.63 -4882.1 5210.3 1.83736e-99 -4.04449e-97 -1.26798e-94 
-9.98198 1 28.5673 4114.36 -4819.89 5147.39 -8.91242e-99 -5.7116e-97 2.1962e-94 
-9.96997 1 28.5312 4056.84 -4758.44 5085.04 1.13662e-98 4.21219e-96 1.26798e-94 
-9.95796 1 28.4952 4000.04 -4697.72 5023.51 2.55911e-98 -5.63325e-96 -1.76606e-93 
-9.94595 1 28.4592 3943.98 -4637.75 4962.81 -1.24134e-97 -7.95524e-96 3.05891e-93 
-9.93393 1 28.4231 3888.62 -4578.5 4902.65 1.58311e-97 5.86682e-95 1.76606e-93 
-9.92192 1 28.3871 3833.98 -4519.96 4843.28 3.56438e-97 -7.84611e-95 -2.45981e-92 
-9.90991 1 28.3511 3780.03 -4462.14 4784.71 -1.72896e-96 -1.10802e-94 4.26051e-92 
-9.8979 1 28.315 3726.78 -4405.01 4726.65 2.20499e-96 8.17142e-94 2.45981e-92 
-9.88589 1 28.279 3674.2 -4348.58 4669.37 4.96455e-96 -1.09282e-93 -3.42607e-91 
-9.87387 1 28.243 3622.3 -4292.83 4612.85 -2.40814e-95 -1.54328e-93 5.93413e-91 
-9.86186 1 28.2069 3571.07 -4237.76 4556.83 3.07115e-95 1.13813e-92 3.42607e-91 
-9.84985 1 28.1709 3520.49 -4183.36 4501.56 6.91472e-95 -1.5221e-92 -4.7719e-90 
-9.83784 1 28.1348 3470.57 -4129.61 4447.02 -3.3541e-94 -2.14951e-92 8.26518e-90 
-9.82583 1 28.0988 3421.28 -4076.52 4392.97 4.27757e-94 1.58521e-91 4.7719e-90 
-9.81381 1 28.0628 3372.63 -4024.07 4339.63 9.63096e-94 -2.12002e-91 -6.6464e-89 
-9.8018 1 28.0267 3324.6 -3972.26 4287 -4.67166e-93 -2.99387e-91 1.15119e-88 
-9.78979 1 27.9907 3277.2 -3921.08 4234.84 5.95788e-93 2.20792e-90 6.6464e-89 
-9.77778 1 27.9547 3230.4 -3870.52 4183.38 1.34142e-92 -2.9528e-90 -9.25724e-88 
-9.76577 1 27.9186 3184.21 -3820.58 4132.59 -6.50678e-92 -4.16993e-90 1.6034e-87 
-9.75375 1 27.8826 3138.61 -3771.24 4082.26 8.29826e-92 3.07523e-89 9.25724e-88 
-9.74174 1 27.8466 3093.61 -3722.5 4032.59 1.86836e-91 -4.11273e-89 -1.28937e-86 
-9.72973 1 27.8105 3049.18 -3674.36 3983.59 -9.06278e-91 -5.80796e-89 2.23325e-86 
-9.71772 1 27.7745 3005.33 -3626.8 3935.01 1.1558e-90 4.28325e-88 1.28937e-86 
-9.70571 1 27.7385 2962.05 -3579.82 3887.09 2.60229e-90 -5.72829e-88 -1.79586e-85 
-9.69369 1 27.7024 2919.33 -3533.41 3839.8 -1.26228e-89 -8.08945e-88 3.11052e-85 
-9.68168 1 27.6664 2877.16 -3487.57 3792.93 1.60982e-89 5.96579e-87 1.79586e-85 
-9.66967 1 27.6303 2835.54 -3442.29 3746.68 3.62452e-89 -7.97848e-87 -2.50131e-84 
-9.65766 1 27.5943 2794.46 -3397.56 3701.04 -1.75813e-88 -1.12671e-86 4.33239e-84 
-9.64565 1 27.5583 2753.91 -3353.37 3655.81 2.24219e-88 8.30928e-86 2.50131e-84 
-9.63363 1 27.5222 2713.9 -3309.73 3611.18 5.0483e-88 -1.11126e-85 -3.48387e-83 
-9.62162 1 27.4862 2674.4 -3266.62 3567.14 -2.44876e-87 -1.56931e-85 6.03424e-83 
-9.60961 1 27.4502 2635.42 -3224.03 3523.49 3.12297e-87 1.15733e-84 3.48387e-83 
-9.5976 1 27.4141 2596.94 -3181.96 3480.42 7.03138e-87 -1.54778e-84 -4.85241e-82 
-9.58559 1 27.3781 2558.97 -3140.41 3437.92 -3.41069e-86 -2.18577e-84 8.40461e-82 
-9.57357 1 27.3421 2521.5 -3099.37 3395.79 4.34973e-86 1.61196e-83 4.85241e-82 
-9.56156 1 27.306 2484.51 -3058.83 3354.23 9.79344e-86 -2.15578e-83 -6.75853e-81 
-9.54955 1 27.27 2448.01 -3018.79 3313.21 -4.75047e-85 -3.04438e-83 1.17061e-80 
-9.53754 1 27.2339 2411.98 -2979.23 3272.56 6.0584e-85 2.24517e-82 6.75853e-81 
-9.52553 1 27.1979 2376.43 -2940.16 3232.45 1.36405e-84 -3.00262e-82 -9.41342e-80 
-9.51351 1 27.1619 2341.35 -2901.57 3192.87 -6.61656e-84 -4.24028e-82 1.63045e-79 
-9.5015 1 27.1258 2306.72 -2863.46 3153.64 8.43826e-84 3.12711e-81 9.41342e-80 
-9.48949 1 27.0898 2272.55 -2825.81 3114.93 1.89988e-83 -4.18211e-81 -1.31112e-78 
-9.47748 1 27.0538 2238.83 -2788.62 3076.73 -9.21567e-83 -5.90595e-81 2.27093e-78 
-9.46547 1 27.0177 2205.56 -2751.89 3038.87 1.1753e-82 4.35551e-80 1.31112e-78 
-9.45345 1 26.9817 2172.72 -2715.61 3001.51 2.64619e-82 -5.82493e-80 -1.82615e-77 
-9.44144 1 26.9457 2140.32 -2679.78 2964.64 -1.28358e-81 -8.22592e-80 3.16299e-77 
-9.42943 1 26.9096 2108.34 -2644.39 2928.1 1.63698e-81 6.06644e-79 1.82615e-77 
-9.41742 1 26.8736 2076.79 -2609.44 2892.05 3.68566e-81 -8.11308e-79 -2.54351e-76 
-9.40541 1 26.8376 2045.65 -2574.91 2856.47 -1.78779e-80 -1.14572e-78 4.40548e-76 
-9.39339 1 26.8015 2014.92 -2540.81 2821.2 2.28002e-80 8.44946e-78 2.54351e-76 
-9.38138 1 26.7655 1984.61 -2507.13 2786.41 5.13347e-80 -1.13001e-77 -3.54265e-75 
-9.36937 1 26.7294 1954.69 -2473.87 2752.07 -2.49007e-79 -1.59579e-77 6.13604e-75 
-9.35736 1 26.6934 1925.17 -2441.02 2718.04 3.17565e-79 1.17686e-76 3.54265e-75 
-9.34535 1 26.6574 1896.05 -2408.57 2684.45 7.15e-79 -1.5739e-76 -4.93427e-74 
-9.33333 1 26.6213 1867.31 -2376.52 2651.31 -3.46823e-78 -2.22264e-76 8.5464e-74 
-9.32132 1 26.5853 1838.95 -2344.87 2618.47 4.42311e-78 1.63915e-75 4.93427e-74 
-9.30931 1 26.5493 1810.97 -2313.61 2586.06 9.95866e-78 -2.19215e-75 -6.87255e-73 
-9.2973 1 26.5132 1783.37 -2282.74 2554.07 -4.83062e-77 -3.09574e-75 1.19036e-72 
-9.28529 1 26.4772 1756.13 -2252.25 2522.37 6.1606e-77 2.28304e-74 6.87255e-73 
-9.27327 1 26.4412 1729.26 -2222.14 2491.09 1.38706e-76 -3.05328e-74 -9.57223e-72 
-9.26126 1 26.4051 1702.74 -2192.41 2460.22 -6.72818e-76 -4.31181e-74 1.65796e-71 
-9.24925 1 26.3691 1676.59 -2163.04 2429.63 8.58061e-76 3.17987e-73 9.57223e-72 
-9.23724 1 26.333 1650.78 -2134.04 2399.44 1.93193e-75 -4.25266e-73 -1.33324e-70 
-9.22523 1 26.297 1625.32 -2105.39 2369.65 -9.37115e-75 -6.00558e-73 2.30924e-70 
-9.21321 1 26.261 1600.2 -2077.11 2340.12 1.19513e-74 4.42899e-72 1.33324e-70 
-9.2012 1 26.2249 1575.42 -2049.17 2310.98 2.69083e-74 -5.9232e-72 -1.85696e-69 
-9.18919 1 26.1889 1550.97 -2021.59 2282.23 -1.30523e-73 -8.3647e-72 3.21635e-69 
-9.17718 1 26.1529 1526.85 -1994.34 2253.73 1.66459e-73 6.16878e-71 1.85696e-69 
-9.16517 1 26.1168 1503.05 -1967.44 2225.61 3.74784e-73 -8.24995e-71 -2.58642e-68 
-9.15315 1 26.0808 1479.58 -1940.87 2197.86 -1.81795e-72 -1.16505e-70 4.4798e-68 
-9.14114 1 26.0448 1456.42 -1914.64 2170.36 2.31848e-72 8.59201e-70 2.58642e-68 
-9.12913 1 26.0087 1433.58 -1888.73 2143.22 5.22007e-72 -1.14907e-69 -3.60241e-67 
-9.11712 1 25.9727 1411.05 -1863.15 2116.44 -2.53208e-71 -1.62271e-69 6.23956e-67 
-9.10511 1 25.9367 1388.82 -1837.89 2089.89 3.22923e-71 1.19671e-68 3.60241e-67 
-9.09309 1 25.9006 1366.89 -1812.94 2063.7 7.27062e-71 -1.60045e-68 -5.01751e-66 
-9.08108 1 25.8646 1345.26 -1788.31 2037.85 -3.52674e-70 -2.26014e-68 8.69059e-66 
-9.06907 1 25.8285 1323.93 -1763.98 2012.23 4.49773e-70 1.66681e-67 5.01751e-66 
-9.05706 1 25.7925 1302.89 -1739.96 1986.95 1.01267e-69 -2.22914e-67 -6.98849e-65 
-9.04505 1 25.7565 1282.13 -1716.25 1962.01 -4.91211e-69 -3.14797e-67 1.21044e-64 
-9.03303 1 25.7204 1261.65 -1692.83 1937.28 6.26454e-69 2.32156e-66 6.98849e-65 
-9.02102 1 25.6844 1241.46 -1669.7 1912.88 1.41046e-68 -3.10479e-66 -9.73372e-64 
-9.00901 1 25.6484 1221.54 -1646.87 1888.81 -6.84169e-68 -4.38456e-66 1.68593e-63 
-8.997 1 25.6123 1201.89 -1624.33 1864.94 8.72537e-68 3.23352e-65 9.73372e-64 
-8.98498 1 25.5763 1182.51 -1602.06 1841.4 1.96452e-67 -4.32441e-65 -1.35573e-62 
-8.97297 1 25.5403 1163.4 -1580.09 1818.16 -9.52924e-67 -6.1069e-65 2.3482e-62 
-8.96096 1 25.5042 1144.55 -1558.39 1795.13 1.21529e-66 4.50371e-64 1.35573e-62 
-8.94895 1 25.4682 1125.96 -1536.96 1772.41 2.73623e-66 -6.02313e-64 -1.88829e-61 
-8.93694 1 25.4321 1107.63 -1515.8 1749.98 -1.32725e-65 -8.50581e-64 3.27062e-61 
-8.92492 1 25.3961 1089.55 -1494.92 1727.76 1.69268e-65 6.27286e-63 1.88829e-61 
-8.91291 1 25.3601 1071.71 -1474.29 1705.83 3.81107e-65 -8.38913e-63 -2.63005e-60 
-8.9009 1 25.324 1054.13 -1453.93 1684.19 -1.84862e-64 -1.18471e-62 4.55538e-60 
-8.88889 1 25.288 1036.78 -1433.83 1662.74 2.3576e-64 8.73696e-62 2.63005e-60 
-8.87688 1 25.252 1019.68 -1413.99 1641.58 5.30814e-64 -1.16846e-61 -3.66319e-59 
-8.86486 1 25.2159 1002.81 -1394.39 1620.69 -2.5748e-63 -1.65008e-61 6.34483e-59 
-8.85285 1 25.1799 986.18 -1375.05 1599.99 3.28371e-63 1.2169e-60 3.66319e-59 
-8.84084 1 25.1439 969.777 -1355.95 1579.57 7.39328e-63 -1.62745e-60 -5.10216e-58 
-8.82883 1 25.1078 953.603 -1337.1 1559.42 -3.58624e-62 -2.29827e-60 8.8372e-58 
-8.81682 1 25.0718 937.654 -1318.49 1539.44 4.57361e-62 1.69493e-59 5.10216e-58 
-8.8048 1 25.0357 921.927 -1300.12 1519.73 1.02975e-61 -2.26674e-59 -7.10639e-57 
-8.79279 1 24.9997 906.419 -1281.98 1500.29 -4.99498e-61 -3.20108e-59 1.23086e-56 
-8.78078 1 24.9637 891.127 -1264.07 1481.01 6.37022e-61 2.36073e-58 7.10639e-57 
-8.76877 1 24.9276 876.05 -1246.4 1461.99 1.43426e-60 -3.15717e-58 -9.89793e-56 
-8.75676 1 24.8916 861.183 -1228.95 1443.23 -6.95711e-60 -4.45853e-58 1.71437e-55 
-8.74474 1 24.8556 846.524 -1211.73 1424.63 8.87257e-60 3.28807e-57 9.89793e-56 
-8.73273 1 24.8195 832.072 -1194.72 1406.28 1.99766e-59 -4.39736e-57 -1.3786e-54 
-8.72072 1 24.7835 817.822 -1177.94 1388.17 -9.69001e-59 -6.20993e-57 2.38781e-54 
-8.70871 1 24.7475 803.772 -1161.37 1370.22 1.23579e-58 4.57969e-56 1.3786e-54 
-8.6967 1 24.7114 789.92 -1145.02 1352.52 2.78239e-58 -6.12474e-56 -1.92015e-53 
-8.68468 1 24.6754 776.263 -1128.88 1335.05 -1.34964e-57 -8.64931e-56 3.32579e-53 
-8.67267 1 24.6394 762.799 -1112.95 1317.73 1.72123e-57 6.37868e-55 1.92015e-53 
-8.66066 1 24.6033 749.525 -1097.22 1300.65 3.87537e-57 -8.53066e-55 -2.67442e-52 
-8.64865 1 24.5673 736.438 -1081.7 1283.79 -1.87981e-56 -1.20469e-54 4.63223e-52 
-8.63664 1 24.5312 723.537 -1066.38 1267.08 2.39737e-56 8.88436e-54 2.67442e-52 
-8.62462 1 24.4952 710.819 -1051.26 1250.6 5.39769e-56 -1.18817e-53 -3.72499e-51 
-8.61261 1 24.4592 698.281 -1036.33 1234.34 -2.61824e-55 -1.67792e-53 6.45187e-51 
-8.6006 1 24.4231 685.921 -1021.6 1218.22 3.3391e-55 1.23743e-52 3.72499e-51 
-8.58859 1 24.3871 673.737 -1007.07 1202.32 7.51801e-55 -1.6549e-52 -5.18824e-50 
-8.57658 1 24.3511 661.726 -992.719 1186.63 -3.64674e-54 -2.33704e-52 8.98629e-50 
-8.56456 1 24.315 649.887 -978.559 1171.08 4.65077e-54 1.72352e-51 5.18824e-50 
-8.55255 1 24.279 638.217 -964.584 1155.74 1.04712e-53 -2.30498e-51 -7.22628e-49 
-8.54054 1 24.243 626.713 -950.793 1140.61 -5.07925e-53 -3.25508e-51 1.25163e-48 
-8.52853 1 24.2069 615.374 -937.182 1125.61 6.47769e-53 2.40055e-50 7.22628e-49 
-8.51652 1 24.1709 604.198 -923.75 1110.81 1.45846e-52 -3.21043e-50 -1.00649e-47 
-8.5045 1 24.1348 593.181 -910.495 1096.21 -7.07448e-52 -4.53374e-50 1.74329e-47 
-8.49249 1 24.0988 582.323 -897.414 1081.75 9.02226e-52 3.34354e-49 1.00649e-47 
-8.48048 1 24.0628 571.621 -884.506 1067.48 2.03137e-51 -4.47155e-49 -1.40186e-46 
-8.46847 1 24.0267 561.073 -871.768 1053.39 -9.85348e-51 -6.31469e-49 2.4281e-46 
-8.45646 1 23.9907 550.677 -859.199 1039.44 1.25664e-50 4.65695e-48 1.40186e-46 
-8.44444 1 23.9547 540.431 -846.796 1025.68 2.82933e-50 -6.22807e-48 -1.95254e-45 
-8.43243 1 23.9186 530.333 -834.557 1012.1 -1.37241e-49 -8.79523e-48 3.3819e-45 
-8.42042 1 23.8826 520.381 -822.481 998.64 1.75027e-49 6.48629e-47 1.95254e-45 
-8.40841 1 23.8466 510.573 -810.565 985.365 3.94075e-49 -8.67458e-47 -2.71954e-44 
-8.3964 1 23.8105 500.907 -798.808 972.27 -1.91153e-48 -1.22502e-46 4.71038e-44 
-8.38438 1 23.7745 491.382 -787.207 959.293 2.43781e-48 9.03424e-46 2.71954e-44 
-8.37237 1 23.7385 481.995 -775.761 946.492 5.48875e-48 -1.20821e-45 -3.78783e-43 
-8.36036 1 23.7024 472.744 -764.468 933.864 -2.66241e-47 -1.70623e-45 6.56071e-43 
-8.34835 1 23.6664 463.628 -753.326 921.352 3.39544e-47 1.25831e-44 3.78783e-43 
-8.33634 1 23.6303 454.646 -742.333 909.009 7.64484e-47 -1.68282e-44 -5.27577e-42 
-8.32432 1 23.5943 445.794 -731.487 896.834 -3.70826e-46 -2.37647e-44 9.13789e-42 
-8.31231 1 23.5583 437.072 -720.787 884.77 4.72923e-46 1.7526e-43 5.27577e-42 
-8.3003 1 23.5222 428.477 -710.231 872.871 1.06479e-45 -2.34387e-43 -7.34819e-41 
-8.28829 1 23.4862 420.009 -699.816 861.133 -5.16494e-45 -3.31e-43 1.27274e-40 
-8.27628 1 23.4502 411.664 -689.542 849.503 6.58697e-45 2.44105e-42 7.34819e-41 
-8.26426 1 23.4141 403.443 -679.407 838.032 1.48306e-44 -3.26459e-42 -1.02347e-39 
-8.25225 1 23.3781 395.342 -669.409 826.717 -7.19383e-44 -4.61023e-42 1.7727e-39 
-8.24024 1 23.3421 387.36 -659.546 815.507 9.17447e-44 3.39995e-41 1.02347e-39 
-8.22823 1 23.306 379.496 -649.816 804.45 2.06564e-43 -4.54699e-41 -1.42551e-38 
-8.21622 1 23.27 371.748 -640.219 793.544 -1.00197e-42 -6.42122e-41 2.46906e-38 
-8.2042 1 23.2339 364.115 -630.752 782.739 1.27784e-42 4.73551e-40 1.42551e-38 
-8.19219 1 23.1979 356.595 -621.414 772.083 2.87706e-42 -6.33314e-40 -1.98548e-37 
-8.18018 1 23.1619 349.186 -612.203 761.573 -1.39557e-41 -8.94361e-40 3.43896e-37 
-8.16817 1 23.1258 341.887 -603.118 751.161 1.7798e-41 6.59572e-39 1.98548e-37 
-8.15616 1 23.0898 334.696 -594.156 740.892 4.00723e-41 -8.82092e-39 -2.76542e-36 
-8.14414 1 23.0538 327.612 -585.318 730.765 -1.94377e-40 -1.24568e-38 4.78985e-36 
-8.13213 1 23.0177 320.634 -576.6 720.731 2.47894e-40 9.18665e-38 2.76542e-36 
-8.12012 1 22.9817 313.759 -568.002 710.837 5.58135e-40 -1.2286e-37 -3.85173e-35 
-8.10811 1 22.9457 306.987 -559.523 701.08 -2.70733e-39 -1.73501e-37 6.6714e-35 
-8.0961 1 22.9096 300.317 -551.159 691.413 3.45272e-39 1.27954e-36 3.85173e-35 
-8.08408 1 22.8736 293.746 -542.911 681.882 7.77382e-39 -1.71121e-36 -5.36477e-34 
-8.07207 1 22.8376 287.273 -534.777 672.482 -3.77082e-38 -2.41656e-36 9.29206e-34 
-8.06006 1 22.8015 280.898 -526.756 663.17 4.80902e-38 1.78216e-35 5.36477e-34 
-8.04805 1 22.7655 274.618 -518.845 653.989 1.08275e-37 -2.38341e-35 -7.47216e-33 
-8.03604 1 22.7294 268.433 -511.044 644.936 -5.25208e-37 -3.36584e-35 1.29422e-32 
-8.02402 1 22.6934 262.34 -503.351 635.967 6.6981e-37 2.48223e-34 7.47216e-33 
-8.01201 1 22.6574 256.34 -495.764 627.124 1.50808e-36 -3.31967e-34 -1.04074e-31 
-8 1 22.6213 250.43 -488.284 618.405 -7.3152e-36 -4.68801e-34 1.80261e-31 
-7.98799 1 22.5853 244.609 -480.908 609.769 9.32925e-36 3.45731e-33 1.04074e-31 
-7.97598 1 22.5493 238.876 -473.634 601.254 2.10048e-35 -4.6237e-33 -1.44956e-30 
-7.96396 1 22.5132 233.23 -466.463 592.859 -1.01888e-34 -6.52955e-33 2.51071e-30 
-7.95195 1 22.4772 227.669 -459.391 584.543 1.2994e-34 4.81541e-32 1.44956e-30 
-7.93994 1 22.4412 222.193 -452.419 576.345 2.9256e-34 -6.43998e-32 -2.01898e-29 
-7.92793 1 22.4051 216.8 -445.545 568.262 -1.41911e-33 -9.09449e-32 3.49697e-29 
-7.91592 1 22.3691 211.489 -438.767 560.257 1.80983e-33 6.70699e-31 2.01898e-29 
-7.9039 1 22.333 206.259 -432.085 552.365 4.07483e-33 -8.96974e-31 -2.81207e-28 
-7.89189 1 22.297 201.108 -425.496 544.585 -1.97657e-32 -1.2667e-30 4.87065e-28 
-7.87988 1 22.261 196.036 -419.001 536.88 2.52076e-32 9.34164e-30 2.81207e-28 
-7.86787 1 22.2249 191.042 -412.598 529.284 5.67551e-32 -1.24932e-29 -3.91671e-27 
-7.85586 1 22.1889 186.124 -406.285 521.797 -2.753e-31 -1.76429e-29 6.78395e-27 
-7.84384 1 22.1529 181.281 -400.062 514.382 3.51097e-31 1.30112e-28 3.91671e-27 
-7.83183 1 22.1168 176.512 -393.927 507.073 7.90496e-31 -1.74008e-28 -5.45528e-26 
-7.81982 1 22.0808 171.817 -387.88 499.869 -3.83444e-30 -2.45733e-28 9.44882e-26 
-7.80781 1 22.0448 167.193 -381.918 492.734 4.89015e-30 1.81223e-27 5.45528e-26 
-7.7958 1 22.0087 162.641 -376.042 485.702 1.10102e-29 -2.42362e-27 -7.59822e-25 
-7.78378 1 21.9727 158.159 -370.249 478.772 -5.34068e-29 -3.42262e-27 1.31605e-24 
-7.77177 1 21.9367 153.746 -364.54 471.908 6.8111e-29 2.52411e-26 7.59822e-25 
-7.75976 1 21.9006 149.401 -358.912 465.144 1.53352e-28 -3.37567e-26 -1.0583e-23 
-7.74775 1 21.8646 145.123 -353.365 458.477 -7.43861e-28 -4.7671e-26 1.83302e-23 
-7.73574 1 21.8285 140.911 -347.897 451.876 9.48664e-28 3.51563e-25 1.0583e-23 
-7.72372 1 21.7925 136.765 -342.508 445.371 2.13592e-27 -4.7017e-25 -1.47402e-22 
-7.71171 1 21.7565 132.683 -337.197 438.96 -1.03606e-26 -6.63971e-25 2.55307e-22 
-7.6997 1 21.7204 128.664 -331.963 432.612 1.32132e-26 4.89664e-24 1.47402e-22 
-7.68769 1 21.6844 124.707 -326.804 426.357 2.97495e-26 -6.54863e-24 -2.05304e-21 
-7.67568 1 21.6484 120.812 -321.719 420.193 -1.44305e-25 -9.24792e-24 3.55597e-21 
-7.66366 1 21.6123 116.978 -316.709 414.09 1.84036e-25 6.82015e-23 2.05304e-21 
-7.65165 1 21.5763 113.203 -311.771 408.076 4.14358e-25 -9.12106e-23 -2.85951e-20 
-7.63964 1 21.5403 109.488 -306.905 402.152 -2.00991e-24 -1.28807e-22 4.95282e-20 
-7.62763 1 21.5042 105.83 -302.11 396.285 2.56329e-24 9.49924e-22 2.85951e-20 
-7.61562 1 21.4682 102.229 -297.384 390.503 5.77126e-24 -1.2704e-21 -3.98279e-19 
-7.6036 1 21.4321 98.6853 -292.728 384.813 -2.79945e-23 -1.79405e-21 6.89839e-19 
-7.59159 1 21.3961 95.1967 -288.139 379.175 3.5702e-23 1.32307e-20 3.98279e-19 
-7.57958 1 21.3601 91.7628 -283.618 373.601 8.03833e-23 -1.76944e-20 -5.54731e-18 
-7.56757 1 21.324 88.3828 -279.163 368.172 -3.89913e-22 -2.49879e-20 9.60822e-18 
-7.55556 1 21.288 85.0559 -274.773 362.755 4.97265e-22 1.8428e-19 5.54731e-18 
-7.54354 1 21.252 81.7814 -270.449 357.227 1.11959e-21 -2.46451e-19 -7.72641e-17 
-7.53153 1 21.2159 78.5584 -266.188 352.335 -5.43078e-21 -3.48036e-19 1.33825e-16 
-7.51952 0.999997 21.1799 75.3862 -261.985 347.183 6.92601e-21 2.56669e-18 7.72641e-17 
-7.50751 0.999993 21.1439 72.2642 -257.854 340.609 1.55939e-20 -3.43262e-18 -1.07615e-15 
-7.4955 1.00003 21.1079 69.1913 -253.786 337.592 -7.5641e-20 -4.84752e-18 1.86395e-15 
-7.48348 0.999955 21.0717 66.1671 -249.742 335.358 9.64668e-20 3.57494e-17 1.07615e-15 
-7.47147 0.999678 21.0354 63.1913 -245.735 331.919 2.17196e-19 -4.78102e-17 -1.49888e-14 
-7.45946 0.999457 20.9992 60.2634 -241.777 326.58 -1.05354e-18 -6.75167e-17 2.59615e-14 
-7.44745 0.999244 20.9629 57.3826 -237.888 321.861 1.34364e-18 4.97932e-16 1.49917e-14 
-7.43544 0.998878 20.9265 54.5483 -234.028 320.9 3.02572e-18 -6.65804e-16 -2.08754e-13 
-7.42342 0.99833 20.8899 51.7603 -230.178 320.191 -1.46644e-17 -9.37895e-16 3.62101e-13 
-7.41141 0.99752 20.8531 49.0184 -226.333 320.954 1.8819e-17 6.96086e-15 2.18697e-13 
-7.3994 0.996292 20.8158 46.323 -222.448 325.878 4.41238e-17 -8.91533e-15 -2.86208e-12 
-7.38739 0.994405 20.7779 43.6746 -218.488 334.438 -1.76461e-16 -6.16179e-15 6.40835e-12 
-7.37538 0.991633 20.7391 41.0745 -214.408 346.998 5.41294e-16 1.58716e-13 2.47874e-11 
-7.36336 0.987609 20.699 38.5246 -210.114 367.922 5.03815e-15 6.56784e-13 5.81411e-11 
-7.35135 0.981675 20.6569 36.0279 -205.517 400.298 4.90686e-14 1.19266e-11 2.39388e-09 
-7.33934 0.973217 20.6122 33.589 -200.487 439.225 4.74578e-13 9.42004e-11 2.87275e-08 
-7.32733 0.961672 20.5642 31.2135 -194.928 486.357 5.98786e-12 1.016e-09 1.24753e-07 
-7.31532 0.946523 20.5123 28.9083 -188.784 537.673 5.5396e-11 1.17141e-08 2.13505e-06 
-7.3033 0.927464 20.4559 26.6807 -182.01 589.477 4.34823e-10 7.4242e-08 1.8753e-05 
-7.29129 0.904398 20.3947 24.5381 -174.635 638.562 4.08699e-09 6.51013e-07 7.72794e-05 
-7.27928 0.877437 20.3284 22.4875 -166.703 680.311 2.85907e-08 5.16124e-06 0.000852962 
-7.26727 0.846862 20.2569 20.5351 -158.3 716.241 1.81187e-07 2.6158e-05 0.00496892 
-7.25526 0.813076 20.1802 18.6859 -149.541 742.049 1.17659e-06 0.000166443 0.0183885 
-7.24324 0.77658 20.0982 16.9436 -140.522 756.85 6.03341e-06 0.00087024 0.121122 
-7.23123 0.737926 20.0111 15.3105 -131.369 764.483 2.8723e-05 0.00343218 0.460878 
-7.21922 0.697683 19.919 13.7876 -122.204 761.617 0.000126322 0.0147431 1.42238 
-7.20721 0.656416 19.822 12.3745 -113.113 749.695 0.000470911 0.0515083 5.47074 
-7.1952 0.614656 19.7202 11.0695 -104.201 732.366 0.0016118 0.153099 14.1324 
-7.18318 0.572894 19.6138 9.87005 -95.5511 707.867 0.00493728 0.439461 33.547 
-7.17117 0.531567 19.5029 8.7727 -87.2187 678.162 0.0134498 1.07445 78.5835 
-7.15916 0.491053 19.3876 7.77319 -79.2632 645.587 0.0333334 2.3597 145.165 
-7.14715 0.451678 19.268 6.86679 -71.7245 609.611 0.0746904 4.73764 250.761 
-7.13514 0.413709 19.1441 6.04833 -64.6262 571.779 0.152606 8.50936 384.188 
-7.12312 0.377361 19.0162 5.31236 -57.9892 533.132 0.285957 13.9694 518.952 
-7.11111 0.342804 18.8841 4.65331 -51.8209 493.892 0.493865 20.8694 629.895 
-7.0991 0.310162 18.748 4.06553 -46.1221 455.059 0.791402 28.6831 647.851 
-7.08709 0.279519 18.6079 3.54341 -40.8878 416.751 1.18231 36.324 592.977 
-7.07508 0.250923 18.464 3.08144 -36.1048 379.616 1.65707 42.3635 412.596 
-7.06306 0.224393 18.3162 2.67427 -31.7601 344.216 2.19018 45.8397 144.182 
-7.05105 0.199915 18.1646 2.31676 -27.8334 310.101 2.74405 45.782 -154.445 
-7.03904 0.177454 18.0094 2.00403 -24.3007 278.106 3.2756 42.1176 -455.673 
-7.02703 0.156952 17.8506 1.73145 -21.1416 248.463 3.74243 35.179 -680.499 
-7.01502 0.138335 17.6883 1.49473 -18.3292 220.423 4.11117 25.8624 -843.287 
-7.003 0.121516 17.5226 1.28985 -15.8351 194.836 4.35971 15.414 -896.367 
-6.99099 0.106393 17.3537 1.11311 -13.6374 171.693 4.4802 4.75582 -854.485 
-6.97898 0.0928618 17.1816 0.961151 -11.708 150.148 4.47748 -5.0393 -762.766 
-6.96697 0.0808095 17.0066 0.830885 -10.0197 130.952 4.36544 -13.3232 -616.503 
-6.95495 0.0701229 16.8287 0.719544 -8.55209 113.949 4.16462 -19.7912 -457.147 
-6.94294 0.0606885 16.6482 0.624647 -7.28007 98.34 3.89783 -24.3069 -298.568 
-6.93093 0.0523948 16.4652 0.543966 -6.18059 84.7241 3.58776 -27.0335 -155.409 
-6.91892 0.0451335 16.28 0.475534 -5.23668 72.88 3.25488 -28.1685 -40.6802 
-6.90691 0.0388017 16.0928 0.417619 -4.42806 62.1414 2.9161 -28.0399 54.6482 
-6.89489 0.0333014 15.9039 0.368691 -3.73683 52.9472 2.5848 -26.9897 120.205 
-6.88288 0.0285412 15.7136 0.32742 -3.15009 45.0758 2.27052 -25.2638 160.961 
-6.87087 0.0244367 15.5223 0.292655 -2.65271 38.0172 1.97943 -23.1441 187.53 
-6.85886 0.0209098 15.3304 0.263391 -2.23174 32.0739 1.71517 -20.8386 196.335 
-6.84685 0.0178894 15.1383 0.238767 -1.87799 27.058 1.47908 -18.4775 194.003 
-6.83483 0.0153113 14.9467 0.218047 -1.58086 22.605 1.27097 -16.1864 185.975 
-6.82282 0.0131172 14.756 0.2006 -1.3315 18.9132 1.08962 -14.0365 171.994 
-6.81081 0.0112553 14.5669 0.18589 -1.1237 15.839 0.933056 -12.0651 155.641 
-6.7988 0.0096795 14.38 0.173466 -0.950426 13.1358 0.798946 -10.2986 138.45 
-6.78679 0.00834871 14.196 0.162944 -0.805898 10.928 0.684811 -8.73964 121.116 
-6.77477 0.00722695 14.0157 0.154004 -0.686121 9.11324 0.588166 -7.38398 104.874 
-6.76276 0.00628276 13.8397 0.14638 -0.586611 7.53216 0.506655 -6.21876 89.5492 
-6.75075 0.00548858 13.6685 0.139846 -0.50378 6.25915 0.438087 -5.22517 75.8835 
-6.73874 0.00482065 13.5027 0.134219 -0.435167 5.22457 0.380492 -4.38757 64.0307 
-6.72673 0.00425864 13.3427 0.129346 -0.378054 4.33017 0.332138 -3.68513 53.3575 
-6.71471 0.00378504 13.1888 0.1251 -0.330319 3.61783 0.291507 -3.09793 44.41 
-6.7027 0.00338509 13.0411 0.121378 -0.290522 3.04267 0.257304 -2.6114 36.9763 
-6.69069 0.00304641 12.8996 0.118095 -0.257102 2.54727 0.228437 -2.20823 30.4652 
-6.67868 0.00275853 12.7643 0.115181 -0.228866 2.15399 0.203983 -1.87386 25.2079 
-6.66667 0.00251284 12.635 0.112579 -0.205015 1.83598 0.18318 -1.59816 20.9448 
-6.65465 0.0023022 12.5114 0.110242 -0.184693 1.56145 0.1654 -1.3698 17.2674 
-6.64264 0.00212069 12.3932 0.10813 -0.167254 1.34208 0.150122 -1.17989 14.3528 
-6.63063 0.00196345 12.2802 0.106213 -0.152269 1.16303 0.136922 -1.02241 12.0096 
-6.61862 0.00182654 12.1719 0.104464 -0.139279 1.00725 0.125456 -0.890869 9.99732 
-6.60661 0.00170665 12.0679 0.102861 -0.127938 0.880965 0.115437 -0.780337 8.40625 
-6.59459 0.00160112 11.9681 0.101385 -0.118017 0.776368 0.106636 -0.687531 7.12287 
-6.58258 0.00150774 11.8719 0.100021 -0.109268 0.684346 0.0988633 -0.608951 6.0167 
-6.57057 0.00142468 11.7792 0.098756 -0.101504 0.608372 0.0919614 -0.541977 5.13446 
-6.55856 0.00135044 11.6897 0.097579 -0.0945983 0.544376 0.0858026 -0.484866 4.41529 
-6.54655 0.00128378 11.603 0.0964805 -0.0884151 0.487384 0.080281 -0.435763 3.79022 
-6.53453 0.00122364 11.519 0.0954524 -0.0828487 0.439424 0.0753079 -0.393273 3.28437 
-6.52252 0.00116917 11.4374 0.0944879 -0.0778274 0.398347 0.0708099 -0.356464 2.86622 
-6.51051 0.00111963 11.3581 0.0935808 -0.0732727 0.361332 0.0667255 -0.324338 2.49898 
-6.4985 0.0010744 11.2808 0.092726 -0.0691229 0.329621 0.0630025 -0.296136 2.19676 
-6.48649 0.00103296 11.2055 0.0919188 -0.0653353 0.302041 0.0595972 -0.271344 1.94318 
-6.47447 0.000994871 11.1319 0.0911551 -0.0618629 0.276924 0.0564723 -0.24941 1.71806 
-6.46246 0.000959749 11.0599 0.0904315 -0.0586678 0.255062 0.0535958 -0.229904 1.52966 
-6.45045 0.000927266 10.9894 0.0897447 -0.0557236 0.235789 0.0509404 -0.212535 1.36929 
-6.43844 0.000897144 10.9204 0.0890919 -0.0530009 0.218075 0.0484826 -0.196984 1.22544 
-6.42643 0.000869137 10.8526 0.0884706 -0.0504752 0.202443 0.0462019 -0.182998 1.10316 
-6.41441 0.000843034 10.7861 0.0878785 -0.0481297 0.188502 0.0440806 -0.170406 0.997658 
-6.4024 0.000818649 10.7207 0.0873137 -0.0459451 0.175587 0.0421032 -0.159015 0.902142 
-6.39039 0.000795821 10.6564 0.0867742 -0.0439052 0.164057 0.0402563 -0.148673 0.8198 
-6.37838 0.000774407 10.5931 0.0862584 -0.0419986 0.153671 0.0385277 -0.139274 0.747897 
-6.36637 0.000754281 10.5307 0.0857647 -0.0402124 0.143985 0.0369071 -0.130697 0.682255 
-6.35435 0.000735332 10.4692 0.0852919 -0.0385353 0.135252 0.035385 -0.122845 0.62496 
-6.34234 0.00071746 10.4086 0.0848385 -0.0369594 0.127319 0.0339531 -0.115652 0.574395 
-6.33033 0.000700577 10.3487 0.0844036 -0.0354758 0.119879 0.0326042 -0.10904 0.527897 
-6.31832 0.000684604 10.2896 0.0839859 -0.0340764 0.113114 0.0313315 -0.102945 0.486869 
-6.30631 0.000669471 10.2312 0.0835846 -0.0327557 0.106925 0.0301291 -0.0973233 0.450322 
-6.29429 0.000655114 10.1735 0.0831987 -0.0315071 0.101091 0.0289917 -0.0921227 0.4165 
-6.28228 0.000641475 10.1164 0.0828274 -0.0303249 0.0957501 0.0279145 -0.0873006 0.386376 
-6.27027 0.000628502 10.06 0.0824699 -0.0292049 0.0908326 0.026893 -0.0828266 0.359322 
-6.25826 0.000616149 10.0041 0.0821256 -0.0281423 0.0861785 0.0259234 -0.0786655 0.334148 
-6.24625 0.000604373 9.94875 0.0817936 -0.0271329 0.0818911 0.025002 -0.0747875 0.311541 
-6.23423 0.000593134 9.89395 0.0814735 -0.0261736 0.0779225 0.0241256 -0.0711713 0.291094 
-6.22222 0.000582397 9.83964 0.0811647 -0.0252606 0.074153 0.0232913 -0.0677922 0.271975 
-6.21021 0.000572131 9.78582 0.0808665 -0.0243908 0.0706621 0.0224961 -0.0646291 0.254684 
-6.1982 0.000562305 9.73246 0.0805785 -0.0235619 0.0674156 0.0217378 -0.0616667 0.238946 
-6.18619 0.000552891 9.67954 0.0803003 -0.022771 0.0643225 0.0210139 -0.0588872 0.224168 
-6.17417 0.000543866 9.62705 0.0800313 -0.0220157 0.0614446 0.0203224 -0.0562753 0.210719 
-6.16216 0.000535206 9.57496 0.0797713 -0.021294 0.0587573 0.0196613 -0.0538198 0.19841 
-6.15015 0.000526889 9.52327 0.0795196 -0.0206039 0.0561898 0.0190289 -0.0515076 0.186809 
-6.13814 0.000518896 9.47194 0.0792761 -0.0199433 0.0537914 0.0184234 -0.0493274 0.176192 
-6.12613 0.00051121 9.42098 0.0790404 -0.0193109 0.0515436 0.0178433 -0.0472709 0.166428 
-6.11411 0.000503812 9.37037 0.0788121 -0.0187049 0.0493909 0.0172873 -0.0453284 0.157196 
-6.1021 0.000496687 9.32009 0.0785909 -0.0181238 0.0473727 0.016754 -0.0434911 0.148705 
-6.09009 0.000489821 9.27014 0.0783766 -0.0175663 0.0454752 0.0162421 -0.041753 0.140861 
-6.07808 0.000483201 9.22049 0.0781688 -0.0170311 0.0436539 0.0157505 -0.0401065 0.133423 
-6.06607 0.000476813 9.17115 0.0779674 -0.0165171 0.0419411 0.0152782 -0.038545 0.126552 
-6.05405 0.000470647 9.1221 0.077772 -0.0160231 0.040326 0.0148242 -0.0370639 0.12018 
-6.04204 0.00046469 9.07332 0.0775824 -0.0155482 0.0387728 0.0143875 -0.0356574 0.114122 
-6.03003 0.000458933 9.02482 0.0773984 -0.0150912 0.037308 0.0139673 -0.0343203 0.108503 
-6.01802 0.000453367 8.97658 0.0772197 -0.0146515 0.0359231 0.0135627 -0.0330489 0.103274 
-6.00601 0.000447981 8.92859 0.0770463 -0.0142281 0.034589 0.0131731 -0.0318388 0.0982902 
-5.99399 0.000442769 8.88085 0.0768779 -0.0138202 0.0333276 0.0127976 -0.030686 0.093652 
-5.98198 0.000437721 8.83335 0.0767142 -0.0134272 0.0321322 0.0124356 -0.0295876 0.0893215 
-5.96997 0.00043283 8.78608 0.0765552 -0.0130482 0.0309789 0.0120866 -0.0285399 0.085185 
-5.95796 0.00042809 8.73903 0.0764007 -0.0126827 0.0298859 0.0117498 -0.0275398 0.0813231 
-5.94595 0.000423494 8.6922 0.0762505 -0.01233 0.0288479 0.0114248 -0.0265851 0.0777068 
-5.93393 0.000419036 8.64558 0.0761044 -0.0119896 0.027845 0.011111 -0.0256728 0.0742458 
-5.92192 0.000414709 8.59917 0.0759624 -0.0116608 0.0268926 0.0108079 -0.0248004 0.0710051 
-5.90991 0.000410508 8.55295 0.0758242 -0.0113433 0.0259863 0.010515 -0.023966 0.0679623 
-5.8979 0.000406428 8.50693 0.0756898 -0.0110365 0.0251096 0.010232 -0.0231675 0.065045 
-5.88589 0.000402464 8.46109 0.0755591 -0.0107399 0.0242753 0.00995829 -0.0224026 0.0623061 
-5.87387 0.000398612 8.41543 0.0754318 -0.0104531 0.0234801 0.00969362 -0.0216699 0.0597281 
-5.86186 0.000394866 8.36996 0.0753079 -0.0101758 0.02271 0.00943757 -0.0209675 0.0572524 
-5.84985 0.000391224 8.32465 0.0751873 -0.00990737 0.0219758 0.00918978 -0.0202938 0.0549224 
-5.83784 0.00038768 8.27952 0.0750699 -0.00964765 0.0212749 0.00894992 -0.0196475 0.0527244 
-5.82583 0.00038423 8.23454 0.0749555 -0.00939623 0.0205954 0.00871767 -0.019027 0.0506104 
-5.81381 0.000380873 8.18973 0.0748441 -0.00915273 0.0199465 0.00849272 -0.0184311 0.0486163 
-5.8018 0.000377603 8.14507 0.0747356 -0.0089169 0.0193262 0.00827479 -0.0178586 0.0467313 
-5.78979 0.000374418 8.10057 0.0746298 -0.00868841 0.0187241 0.00806359 -0.0173083 0.0449158 
-5.77778 0.000371314 8.05621 0.0745268 -0.00846696 0.0181484 0.00785889 -0.0167791 0.0431997 
-5.76577 0.000368289 8.01199 0.0744264 -0.0082523 0.0175973 0.00766041 -0.0162701 0.0415744 
-5.75375 0.000365341 7.96792 0.0743285 -0.00804417 0.0170618 0.00746794 -0.0157802 0.040007 
-5.74174 0.000362465 7.92398 0.0742331 -0.00784231 0.0165492 0.00728124 -0.0153086 0.0385225 
-5.72973 0.00035966 7.88017 0.0741401 -0.0076465 0.0160577 0.00710009 -0.0148544 0.0371141 
-5.71772 0.000356923 7.8365 0.0740494 -0.00745651 0.0155799 0.00692431 -0.0144169 0.0357543 
-5.70571 0.000354252 7.79295 0.0739609 -0.00727212 0.0151219 0.00675368 -0.0139951 0.0344642 
-5.69369 0.000351645 7.74953 0.0738747 -0.00709314 0.0146823 0.00658803 -0.0135886 0.0332381 
-5.68168 0.000349099 7.70623 0.0737905 -0.00691937 0.0142545 0.00642717 -0.0131965 0.032053 
-5.66967 0.000346613 7.66304 0.0737084 -0.00675062 0.013844 0.00627094 -0.0128183 0.0309268 
-5.65766 0.000344185 7.61998 0.0736283 -0.00658671 0.0134495 0.00611917 -0.0124533 0.0298549 
-5.64565 0.000341812 7.57702 0.0735502 -0.00642749 0.0130654 0.00597171 -0.012101 0.0288177 
-5.63363 0.000339494 7.53418 0.0734739 -0.00627276 0.0126964 0.00582841 -0.0117608 0.0278306 
-5.62162 0.000337227 7.49145 0.0733994 -0.00612241 0.0123415 0.00568912 -0.0114322 0.0268896 
-5.60961 0.000335011 7.44882 0.0733268 -0.00597626 0.0119957 0.00555371 -0.0111147 0.0259783 
-5.5976 0.000332845 7.40629 0.0732559 -0.00583416 0.0116631 0.00542206 -0.0108079 0.0251097 
-5.58559 0.000330726 7.36387 0.0731866 -0.00569601 0.0113429 0.00529402 -0.0105113 0.0242807 
-5.57357 0.000328653 7.32155 0.073119 -0.00556165 0.0110307 0.00516949 -0.0102245 0.0234771 
-5.56156 0.000326625 7.27932 0.073053 -0.00543095 0.0107302 0.00504835 -0.00994714 0.0227101 
-5.54955 0.00032464 7.23719 0.0729885 -0.00530381 0.0104407 0.00493049 -0.0096788 0.0219771 
-5.53754 0.000322697 7.19515 0.0729255 -0.00518011 0.0101582 0.00481579 -0.00941913 0.021266 
-5.52553 0.000320796 7.15321 0.0728641 -0.00505973 0.00988606 0.00470417 -0.00916776 0.0205864 
-5.51351 0.000318934 7.11135 0.072804 -0.00494257 0.00962361 0.00459551 -0.00892443 0.0199362 
-5.5015 0.000317111 7.06958 0.0727453 -0.00482852 0.00936745 0.00448974 -0.00868879 0.0193049 
-5.48949 0.000315325 7.0279 0.072688 -0.00471748 0.00912044 0.00438675 -0.00846052 0.018701 
-5.47748 0.000313576 6.9863 0.072632 -0.00460937 0.00888206 0.00428645 -0.0082394 0.0181225 
-5.46547 0.000311862 6.94478 0.0725772 -0.00450409 0.00864926 0.00418877 -0.00802512 0.0175604 
-5.45345 0.000310182 6.90335 0.0725237 -0.00440154 0.00842462 0.00409363 -0.00781742 0.017022 
-5.44144 0.000308537 6.86199 0.0724715 -0.00430166 0.00820766 0.00400094 -0.00761609 0.0165058 
-5.42943 0.000306923 6.82071 0.0724204 -0.00420436 0.00799568 0.00391064 -0.00742087 0.0160039 
-5.41742 0.000305342 6.77951 0.0723705 -0.00410954 0.00779098 0.00382264 -0.00723152 0.0155227 
-5.40541 0.000303791 6.73838 0.0723216 -0.00401715 0.00759315 0.00373688 -0.00704786 0.0150608 
-5.39339 0.000302271 6.69733 0.0722739 -0.00392712 0.00739979 0.0036533 -0.00686968 0.0146114 
-5.38138 0.00030078 6.65635 0.0722273 -0.00383935 0.00721292 0.00357183 -0.00669676 0.0141802 
-5.36937 0.000299317 6.61544 0.0721817 -0.0037538 0.00703222 0.0034924 -0.00652894 0.0137659 
-5.35736 0.000297882 6.57459 0.0721371 -0.0036704 0.00685552 0.00341495 -0.00636603 0.0133625 
-5.34535 0.000296474 6.53382 0.0720935 -0.00358908 0.00668466 0.00333944 -0.00620784 0.0129751 
-5.33333 0.000295093 6.49311 0.0720509 -0.00350979 0.00651933 0.0032658 -0.00605425 0.0126026 
-5.32132 0.000293737 6.45247 0.0720092 -0.00343246 0.00635759 0.00319398 -0.00590506 0.0122397 
-5.30931 0.000292407 6.4119 0.0719684 -0.00335703 0.00620111 0.00312392 -0.00576014 0.0118908 
-5.2973 0.000291101 6.37139 0.0719285 -0.00328346 0.00604961 0.00305558 -0.00561934 0.0115551 
-5.28529 0.000289818 6.33094 0.0718895 -0.00321169 0.00590134 0.0029889 -0.00548252 0.0112279 
-5.27327 0.00028856 6.29055 0.0718514 -0.00314166 0.00575781 0.00292385 -0.00534954 0.0109131 
-5.26126 0.000287323 6.25022 0.071814 -0.00307334 0.00561878 0.00286037 -0.00522029 0.0106099 
-5.24925 0.00028611 6.20995 0.0717775 -0.00300667 0.00548267 0.00279842 -0.00509464 0.0103143 
-5.23724 0.000284917 6.16974 0.0717418 -0.00294161 0.00535084 0.00273796 -0.00497245 0.0100296 
-5.22523 0.000283746 6.12958 0.0717068 -0.0028781 0.00522308 0.00267895 -0.00485364 0.00975521 
-5.21321 0.000282596 6.08948 0.0716726 -0.00281612 0.00509796 0.00262135 -0.00473808 0.00948752 
-5.2012 0.000281465 6.04944 0.0716392 -0.00275561 0.0049767 0.00256511 -0.00462567 0.00922957 
-5.18919 0.000280355 6.00945 0.0716064 -0.00269655 0.00485914 0.00251021 -0.00451631 0.0089808 
-5.17718 0.000279263 5.96951 0.0715744 -0.00263887 0.00474397 0.0024566 -0.0044099 0.00873798 
-5.16517 0.000278191 5.92963 0.071543 -0.00258256 0.00463231 0.00240425 -0.00430635 0.00850383 
-5.15315 0.000277136 5.88979 0.0715123 -0.00252757 0.004524 0.00235313 -0.00420557 0.00827787 
-5.14114 0.0002761 5.85001 0.0714823 -0.00247387 0.00441786 0.00230321 -0.00410747 0.00805721 
-5.12913 0.000275082 5.81028 0.0714529 -0.00242142 0.00431491 0.00225444 -0.00401197 0.00784429 
-5.11712 0.00027408 5.7706 0.0714241 -0.0023702 0.004215 0.00220681 -0.00391899 0.00763869 
-5.10511 0.000273096 5.73096 0.071396 -0.00232016 0.00411708 0.00216028 -0.00382845 0.00743783 
-5.09309 0.000272127 5.69137 0.0713684 -0.00227128 0.00402205 0.00211483 -0.00374027 0.00724389 
-5.08108 0.000271175 5.65183 0.0713414 -0.00222352 0.0039298 0.00207042 -0.00365439 0.0070565 
-5.06907 0.000270239 5.61234 0.071315 -0.00217686 0.00383935 0.00202703 -0.00357074 0.00687337 
-5.05706 0.000269318 5.57289 0.0712891 -0.00213127 0.00375154 0.00198463 -0.00348924 0.00669644 
-5.04505 0.000268412 5.53348 0.0712638 -0.00208672 0.00366626 0.00194319 -0.00340984 0.0065254 
-5.03303 0.000267521 5.49412 0.071239 -0.00204319 0.00358263 0.0019027 -0.00333247 0.00635817 
-5.02102 0.000266644 5.4548 0.0712147 -0.00200064 0.00350142 0.00186312 -0.00325706 0.00619652 
-5.00901 0.000265781 5.41553 0.0711909 -0.00195906 0.00342251 0.00182444 -0.00318358 0.00604016 
-4.997 0.000264933 5.37629 0.0711676 -0.00191842 0.00334511 0.00178664 -0.00311195 0.00588724 
-4.98498 0.000264098 5.3371 0.0711448 -0.00187869 0.00326991 0.00174968 -0.00304212 0.00573933 
-4.97297 0.000263276 5.29795 0.0711225 -0.00183985 0.00319683 0.00171354 -0.00297405 0.00559619 
-4.96096 0.000262467 5.25883 0.0711006 -0.00180189 0.00312512 0.00167822 -0.00290767 0.00545615 
-4.94895 0.000261671 5.21976 0.0710792 -0.00176477 0.00305544 0.00164368 -0.00284295 0.00532064 
-4.93694 0.000260887 5.18072 0.0710582 -0.00172847 0.00298769 0.00160991 -0.00277983 0.00518943 
-4.92492 0.000260116 5.14173 0.0710376 -0.00169299 0.00292121 0.00157689 -0.00271827 0.00506103 
-4.91291 0.000259356 5.10277 0.0710175 -0.00165829 0.00285657 0.0015446 -0.00265823 0.00493671 
-4.9009 0.000258609 5.06384 0.0709978 -0.00162435 0.00279372 0.00151303 -0.00259965 0.00481628 
-4.88889 0.000257872 5.02496 0.0709785 -0.00159117 0.00273202 0.00148214 -0.00254252 0.00469839 
-4.87688 0.000257148 4.98611 0.0709596 -0.00155871 0.00267202 0.00145194 -0.00248676 0.0045842 
-4.86486 0.000256434 4.94729 0.070941 -0.00152697 0.00261366 0.0014224 -0.00243237 0.00447353 
-4.85285 0.000255731 4.90851 0.0709229 -0.00149592 0.00255635 0.0013935 -0.00237929 0.00436516 
-4.84084 0.000255039 4.86976 0.0709051 -0.00146555 0.00250062 0.00136523 -0.00232748 0.00426015 
-4.82883 0.000254357 4.83105 0.0708877 -0.00143584 0.00244638 0.00133758 -0.00227693 0.00415834 
-4.81682 0.000253686 4.79237 0.0708706 -0.00140677 0.00239312 0.00131053 -0.00222758 0.00405861 
-4.8048 0.000253024 4.75372 0.0708539 -0.00137834 0.0023413 0.00128406 -0.00217941 0.00396194 
-4.79279 0.000252373 4.71511 0.0708375 -0.00135052 0.00229085 0.00125816 -0.00213239 0.00386817 
-4.78078 0.000251731 4.67653 0.0708214 -0.0013233 0.00224132 0.00123283 -0.00208648 0.00377629 
-4.76877 0.000251098 4.63798 0.0708057 -0.00129667 0.0021931 0.00120803 -0.00204165 0.00368719 
-4.75676 0.000250475 4.59946 0.0707903 -0.00127061 0.00214616 0.00118377 -0.00199789 0.00360073 
-4.74474 0.000249862 4.56097 0.0707752 -0.00124511 0.00210005 0.00116003 -0.00195515 0.003516 
-4.73273 0.000249257 4.52251 0.0707604 -0.00122015 0.00205516 0.0011368 -0.00191341 0.0034338 
-4.72072 0.000248661 4.48408 0.0707458 -0.00119573 0.00201145 0.00111406 -0.00187264 0.00335401 
-4.70871 0.000248073 4.44568 0.0707316 -0.00117183 0.0019685 0.00109181 -0.00183283 0.00327579 
-4.6967 0.000247495 4.4073 0.0707177 -0.00114843 0.00192668 0.00107003 -0.00179393 0.00319987 
-4.68468 0.000246924 4.36896 0.070704 -0.00112554 0.00188594 0.00104871 -0.00175594 0.00312616 
-4.67267 0.000246362 4.33064 0.0706907 -0.00110313 0.00184592 0.00102784 -0.00171883 0.00305388 
-4.66066 0.000245808 4.29236 0.0706775 -0.00108119 0.00180693 0.00100741 -0.00168257 0.00298371 
-4.64865 0.000245261 4.2541 0.0706647 -0.00105971 0.00176895 0.000987411 -0.00164714 0.00291555 
-4.63664 0.000244723 4.21586 0.0706521 -0.00103869 0.00173162 0.000967835 -0.00161252 0.00284871 
-4.62462 0.000244192 4.17765 0.0706397 -0.00101811 0.00169526 0.000948669 -0.00157869 0.00278378 
-4.61261 0.000243669 4.13947 0.0706276 -0.000997957 0.00165982 0.000929905 -0.00154564 0.0027207 
-4.6006 0.000243153 4.10132 0.0706157 -0.00097823 0.00162499 0.000911534 -0.00151333 0.00265883 
-4.58859 0.000242644 4.06319 0.0706041 -0.000958914 0.00159105 0.000893546 -0.00148175 0.00259871 
-4.57658 0.000242143 4.02508 0.0705927 -0.000940002 0.00155797 0.000875933 -0.00145089 0.00254028 
-4.56456 0.000241648 3.987 0.0705815 -0.000921485 0.00152545 0.000858687 -0.00142072 0.00248295 
-4.55255 0.00024116 3.94894 0.0705706 -0.000903351 0.00149375 0.000841799 -0.00139123 0.00242724 
-4.54054 0.00024068 3.91091 0.0705598 -0.000885595 0.00146286 0.000825261 -0.0013624 0.00237308 
-4.52853 0.000240205 3.8729 0.0705493 -0.000868207 0.00143248 0.000809066 -0.00133422 0.00231992 
-4.51652 0.000239738 3.83492 0.070539 -0.000851178 0.00140287 0.000793205 -0.00130666 0.00226825 
-4.5045 0.000239277 3.79696 0.0705288 -0.000834501 0.00137399 0.000777672 -0.00127972 0.002218 
-4.49249 0.000238822 3.75902 0.0705189 -0.000818168 0.0013456 0.000762459 -0.00125338 0.00216868 
-4.48048 0.000238373 3.7211 0.0705092 -0.000802171 0.00131792 0.000747559 -0.00122761 0.00212072 
-4.46847 0.000237931 3.68321 0.0704996 -0.000786503 0.00129093 0.000732964 -0.00120242 0.00207407 
-4.45646 0.000237494 3.64534 0.0704903 -0.000771157 0.00126438 0.000718669 -0.00117778 0.00202827 
-4.44444 0.000237063 3.60749 0.0704811 -0.000756125 0.00123849 0.000704667 -0.00115369 0.00198372 
-4.43243 0.000236639 3.56966 0.0704721 -0.000741401 0.00121324 0.000690951 -0.00113012 0.00194038 
-4.42042 0.00023622 3.53185 0.0704633 -0.000726977 0.0011884 0.000677515 -0.00110707 0.00189782 
-4.40841 0.000235806 3.49406 0.0704547 -0.000712848 0.00116418 0.000664353 -0.00108452 0.00185641 
-4.3964 0.000235399 3.45629 0.0704462 -0.000699006 0.00114055 0.000651458 -0.00106247 0.00181611 
-4.38438 0.000234996 3.41855 0.0704379 -0.000685446 0.00111731 0.000638826 -0.00104089 0.00177654 
-4.37237 0.000234599 3.38082 0.0704297 -0.000672162 0.00109463 0.00062645 -0.00101978 0.00173802 
-4.36036 0.000234208 3.34311 0.0704217 -0.000659146 0.00107251 0.000614325 -0.000999134 0.00170053 
-4.34835 0.000233821 3.30543 0.0704139 -0.000646395 0.00105075 0.000602445 -0.000978929 0.00166371 
-4.33634 0.00023344 3.26776 0.0704062 -0.000633901 0.00102951 0.000590805 -0.00095916 0.00162787 
-4.32432 0.000233063 3.23011 0.0703986 -0.00062166 0.00100879 0.000579401 -0.000939817 0.00159296 
-4.31231 0.000232692 3.19248 0.0703912 -0.000609665 0.000988406 0.000568226 -0.00092089 0.00155868 
-4.3003 0.000232326 3.15487 0.070384 -0.000597912 0.000968513 0.000557275 -0.000902368 0.0015253 
-4.28829 0.000231964 3.11727 0.0703769 -0.000586395 0.000949097 0.000546545 -0.000884242 0.00149279 
-4.27628 0.000231607 3.0797 0.0703699 -0.00057511 0.000929994 0.000536031 -0.000866504 0.00146085 
-4.26426 0.000231255 3.04214 0.0703631 -0.000564051 0.00091135 0.000525727 -0.000849143 0.00142974 
-4.25225 0.000230907 3.0046 0.0703564 -0.000553214 0.00089315 0.00051563 -0.000832152 0.00139944 
-4.24024 0.000230564 2.96707 0.0703498 -0.000542594 0.000875242 0.000505734 -0.000815522 0.00136967 
-4.22823 0.000230225 2.92957 0.0703433 -0.000532185 0.000857762 0.000496036 -0.000799244 0.00134067 
-4.21622 0.000229891 2.89208 0.070337 -0.000521985 0.000840696 0.000486532 -0.00078331 0.00131241 
-4.2042 0.000229561 2.85461 0.0703308 -0.000511988 0.000823902 0.000477216 -0.000767714 0.00128464 
-4.19219 0.000229235 2.81715 0.0703247 -0.00050219 0.000807507 0.000468087 -0.000752445 0.00125759 
-4.18018 0.000228914 2.77971 0.0703187 -0.000492587 0.000791499 0.000459138 -0.000737498 0.00123122 
-4.16817 0.000228596 2.74229 0.0703128 -0.000483174 0.000775744 0.000450368 -0.000722865 0.00120531 
-4.15616 0.000228283 2.70488 0.0703071 -0.000473948 0.000760362 0.000441771 -0.000708539 0.00118006 
-4.14414 0.000227974 2.66749 0.0703015 -0.000464906 0.000745341 0.000433345 -0.000694513 0.00115545 
-4.13213 0.000227668 2.63011 0.0702959 -0.000456042 0.000730556 0.000425085 -0.00068078 0.00113125 
-4.12012 0.000227367 2.59275 0.0702905 -0.000447353 0.000716119 0.000416988 -0.000667333 0.00110767 
-4.10811 0.000227069 2.5554 0.0702852 -0.000438836 0.000702019 0.000409052 -0.000654166 0.00108468 
-4.0961 0.000226775 2.51807 0.07028 -0.000430488 0.00068814 0.000401272 -0.000641274 0.00106208 
-4.08408 0.000226485 2.48076 0.0702748 -0.000422303 0.000674586 0.000393645 -0.000628648 0.00104005 
-4.07207 0.000226199 2.44345 0.0702698 -0.00041428 0.000661346 0.000386168 -0.000616285 0.00101857 
-4.06006 0.000225916 2.40617 0.0702649 -0.000406415 0.000648313 0.000378838 -0.000604177 0.000997449 
-4.04805 0.000225636 2.36889 0.0702601 -0.000398703 0.000635584 0.000371652 -0.00059232 0.000976857 
-4.03604 0.000225361 2.33163 0.0702553 -0.000391144 0.000623149 0.000364607 -0.000580707 0.000956775 
-4.02402 0.000225088 2.29439 0.0702507 -0.000383733 0.000610907 0.0003577 -0.000569334 0.000937027 
-4.01201 0.000224819 2.25716 0.0702461 -0.000376466 0.000598949 0.000350928 -0.000558194 0.00091777 
-4 0.000224554 2.21994 0.0702416 -0.000369342 0.000587266 0.000344289 -0.000547283 0.000898987 
-3.98799 0.000224291 2.18274 0.0702372 -0.000362357 0.000575764 0.00033778 -0.000536596 0.000880514 
-3.97598 0.000224032 2.14554 0.0702329 -0.000355509 0.000564527 0.000331397 -0.000526127 0.000862499 
-3.96396 0.000223777 2.10836 0.0702287 -0.000348794 0.000553548 0.000325139 -0.000515873 0.000844924 
-3.95195 0.000223524 2.0712 0.0702245 -0.00034221 0.000542737 0.000319003 -0.000505829 0.000827637 
-3.93994 0.000223274 2.03405 0.0702205 -0.000335754 0.000532175 0.000312986 -0.000495988 0.000810776 
-3.92793 0.000223028 1.99691 0.0702165 -0.000329424 0.000521854 0.000307086 -0.000486349 0.000794324 
-3.91592 0.000222785 1.95978 0.0702125 -0.000323217 0.000511691 0.000301301 -0.000476905 0.000778141 
-3.9039 0.000222544 1.92266 0.0702087 -0.00031713 0.000501761 0.000295629 -0.000467653 0.000762353 
-3.89189 0.000222307 1.88556 0.0702049 -0.000311162 0.000492056 0.000290066 -0.000458588 0.000746947 
-3.87988 0.000222072 1.84847 0.0702012 -0.000305309 0.000482499 0.000284611 -0.000449708 0.000731791 
-3.86787 0.000221841 1.81139 0.0701976 -0.000299569 0.00047316 0.000279261 -0.000441006 0.000717003 
-3.85586 0.000221612 1.77432 0.070194 -0.000293941 0.000464033 0.000274015 -0.000432481 0.00070257 
-3.84384 0.000221386 1.73726 0.0701905 -0.000288421 0.000455044 0.000268871 -0.000424127 0.00068837 
-3.83183 0.000221163 1.70022 0.0701871 -0.000283008 0.000446259 0.000263825 -0.000415942 0.000674513 
-3.81982 0.000220942 1.66318 0.0701837 -0.000277699 0.000437673 0.000258877 -0.000407921 0.000660987 
-3.80781 0.000220724 1.62616 0.0701804 -0.000272493 0.000429216 0.000254025 -0.000400062 0.000647678 
-3.7958 0.000220509 1.58915 0.0701772 -0.000267387 0.000420951 0.000249266 -0.00039236 0.000634689 
-3.78378 0.000220296 1.55215 0.070174 -0.000262379 0.000412871 0.000244598 -0.000384813 0.000622009 
-3.77177 0.000220086 1.51516 0.0701709 -0.000257468 0.000404913 0.00024002 -0.000377417 0.000609531 
-3.75976 0.000219879 1.47818 0.0701678 -0.000252651 0.000397134 0.00023553 -0.000370168 0.000597351 
-3.74775 0.000219674 1.44121 0.0701648 -0.000247926 0.00038953 0.000231127 -0.000363065 0.000585459 
-3.73574 0.000219471 1.40425 0.0701618 -0.000243292 0.000382039 0.000226808 -0.000356103 0.000573756 
-3.72372 0.000219271 1.36731 0.070159 -0.000238747 0.000374717 0.000222571 -0.000349279 0.000562331 
-3.71171 0.000219074 1.33037 0.0701561 -0.000234289 0.000367558 0.000218416 -0.000342592 0.000551175 
-3.6997 0.000218878 1.29344 0.0701533 -0.000229917 0.000360507 0.00021434 -0.000336038 0.000540196 
-3.68769 0.000218685 1.25652 0.0701506 -0.000225628 0.000353613 0.000210342 -0.000329613 0.000529475 
-3.67568 0.000218495 1.21961 0.0701479 -0.000221421 0.000346872 0.000206421 -0.000323316 0.000519006 
-3.66366 0.000218306 1.18272 0.0701453 -0.000217294 0.000340232 0.000202575 -0.000317144 0.000508702 
-3.65165 0.00021812 1.14583 0.0701427 -0.000213247 0.00033374 0.000198801 -0.000311094 0.00049864 
-3.63964 0.000217936 1.10895 0.0701401 -0.000209276 0.000327392 0.0001951 -0.000305164 0.000488812 
-3.62763 0.000217755 1.07208 0.0701377 -0.000205381 0.000321138 0.00019147 -0.000299351 0.000479138 
-3.61562 0.000217575 1.03522 0.0701352 -0.00020156 0.000315024 0.000187908 -0.000293652 0.000469691 
-3.6036 0.000217398 0.998364 0.0701328 -0.000197812 0.000309044 0.000184415 -0.000288066 0.000460463 
-3.59159 0.000217222 0.961521 0.0701305 -0.000194136 0.000303153 0.000180987 -0.00028259 0.000451379 
-3.57958 0.000217049 0.924688 0.0701281 -0.000190529 0.000297393 0.000177625 -0.000277221 0.000442506 
-3.56757 0.000216878 0.887863 0.0701259 -0.000186991 0.000291759 0.000174327 -0.000271958 0.000433839 
-3.55556 0.000216709 0.851046 0.0701237 -0.00018352 0.000286209 0.000171091 -0.000266798 0.000425306 
-3.54354 0.000216542 0.814239 0.0701215 -0.000180114 0.000280781 0.000167917 -0.00026174 0.000416971 
-3.53153 0.000216377 0.77744 0.0701193 -0.000176773 0.000275473 0.000164803 -0.00025678 0.000408827 
-3.51952 0.000216213 0.740649 0.0701172 -0.000173496 0.000270242 0.000161748 -0.000251918 0.000400809 
-3.50751 0.000216052 0.703866 0.0701152 -0.000170281 0.000265127 0.00015875 -0.00024715 0.000392977 
-3.4955 0.000215893 0.667092 0.0701131 -0.000167126 0.000260124 0.00015581 -0.000242476 0.000385324 
-3.48348 0.000215735 0.630326 0.0701111 -0.000164031 0.000255194 0.000152925 -0.000237893 0.000377789 
-3.47147 0.000215579 0.593568 0.0701092 -0.000160995 0.000250373 0.000150094 -0.000233399 0.000370427 
-3.45946 0.000215425 0.556818 0.0701073 -0.000158016 0.000245657 0.000147317 -0.000228993 0.000363233 
-3.44745 0.000215273 0.520076 0.0701054 -0.000155093 0.00024101 0.000144593 -0.000224673 0.000356149 
-3.43544 0.000215123 0.483342 0.0701036 -0.000152225 0.000236465 0.000141919 -0.000220436 0.000349227 
-3.42342 0.000214975 0.446615 0.0701017 -0.000149412 0.000232018 0.000139296 -0.000216282 0.000342463 
-3.41141 0.000214828 0.409896 0.0701 -0.000146651 0.000227637 0.000136723 -0.000212209 0.000335802 
-3.3994 0.000214683 0.373184 0.0700982 -0.000143943 0.000223352 0.000134198 -0.000208214 0.000329293 
-3.38739 0.000214539 0.33648 0.0700965 -0.000141285 0.000219159 0.000131721 -0.000204297 0.000322931 
-3.37538 0.000214398 0.299783 0.0700948 -0.000138677 0.000215028 0.00012929 -0.000200456 0.000316666 
-3.36336 0.000214258 0.263094 0.0700932 -0.000136119 0.000210986 0.000126905 -0.000196689 0.000310544 
-3.35135 0.000214119 0.226411 0.0700916 -0.000133608 0.000207032 0.000124564 -0.000192995 0.000304559 
-3.33934 0.000213982 0.189736 0.07009 -0.000131145 0.000203136 0.000122268 -0.000189372 0.000298665 
-3.32733 0.000213847 0.153068 0.0700884 -0.000128728 0.000199324 0.000120014 -0.000185819 0.000292905 
-3.31532 0.000213713 0.116406 0.0700869 -0.000126356 0.000195595 0.000117803 -0.000182335 0.000287274 
-3.3033 0.000213581 0.0797516 0.0700854 -0.000124029 0.00019192 0.000115634 -0.000178917 0.000281728 
-3.29129 0.000213451 0.0431038 0.0700839 -0.000121745 0.000188324 0.000113505 -0.000175566 0.000276307 
-3.27928 0.000213321 0.00646271 0.0700824 -0.000119504 0.000184806 0.000111416 -0.000172279 0.000271008 
-3.26727 0.000213194 -0.0301717 0.070081 -0.000117305 0.000181339 0.000109366 -0.000169055 0.000265788 
-3.25526 0.000213068 -0.0667996 0.0700796 -0.000115147 0.000177947 0.000107354 -0.000165893 0.000260686 
-3.24324 0.000212943 -0.103421 0.0700783 -0.00011303 0.000174628 0.00010538 -0.000162792 0.000255697 
-3.23123 0.00021282 -0.140036 0.0700769 -0.000110952 0.000171357 0.000103443 -0.00015975 0.000250783 
-3.21922 0.000212698 -0.176645 0.0700756 -0.000108913 0.000168156 0.000101542 -0.000156767 0.00024598 
-3.20721 0.000212577 -0.213247 0.0700743 -0.000106912 0.000165024 9.96765e-05 -0.00015384 0.000241283 
-3.1952 0.000212458 -0.249843 0.070073 -0.000104948 0.000161937 9.78459e-05 -0.00015097 0.000236656 
-3.18318 0.000212341 -0.286434 0.0700718 -0.000103021 0.000158917 9.60494e-05 -0.000148154 0.000232133 
-3.17117 0.000212224 -0.323018 0.0700705 -0.00010113 0.000155961 9.42864e-05 -0.000145393 0.00022771 
-3.15916 0.000212109 -0.359596 0.0700693 -9.92742e-05 0.000153048 9.25563e-05 -0.000142684 0.000223353 
-3.14715 0.000211996 -0.396168 0.0700682 -9.7453e-05 0.000150198 9.08584e-05 -0.000140026 0.000219093 
-3.13514 0.000211883 -0.432734 0.070067 -9.56656e-05 0.000147408 8.91921e-05 -0.00013742 0.000214927 
-3.12312 0.000211772 -0.469295 0.0700659 -9.39116e-05 0.000144658 8.75568e-05 -0.000134863 0.000210823 
-3.11111 0.000211662 -0.50585 0.0700647 -9.21901e-05 0.000141967 8.59519e-05 -0.000132355 0.00020681 
-3.0991 0.000211554 -0.542399 0.0700636 -9.05007e-05 0.000139334 8.43769e-05 -0.000129894 0.000202885 
-3.08709 0.000211446 -0.578942 0.0700626 -8.88427e-05 0.000136739 8.28312e-05 -0.00012748 0.000199019 
-3.07508 0.00021134 -0.61548 0.0700615 -8.72154e-05 0.000134199 8.13141e-05 -0.000125112 0.000195238 
-3.06306 0.000211235 -0.652013 0.0700605 -8.56184e-05 0.000131713 7.98253e-05 -0.00012279 0.00019154 
-3.05105 0.000211132 -0.68854 0.0700595 -8.40511e-05 0.000129262 7.83641e-05 -0.000120511 0.000187897 
-3.03904 0.000211029 -0.725062 0.0700585 -8.25128e-05 0.000126864 7.69299e-05 -0.000118275 0.000184334 
-3.02703 0.000210928 -0.761579 0.0700575 -8.10031e-05 0.000124517 7.55224e-05 -0.000116082 0.000180849 
-3.01502 0.000210828 -0.79809 0.0700565 -7.95214e-05 0.000122203 7.4141e-05 -0.00011393 0.000177416 
-3.003 0.000210728 -0.834596 0.0700556 -7.80671e-05 0.000119939 7.27852e-05 -0.000111819 0.000174058 
-2.99099 0.00021063 -0.871097 0.0700546 -7.66397e-05 0.000117722 7.14545e-05 -0.000109748 0.000170773 
-2.97898 0.000210534 -0.907593 0.0700537 -7.52388e-05 0.000115537 7.01485e-05 -0.000107717 0.000167537 
-2.96697 0.000210438 -0.944084 0.0700528 -7.38639e-05 0.000113399 6.88666e-05 -0.000105723 0.000164371 
-2.95495 0.000210343 -0.98057 0.0700519 -7.25143e-05 0.000111306 6.76084e-05 -0.000103767 0.000161275 
-2.94294 0.00021025 -1.01705 0.0700511 -7.11898e-05 0.000109243 6.63735e-05 -0.000101849 0.000158224 
-2.93093 0.000210157 -1.05353 0.0700502 -6.98897e-05 0.000107223 6.51614e-05 -9.9966e-05 0.00015524 
-2.91892 0.000210066 -1.09 0.0700494 -6.86137e-05 0.000105247 6.39718e-05 -9.81189e-05 0.00015232 
-2.90691 0.000209975 -1.12647 0.0700486 -6.73612e-05 0.000103298 6.28041e-05 -9.63066e-05 0.000149443 
-2.89489 0.000209886 -1.16293 0.0700478 -6.61318e-05 0.000101391 6.1658e-05 -9.45284e-05 0.000146629 
-2.88288 0.000209797 -1.19939 0.070047 -6.49252e-05 9.95235e-05 6.0533e-05 -9.27837e-05 0.000143876 
-2.87087 0.00020971 -1.23584 0.0700462 -6.37408e-05 9.76827e-05 5.94288e-05 -9.10718e-05 0.000141163 
-2.85886 0.000209623 -1.27229 0.0700455 -6.25783e-05 9.5881e-05 5.8345e-05 -8.93921e-05 0.000138509 
-2.84685 0.000209538 -1.30873 0.0700447 -6.14372e-05 9.41173e-05 5.72811e-05 -8.7744e-05 0.000135913 
-2.83483 0.000209453 -1.34517 0.070044 -6.03172e-05 9.23784e-05 5.62369e-05 -8.61269e-05 0.000133354 
-2.82282 0.00020937 -1.3816 0.0700433 -5.92178e-05 9.06764e-05 5.52119e-05 -8.45401e-05 0.000130851 
-2.81081 0.000209287 -1.41804 0.0700426 -5.81386e-05 8.90101e-05 5.42058e-05 -8.29831e-05 0.000128401 
-2.7988 0.000209205 -1.45446 0.0700419 -5.70793e-05 8.73674e-05 5.32182e-05 -8.14553e-05 0.000125988 
-2.78679 0.000209125 -1.49088 0.0700412 -5.60395e-05 8.57594e-05 5.22488e-05 -7.99561e-05 0.000123626 
-2.77477 0.000209045 -1.5273 0.0700405 -5.50189e-05 8.41851e-05 5.12972e-05 -7.84851e-05 0.000121316 
-2.76276 0.000208966 -1.56372 0.0700399 -5.4017e-05 8.2633e-05 5.03631e-05 -7.70416e-05 0.000119038 
-2.75075 0.000208888 -1.60013 0.0700392 -5.30336e-05 8.11137e-05 4.94462e-05 -7.56251e-05 0.000116811 
-2.73874 0.000208811 -1.63653 0.0700386 -5.20682e-05 7.96262e-05 4.85462e-05 -7.42351e-05 0.00011463 
-2.72673 0.000208734 -1.67293 0.070038 -5.11206e-05 7.81596e-05 4.76627e-05 -7.28711e-05 0.000112482 
-2.71471 0.000208659 -1.70933 0.0700374 -5.01904e-05 7.67239e-05 4.67954e-05 -7.15326e-05 0.00011038 
-2.7027 0.000208584 -1.74572 0.0700368 -4.92772e-05 7.53183e-05 4.59441e-05 -7.02192e-05 0.000108324 
-2.69069 0.00020851 -1.78211 0.0700362 -4.83809e-05 7.39324e-05 4.51084e-05 -6.89302e-05 0.000106299 
-2.67868 0.000208437 -1.8185 0.0700356 -4.7501e-05 7.25756e-05 4.4288e-05 -6.76652e-05 0.00010432 
-2.66667 0.000208365 -1.85488 0.070035 -4.66372e-05 7.1247e-05 4.34827e-05 -6.64238e-05 0.000102393 
-2.65465 0.000208294 -1.89126 0.0700345 -4.57893e-05 6.99369e-05 4.26922e-05 -6.52053e-05 0.000100506 
-2.64264 0.000208223 -1.92764 0.0700339 -4.49569e-05 6.86538e-05 4.19161e-05 -6.40089e-05 9.86913e-05 
-2.63063 0.000208154 -1.96401 0.0700334 -4.41398e-05 6.73959e-05 4.11543e-05 -6.28337e-05 9.70099e-05 
-2.61862 0.000208085 -2.00037 0.0700329 -4.33378e-05 6.61534e-05 4.04065e-05 -6.16781e-05 9.54796e-05 
-2.60661 0.000208018 -2.03673 0.0700324 -4.25505e-05 6.49319e-05 3.96725e-05 -6.05385e-05 9.42691e-05 
-2.59459 0.000207952 -2.07308 0.0700319 -4.17778e-05 6.37211e-05 3.89521e-05 -5.94095e-05 9.39178e-05 
-2.58258 0.000207889 -2.10942 0.0700314 -4.10196e-05 6.25076e-05 3.82453e-05 -5.82806e-05 9.46331e-05 
-2.57057 0.000207831 -2.14574 0.0700309 -4.02762e-05 6.1276e-05 3.75521e-05 -5.71255e-05 9.76888e-05 
-2.55856 0.000207782 -2.18201 0.0700304 -3.9548e-05 5.99481e-05 3.68731e-05 -5.59051e-05 0.000107105 
-2.54655 0.000207752 -2.21819 0.0700299 -3.88362e-05 5.84866e-05 3.62096e-05 -5.45409e-05 0.000124196 
-2.53453 0.000207759 -2.25419 0.0700295 -3.81443e-05 5.67206e-05 3.55642e-05 -5.28463e-05 0.000157954 
-2.52252 0.000207837 -2.28985 0.070029 -3.74774e-05 5.41104e-05 3.49422e-05 -5.05521e-05 0.000234797 
-2.51051 0.000208055 -2.32484 0.0700286 -3.68458e-05 5.04829e-05 3.43542e-05 -4.71307e-05 0.000361487 
-2.4985 0.000208545 -2.35853 0.0700281 -3.62745e-05 4.46475e-05 3.38197e-05 -4.13882e-05 0.000594632 
-2.48649 0.000209546 -2.38977 0.0700277 -3.57982e-05 3.32674e-05 3.33746e-05 -3.16704e-05 0.00108859 
-2.47447 0.000211526 -2.4164 0.0700273 -3.54848e-05 1.55287e-05 3.3087e-05 -1.48011e-05 0.00187218 
-2.46246 0.000215325 -2.43464 0.0700268 -3.54861e-05 -1.57408e-05 3.30777e-05 1.60459e-05 0.00326385 
-2.45045 0.00022245 -2.4381 0.0700264 -3.60071e-05 -7.90065e-05 3.35585e-05 6.99754e-05 0.00606868 
-2.43844 0.0002357 -2.41622 0.070026 -3.74373e-05 -0.000177646 3.49172e-05 0.000164122 0.0103932 
-2.42643 0.000259966 -2.35438 0.0700255 -4.06088e-05 -0.00035041 3.78181e-05 0.000333833 0.0178637 
-2.41441 0.000303702 -2.23434 0.070025 -4.66023e-05 -0.000688968 4.33882e-05 0.000623792 0.0321079 
-2.4024 0.000382093 -2.04094 0.0700244 -5.7425e-05 -0.00120365 5.36017e-05 0.00111586 0.053457 
-2.39039 0.000520756 -1.76755 0.0700236 -7.71522e-05 -0.00208093 7.17251e-05 0.00197354 0.0893472 
-2.37838 0.000762637 -1.42156 0.0700225 -0.000110919 -0.0037355 0.000103146 0.00339744 0.15523 
-2.36637 0.00118218 -1.01961 0.0700208 -0.000168092 -0.00618779 0.00015701 0.00574786 0.251128 
-2.35435 0.00190069 -0.581085 0.0700182 -0.000266853 -0.0102559 0.000247921 0.00970105 0.407078 
-2.34234 0.00311518 -0.122443 0.0700142 -0.000429203 -0.0175925 0.000399145 0.0160525 0.67957 
-2.33033 0.00515367 0.34461 0.0700075 -0.000694329 -0.0281485 0.00064859 0.026193 1.0626 
-2.31832 0.00852864 0.812045 0.0699967 -0.00113423 -0.0450947 0.00105426 0.042549 1.66068 
-2.30631 0.014036 1.27466 0.0699793 -0.00183135 -0.0739555 0.0017045 0.0677377 2.62471 
-2.29429 0.022918 1.72857 0.0699512 -0.00292721 -0.113652 0.00273391 0.106052 3.88664 
-2.28228 0.036959 2.17034 0.0699064 -0.00465449 -0.173941 0.00433125 0.163488 5.67639 
-2.27027 0.0586587 2.59633 0.069836 -0.00724532 -0.265167 0.00675416 0.244596 7.94866 
-2.25826 0.091259 3.00199 0.0697274 -0.0110575 -0.378096 0.010324 0.354522 10.2712 
-2.24625 0.138287 3.38169 0.0695638 -0.0164826 -0.52519 0.0153714 0.489857 12.2621 
-2.23423 0.202883 3.72861 0.0693242 -0.0237208 -0.682528 0.0221567 0.638625 11.9262 
-2.22222 0.2858 4.03543 0.0689862 -0.0328591 -0.826168 0.0306597 0.773416 9.62112 
-2.21021 0.384371 4.29571 0.0685297 -0.0433374 -0.918474 0.0405026 0.853633 3.73512 
-2.1982 0.49142 4.50544 0.067942 -0.054457 -0.906987 0.0508701 0.858411 -3.20262 
-2.18619 0.597445 4.66485 0.0672236 -0.0650338 -0.833455 0.0607765 0.777601 -9.53575 
-2.17417 0.693487 4.77786 0.066386 -0.074109 -0.677579 0.0693457 0.642232 -13.0033 
-2.16216 0.773919 4.8516 0.0654509 -0.0812462 -0.507111 0.0760833 0.480068 -13.1723 
-2.15015 0.837232 4.89413 0.0644426 -0.0862992 -0.341516 0.0809225 0.328038 -11.8373 
-2.13814 0.884684 4.91324 0.0633846 -0.0895824 -0.20513 0.0840702 0.201156 -9.28864 
-2.12613 0.919136 4.9154 0.0622965 -0.0913905 -0.104985 0.0858748 0.103913 -6.95628 
-2.11411 0.943582 4.90561 0.0611933 -0.0921364 -0.0260832 0.0866752 0.0336522 -4.88059 
-2.1021 0.960715 4.88757 0.0600859 -0.0921409 0.0253283 0.0867639 -0.0158325 -3.35863 
-2.09009 0.972637 4.86386 0.0589819 -0.0916062 0.0593706 0.0863618 -0.0490968 -2.29427 
-2.07808 0.9809 4.83628 0.0578865 -0.0907284 0.0842539 0.0856283 -0.0713267 -1.48073 
-2.06607 0.986637 4.80608 0.0568031 -0.0896276 0.0990293 0.0846772 -0.0859983 -0.962073 
-2.05405 0.990626 4.77408 0.0557339 -0.0883748 0.108139 0.0835849 -0.0952172 -0.616044 
-2.04204 0.993406 4.74085 0.0546803 -0.087034 0.114318 0.0824036 -0.100933 -0.359874 
-2.03003 0.995354 4.70677 0.0536432 -0.0856425 0.117371 0.0811691 -0.1043 -0.200643 
-2.01802 0.996726 4.67211 0.052623 -0.084222 0.118711 0.0799049 -0.105995 -0.0950223 
-2.00601 0.997695 4.63705 0.0516199 -0.0827919 0.119168 0.0786269 -0.106624 -0.0171254 
-1.99399 0.998384 4.6017 0.050634 -0.0813633 0.118689 0.0773461 -0.106539 0.031209 
-1.98198 0.998877 4.56616 0.0496652 -0.0799428 0.117703 0.0760695 -0.105948 0.0631762 
-1.96997 0.999231 4.53048 0.0487134 -0.078536 0.116458 0.074802 -0.105034 0.086645 
-1.95796 0.999487 4.4947 0.0477784 -0.0771462 0.114942 0.073547 -0.103907 0.100986 
-1.94595 0.999672 4.45885 0.0468599 -0.0757753 0.113289 0.0723064 -0.102631 0.110191 
-1.93393 0.999808 4.42295 0.0459579 -0.0744247 0.111569 0.0710817 -0.101264 0.116711 
-1.92192 0.999908 4.38701 0.0450719 -0.0730952 0.109785 0.0698738 -0.0998407 0.120314 
-1.90991 0.999981 4.35105 0.0442017 -0.0717873 0.10798 0.0686833 -0.0983814 0.122245 
-1.8979 1.00004 4.31506 0.0433472 -0.0705011 0.106169 0.0675104 -0.0969052 0.123298 
-1.88589 1.00008 4.27907 0.0425079 -0.0692367 0.10436 0.0663552 -0.0954236 0.123385 
-1.87387 1.00011 4.24306 0.0416837 -0.0679939 0.102567 0.0652179 -0.0939435 0.122913 
-1.86186 1.00013 4.20705 0.0408743 -0.0667726 0.100787 0.0640983 -0.0924712 0.122145 
-1.84985 1.00015 4.17103 0.0400795 -0.0655725 0.0990311 0.0629963 -0.0910106 0.121052 
-1.83784 1.00016 4.13501 0.0392989 -0.0643933 0.0973027 0.0619118 -0.0895639 0.119772 
-1.82583 1.00017 4.09898 0.0385324 -0.0632348 0.0955934 0.0608446 -0.0881333 0.118394 
-1.81381 1.00018 4.06295 0.0377797 -0.0620966 0.0939141 0.0597944 -0.0867201 0.11691 
-1.8018 1.00018 4.02692 0.0370405 -0.0609785 0.0922656 0.0587611 -0.0853249 0.11537 
-1.78979 1.00019 3.99089 0.0363147 -0.05988 0.0906378 0.0577445 -0.0839485 0.113801 
-1.77778 1.00019 3.95486 0.0356019 -0.0588009 0.0890411 0.0567443 -0.0825911 0.112204 
-1.76577 1.00019 3.91883 0.034902 -0.0577408 0.0874754 0.0557603 -0.0812529 0.110598 
-1.75375 1.0002 3.88279 0.0342147 -0.0566993 0.0859303 0.0547922 -0.0799341 0.108989 
-1.74174 1.0002 3.84676 0.0335398 -0.0556762 0.0844157 0.0538398 -0.0786345 0.107383 
-1.72973 1.0002 3.81072 0.032877 -0.0546712 0.0829311 0.052903 -0.0773543 0.105784 
-1.71772 1.0002 3.77469 0.0322263 -0.0536839 0.0814664 0.0519814 -0.0760932 0.104194 
-1.70571 1.0002 3.73865 0.0315873 -0.0527139 0.0800311 0.0510748 -0.0748511 0.102616 
-1.69369 1.0002 3.70262 0.0309598 -0.0517611 0.0786246 0.0501831 -0.0736279 0.101054 
-1.68168 1.0002 3.66658 0.0303437 -0.050825 0.077237 0.0493059 -0.0724233 0.0995027 
-1.66967 1.0002 3.63055 0.0297387 -0.0499054 0.0758775 0.0484431 -0.0712373 0.0979693 
-1.65766 1.0002 3.59451 0.0291447 -0.049002 0.0745453 0.0475945 -0.0700696 0.0964545 
-1.64565 1.0002 3.55848 0.0285614 -0.0481145 0.0732311 0.0467597 -0.0689201 0.0949523 
-1.63363 1.0002 3.52244 0.0279887 -0.0472426 0.0719437 0.0459386 -0.0677884 0.0934694 
-1.62162 1.0002 3.4864 0.0274264 -0.046386 0.0706822 0.0451311 -0.0666745 0.0920062 
-1.60961 1.0002 3.45037 0.0268743 -0.0455445 0.0694379 0.0443368 -0.065578 0.0905562 
-1.5976 1.0002 3.41433 0.0263322 -0.0447177 0.0682188 0.0435556 -0.0644989 0.0891262 
-1.58559 1.0002 3.3783 0.0257999 -0.0439055 0.0670245 0.0427872 -0.0634368 0.0877161 
-1.57357 1.0002 3.34226 0.0252773 -0.0431075 0.0658463 0.0420315 -0.0623915 0.0863193 
-1.56156 1.0002 3.30622 0.0247643 -0.0423235 0.0646922 0.0412882 -0.0613629 0.0849426 
-1.54955 1.0002 3.27019 0.0242605 -0.0415532 0.0635614 0.0405572 -0.0603508 0.0835858 
-1.53754 1.0002 3.23415 0.0237659 -0.0407964 0.0624461 0.0398383 -0.0593549 0.0822423 
-1.52553 1.0002 3.19812 0.0232804 -0.0400529 0.0613535 0.0391312 -0.0583749 0.0809186 
-1.51351 1.0002 3.16208 0.0228036 -0.0393224 0.0602831 0.0384358 -0.0574108 0.0796147 
-1.5015 1.0002 3.12604 0.0223356 -0.0386046 0.0592272 0.0377519 -0.0564622 0.0783239 
-1.48949 1.0002 3.09001 0.0218761 -0.0378994 0.058193 0.0370793 -0.055529 0.0770527 
-1.47748 1.0002 3.05397 0.0214251 -0.0372065 0.0571797 0.0364178 -0.054611 0.0758009 
-1.46547 1.0002 3.01794 0.0209823 -0.0365257 0.0561803 0.0357673 -0.053708 0.0745621 
-1.45345 1.0002 2.9819 0.0205475 -0.0358567 0.0552014 0.0351275 -0.0528197 0.0733424 
-1.44144 1.0002 2.94586 0.0201208 -0.0351995 0.0542423 0.0344983 -0.0519459 0.0721419 
-1.42943 1.0002 2.90983 0.0197019 -0.0345536 0.0532964 0.0338795 -0.0510865 0.0709539 
-1.41742 1.0002 2.87379 0.0192906 -0.033919 0.0523698 0.0332709 -0.0502412 0.0697848 
-1.40541 1.0002 2.83776 0.0188869 -0.0332954 0.0514621 0.0326724 -0.0494099 0.0686344 
-1.39339 1.0002 2.80172 0.0184907 -0.0326826 0.0505668 0.0320839 -0.0485923 0.0674964 
-1.38138 1.0002 2.76568 0.0181017 -0.0320805 0.0496899 0.031505 -0.0477883 0.0663767 
-1.36937 1.0002 2.72965 0.0177199 -0.0314888 0.0488308 0.0309357 -0.0469976 0.0652753 
-1.35736 1.0002 2.69361 0.0173452 -0.0309074 0.0479835 0.0303759 -0.0462201 0.064186 
-1.34535 1.0002 2.65758 0.0169774 -0.030336 0.0471536 0.0298253 -0.0454555 0.0631147 
-1.33333 1.0002 2.62154 0.0166164 -0.0297745 0.0463407 0.0292838 -0.0447037 0.0620612 
-1.32132 1.0002 2.5855 0.016262 -0.0292227 0.0455388 0.0287513 -0.0439645 0.0610195 
-1.30931 1.0002 2.54947 0.0159143 -0.0286804 0.0447535 0.0282275 -0.0432377 0.0599953 
-1.2973 1.0002 2.51343 0.015573 -0.0281474 0.0439841 0.0277125 -0.0425231 0.0589886 
-1.28529 1.0002 2.47739 0.015238 -0.0276237 0.0432253 0.0272059 -0.0418206 0.0579933 
-1.27327 1.0002 2.44136 0.0149093 -0.0271089 0.0424821 0.0267077 -0.0411298 0.0570151 
-1.26126 1.0002 2.40532 0.0145867 -0.026603 0.0417541 0.0262178 -0.0404508 0.0560539 
-1.24925 1.0002 2.36929 0.0142702 -0.0261058 0.041036 0.0257359 -0.0397832 0.0551039 
-1.23724 1.0002 2.33325 0.0139595 -0.0256171 0.0403327 0.025262 -0.0391269 0.0541706 
-1.22523 1.0002 2.29721 0.0136547 -0.0251368 0.0396438 0.0247959 -0.0384817 0.0532538 
-1.21321 1.0002 2.26118 0.0133556 -0.0246647 0.0389643 0.0243374 -0.0378475 0.052348 
-1.2012 1.0002 2.22514 0.0130621 -0.0242006 0.0382987 0.0238866 -0.037224 0.0514584 
-1.18919 1.0002 2.18911 0.0127742 -0.0237445 0.0376468 0.0234431 -0.0366112 0.0505849 
-1.17718 1.0002 2.15307 0.0124917 -0.0232962 0.0370037 0.023007 -0.0360087 0.0497221 
-1.16517 1.0002 2.11703 0.0122145 -0.0228555 0.0363739 0.022578 -0.0354166 0.0488752 
-1.15315 1.0002 2.081 0.0119426 -0.0224223 0.0357568 0.0221561 -0.0348345 0.048044 
-1.14114 1.0002 2.04496 0.0116758 -0.0219964 0.0351482 0.0217411 -0.0342623 0.0472232 
-1.12913 1.0002 2.00893 0.0114141 -0.0215778 0.0345521 0.0213329 -0.0336999 0.0464179 
-1.11712 1.0002 1.97289 0.0111574 -0.0211663 0.033968 0.0209315 -0.0331471 0.0456279 
-1.10511 1.0002 1.93685 0.0109056 -0.0207618 0.033392 0.0205366 -0.0326038 0.0448481 
-1.09309 1.0002 1.90082 0.0106586 -0.0203641 0.0328277 0.0201482 -0.0320696 0.0440834 
-1.08108 1.0002 1.86478 0.0104163 -0.0199731 0.0322748 0.0197661 -0.0315446 0.0433337 
-1.06907 1.0002 1.82875 0.0101787 -0.0195887 0.0317294 0.0193903 -0.0310286 0.0425939 
-1.05706 1.0002 1.79271 0.00994568 -0.0192107 0.0311951 0.0190206 -0.0305213 0.0418688 
-1.04505 1.0002 1.75667 0.00971716 -0.0188392 0.0306716 0.018657 -0.0300226 0.0411584 
-1.03303 1.0002 1.72064 0.00949306 -0.0184739 0.0301551 0.0182993 -0.0295325 0.0404577 
-1.02102 1.0002 1.6846 0.00927332 -0.0181147 0.0296491 0.0179475 -0.0290506 0.0397715 
-1.00901 1.0002 1.64857 0.00905785 -0.0177615 0.0291533 0.0176014 -0.0285769 0.0390995 
-0.996997 1.0002 1.61253 0.00884659 -0.0174143 0.028664 0.0172609 -0.0281113 0.038437 
-0.984985 1.0002 1.57649 0.00863946 -0.0170729 0.0281846 0.016926 -0.0276535 0.0377886 
-0.972973 1.0002 1.54046 0.00843641 -0.0167372 0.0277148 0.0165965 -0.0272034 0.0371543 
-0.960961 1.0002 1.50442 0.00823735 -0.016407 0.0272511 0.0162724 -0.0267609 0.0365291 
-0.948949 1.0002 1.46839 0.00804222 -0.0160824 0.0267967 0.0159536 -0.0263257 0.0359178 
-0.936937 1.0002 1.43235 0.00785096 -0.0157632 0.0263512 0.01564 -0.0258979 0.0353202 
-0.924925 1.0002 1.39631 0.0076635 -0.0154494 0.0259116 0.0153314 -0.0254772 0.0347316 
-0.912913 1.0002 1.36028 0.00747979 -0.0151407 0.0254806 0.0150279 -0.0250635 0.0341566 
-0.900901 1.0002 1.32424 0.00729974 -0.0148372 0.025058 0.0147293 -0.0246566 0.0335948 
-0.888889 1.0002 1.28821 0.00712332 -0.0145387 0.0246409 0.0144355 -0.0242564 0.033042 
-0.876877 1.0002 1.25217 0.00695045 -0.0142452 0.0242318 0.0141465 -0.0238627 0.0325023 
-0.864865 1.0002 1.21613 0.00678107 -0.0139565 0.0238306 0.0138622 -0.0234755 0.0319757 
-0.852853 1.0002 1.1801 0.00661513 -0.0136726 0.0234345 0.0135825 -0.0230945 0.0314577 
-0.840841 1.0002 1.14406 0.00645258 -0.0133935 0.0230459 0.0133073 -0.0227197 0.0309526 
-0.828829 1.0002 1.10802 0.00629335 -0.013119 0.0226646 0.0130367 -0.0223508 0.0304601 
-0.816817 1.0002 1.07199 0.00613739 -0.012849 0.0222881 0.0127704 -0.0219879 0.0299761 
-0.804805 1.0002 1.03595 0.00598465 -0.0125835 0.0219186 0.0125084 -0.0216306 0.0295046 
-0.792793 1.0002 0.999917 0.00583507 -0.0123224 0.0215559 0.0122507 -0.021279 0.0290454 
-0.780781 1.0002 0.963881 0.0056886 -0.0120656 0.0211976 0.0119972 -0.0209328 0.0285944 
-0.768769 1.0002 0.927845 0.00554519 -0.0118131 0.0208459 0.0117478 -0.020592 0.0281554 
-0.756757 1.0002 0.891809 0.00540478 -0.0115648 0.0205004 0.0115024 -0.0202564 0.0277284 
-0.744745 1.0002 0.855773 0.00526734 -0.0113206 0.020159 0.0112611 -0.0199258 0.0273092 
-0.732733 1.0002 0.819737 0.0051328 -0.0110805 0.0198237 0.0110237 -0.0196002 0.0269018 
-0.720721 1.0002 0.783701 0.00500112 -0.0108443 0.0194942 0.0107902 -0.0192795 0.0265057 
-0.708709 1.0002 0.747664 0.00487226 -0.0106121 0.0191685 0.0105605 -0.0189635 0.0261172 
-0.696697 1.0002 0.711628 0.00474616 -0.0103838 0.0188484 0.0103346 -0.018652 0.0257398 
-0.684685 1.0002 0.675592 0.00462279 -0.0101593 0.0185337 0.0101124 -0.018345 0.0253734 
-0.672673 1.0002 0.639556 0.00450208 -0.00993853 0.0182225 0.00989388 -0.0180424 0.0250141 
-0.660661 1.0002 0.60352 0.00438401 -0.00972148 0.0179164 0.00967895 -0.017744 0.0246654 
-0.648649 1.0002 0.567484 0.00426852 -0.00950808 0.0176153 0.00946758 -0.0174498 0.024327 
-0.636637 1.0002 0.531448 0.00415557 -0.00929828 0.0173174 0.00925972 -0.0171596 0.0239952 
-0.624625 1.0002 0.495412 0.00404512 -0.00909203 0.0170242 0.00905532 -0.0168733 0.0236735 
-0.612613 1.0002 0.459376 0.00393713 -0.00888927 0.0167357 0.00885434 -0.0165908 0.0233613 
-0.600601 1.0002 0.42334 0.00383155 -0.00868996 0.0164501 0.00865673 -0.0163121 0.0230553 
-0.588589 1.0002 0.387304 0.00372835 -0.00849405 0.0161688 0.00846245 -0.0160369 0.0227585 
-0.576577 1.0002 0.351268 0.00362748 -0.0083015 0.0158918 0.00827144 -0.0157653 0.0224705 
-0.564565 1.0002 0.315232 0.0035289 -0.00811226 0.0156175 0.00808369 -0.0154971 0.0221882 
-0.552553 1.0002 0.279196 0.00343257 -0.00792629 0.0153473 0.00789913 -0.0152322 0.0219142 
-0.540541 1.0002 0.24316 0.00333846 -0.00774354 0.0150809 0.00771773 -0.0149706 0.0216481 
-0.528529 1.0002 0.207124 0.00324653 -0.00756398 0.0148171 0.00753946 -0.0147121 0.0213871 
-0.516517 1.0002 0.171088 0.00315673 -0.00738756 0.0145569 0.00736428 -0.0144567 0.0211335 
-0.504505 1.0002 0.135052 0.00306904 -0.00721425 0.0143004 0.00719214 -0.0142044 0.0208868 
-0.492492 1.0002 0.0990157 0.00298341 -0.00704401 0.0140461 0.00702302 -0.0139549 0.0206446 
-0.48048 1.0002 0.0629796 0.0028998 -0.00687679 0.0137954 0.00685688 -0.0137084 0.0204088 
-0.468468 1.0002 0.0269436 0.00281819 -0.00671257 0.0135479 0.00669368 -0.0134646 0.0201789 
-0.456456 1.0002 -0.00909248 0.00273853 -0.00655131 0.0133027 0.00653339 -0.0132236 0.0199527 
-0.444444 1.0002 -0.0451285 0.00266079 -0.00639297 0.0130606 0.00637599 -0.0129852 0.019732 
-0.432432 1.0002 -0.0811646 0.00258493 -0.00623753 0.0128217 0.00622142 -0.0127495 0.019516 
-0.42042 1.0002 -0.117201 0.00251092 -0.00608494 0.0125848 0.00606968 -0.0125164 0.0193032 
-0.408408 1.0002 -0.153237 0.00243873 -0.00593518 0.0123509 0.00592072 -0.0122858 0.0190946 
-0.396396 1.0002 -0.189273 0.00236833 -0.00578821 0.01212 0.00577452 -0.0120576 0.0188897 
-0.384384 1.0002 -0.225309 0.00229967 -0.005644 0.011891 0.00563104 -0.011832 0.0186873 
-0.372372 1.0002 -0.261345 0.00223272 -0.00550253 0.0116648 0.00549026 -0.0116087 0.018488 
-0.36036 1.0002 -0.297381 0.00216746 -0.00536375 0.0114415 0.00535214 -0.0113878 0.0182914 
-0.348348 1.0002 -0.333417 0.00210385 -0.00522765 0.01122 0.00521667 -0.0111692 0.0180965 
-0.336336 1.0002 -0.369453 0.00204186 -0.00509419 0.0110013 0.0050838 -0.010953 0.0179038 
-0.324324 1.0002 -0.405489 0.00198146 -0.00496335 0.0107853 0.00495352 -0.0107391 0.0177127 
-0.312312 1.0002 -0.441525 0.00192261 -0.00483508 0.0105711 0.0048258 -0.0105275 0.0175227 
-0.3003 1.0002 -0.477561 0.00186529 -0.00470937 0.0103595 0.0047006 -0.0103181 0.0173339 
-0.288288 1.0002 -0.513597 0.00180947 -0.00458619 0.0101506 0.0045779 -0.0101111 0.0171459 
-0.276276 1.0002 -0.549633 0.0017551 -0.00446551 0.0099435 0.00445768 -0.00990623 0.0169582 
-0.264264 1.0002 -0.585669 0.00170218 -0.0043473 0.00973901 0.00433991 -0.00970365 0.016771 
-0.252252 1.0002 -0.621705 0.00165065 -0.00423153 0.00953715 0.00422455 -0.00950332 0.0165838 
-0.24024 1.0002 -0.657741 0.00160051 -0.00411818 0.00933703 0.00411159 -0.00930524 0.0163964 
-0.228228 1.0002 -0.693777 0.00155171 -0.00400721 0.00913955 0.00400099 -0.00910942 0.0162087 
-0.216216 1.0002 -0.729813 0.00150423 -0.0038986 0.00894469 0.00389274 -0.00891585 0.0160204 
-0.204204 1.0002 -0.765849 0.00145804 -0.00379232 0.00875158 0.00378679 -0.00872454 0.0158316 
-0.192192 1.0002 -0.801885 0.00141311 -0.00368834 0.00856111 0.00368313 -0.00853551 0.0156418 
-0.18018 1.0002 -0.837921 0.00136942 -0.00358663 0.00837329 0.00358172 -0.00834877 0.015451 
-0.168168 1.0002 -0.873957 0.00132694 -0.00348717 0.00818725 0.00348255 -0.00816432 0.0152593 
-0.156156 1.0002 -0.909994 0.00128564 -0.00338993 0.00800387 0.00338557 -0.00798218 0.0150664 
-0.144144 1.0002 -0.94603 0.00124549 -0.00329488 0.00782318 0.00329077 -0.00780237 0.014872 
-0.132132 1.0002 -0.982066 0.00120647 -0.00320198 0.00764428 0.00319812 -0.0076249 0.0146767 
-0.12012 1.0002 -1.0181 0.00116856 -0.00311122 0.0074681 0.00310758 -0.00744978 0.0144799 
-0.108108 1.0002 -1.05414 0.00113172 -0.00302256 0.00729465 0.00301914 -0.00727704 0.0142815 
-0.0960961 1.0002 -1.09017 0.00109594 -0.00293597 0.00712302 0.00293275 -0.00710669 0.0140821 
-0.0840841 1.0002 -1.12621 0.00106118 -0.00285142 0.00695416 0.0028484 -0.00693874 0.0138812 
-0.0720721 1.0002 -1.16225 0.00102742 -0.00276889 0.00678807 0.00276605 -0.00677321 0.0136788 
-0.0600601 1.0002 -1.19828 0.00099465 -0.00268834 0.00662385 0.00268567 -0.00661012 0.0134754 
-0.048048 1.0002 -1.23432 0.000962832 -0.00260974 0.00646243 0.00260723 -0.00644949 0.0132705 
-0.036036 1.0002 -1.27035 0.000931946 -0.00253307 0.00630383 0.00253071 -0.00629132 0.0130644 
-0.024024 1.0002 -1.30639 0.00090197 -0.0024583 0.00614713 0.00245608 -0.00613563 0.0128575 
-0.012012 1.0002 -1.34243 0.000872881 -0.00238538 0.00599327 0.0023833 -0.00598243 0.0126494 
0 1.0002 -1.37846 0.000844656 -0.0023143 0.00584227 0.00231235 -0.00583174 0.0124402 
