-12 1 34.6213 37154.2 -38607.3 39003 -8.36129e-163 -5.35841e-161 2.06039e-158 
-11.988 1 34.5853 36693.3 -38141.6 38536.4 1.06634e-162 3.95171e-160 1.18957e-158 
-11.976 1 34.5493 36237.9 -37681.5 38076.2 2.40086e-162 -5.2849e-160 -1.65685e-157 
-11.964 1 34.5132 35788 -37226.8 37622.1 -1.16458e-161 -7.4633e-160 2.86975e-157 
-11.952 1 34.4772 35343.5 -36777.6 37172 1.48521e-161 5.50402e-159 1.65685e-157 
-11.9399 1 34.4412 34904.4 -36333.8 36728 3.34397e-161 -7.36092e-159 -2.3077e-156 
-11.9279 1 34.4051 34470.6 -35895.2 36290 -1.62205e-160 -1.0395e-158 3.99705e-156 
-11.9159 1 34.3691 34042.1 -35461.9 35855.9 2.06864e-160 7.66611e-158 2.3077e-156 
-11.9039 1 34.333 33618.7 -35033.8 35427.6 4.65754e-160 -1.02524e-157 -3.21421e-155 
-11.8919 1 34.297 33200.4 -34610.8 35005.1 -2.25922e-159 -1.44784e-157 5.56717e-155 
-11.8799 1 34.261 32787.2 -34192.8 34586.3 2.88124e-159 1.06775e-156 3.21421e-155 
-11.8679 1 34.2249 32378.9 -33779.9 34173.2 6.48712e-159 -1.42798e-156 -4.47681e-154 
-11.8559 1 34.1889 31975.6 -33371.8 33765.6 -3.14669e-158 -2.01658e-156 7.75407e-154 
-11.8438 1 34.1529 31577.2 -32968.7 33361.7 4.01305e-158 1.48719e-155 4.47681e-154 
-11.8318 1 34.1168 31183.5 -32570.3 32963.1 9.0354e-158 -1.98892e-155 -6.2354e-153 
-11.8198 1 34.0808 30794.7 -32176.8 32570 -4.38277e-157 -2.80874e-155 1.08e-152 
-11.8078 1 34.0448 30410.5 -31787.9 32180.3 5.58945e-157 2.07138e-154 6.2354e-153 
-11.7958 1 34.0087 30031 -31403.6 31795.9 1.25847e-156 -2.77021e-154 -8.68479e-152 
-11.7838 1 33.9727 29656.1 -31024 31416.7 -6.10441e-156 -3.91207e-154 1.50425e-151 
-11.7718 1 33.9367 29285.6 -30648.9 31040.8 7.78511e-156 2.88506e-153 8.68479e-152 
-11.7598 1 33.9006 28919.7 -30278.2 30670 1.75282e-155 -3.8584e-153 -1.20963e-150 
-11.7477 1 33.8646 28558.2 -29912 30304.1 -8.50235e-155 -5.44881e-153 2.09515e-150 
-11.7357 1 33.8285 28201.1 -29550.2 29941.6 1.08433e-154 4.01838e-152 1.20963e-150 
-11.7237 1 33.7925 27848.3 -29192.7 29583.9 2.44136e-154 -5.37406e-152 -1.6848e-149 
-11.7117 1 33.7565 27499.8 -28839.5 29231 -1.18422e-153 -7.58921e-152 2.91817e-149 
-11.6997 1 33.7204 27155.4 -28490.4 28881.3 1.51027e-153 5.59688e-151 1.6848e-149 
-11.6877 1 33.6844 26815.3 -28145.6 28536.2 3.40038e-153 -7.4851e-151 -2.34663e-148 
-11.6757 1 33.6484 26479.2 -27804.9 28195.8 -1.64941e-152 -1.05704e-150 4.06448e-148 
-11.6637 1 33.6123 26147.3 -27468.2 27858.4 2.10354e-152 7.79544e-150 2.34663e-148 
-11.6517 1 33.5763 25819.3 -27135.6 27525.6 4.73612e-152 -1.04254e-149 -3.26843e-147 
-11.6396 1 33.5403 25495.4 -26806.9 27197.2 -2.29733e-151 -1.47227e-149 5.66109e-147 
-11.6276 1 33.5042 25175.3 -26482.2 26871.8 2.92985e-151 1.08577e-148 3.26843e-147 
-11.6156 1 33.4682 24859.1 -26161.3 26550.8 6.59656e-151 -1.45207e-148 -4.55234e-146 
-11.6036 1 33.4321 24546.8 -25844.3 26234 -3.19977e-150 -2.0506e-148 7.88488e-146 
-11.5916 1 33.3961 24238.2 -25531.1 25920.1 4.08075e-150 1.51228e-147 4.55234e-146 
-11.5796 1 33.3601 23933.4 -25221.6 25610.4 9.18783e-150 -2.02247e-147 -6.34059e-145 
-11.5676 1 33.324 23632.3 -24915.8 25304.8 -4.45671e-149 -2.85612e-147 1.09822e-144 
-11.5556 1 33.288 23334.8 -24613.7 25002 5.68375e-149 2.10633e-146 6.34059e-145 
-11.5435 1 33.252 23041 -24315.1 24703.3 1.2797e-148 -2.81694e-146 -8.8313e-144 
-11.5315 1 33.2159 22750.7 -24020.2 24408.5 -6.2074e-148 -3.97807e-146 1.52963e-143 
-11.5195 1 33.1799 22463.9 -23728.7 24116.4 7.91644e-148 2.93374e-145 8.8313e-144 
-11.5075 1 33.1439 22180.6 -23440.8 23828.2 1.78239e-147 -3.92349e-145 -1.23004e-142 
-11.4955 1 33.1078 21900.7 -23156.3 23543.9 -8.64579e-147 -5.54073e-145 2.1305e-142 
-11.4835 1 33.0718 21624.3 -22875.2 23262.1 1.10262e-146 4.08617e-144 1.23004e-142 
-11.4715 1 33.0357 21351.2 -22597.4 22984.2 2.48255e-146 -5.46472e-144 -1.71323e-141 
-11.4595 1 32.9997 21081.4 -22323 22709.9 -1.2042e-145 -7.71724e-144 2.9674e-141 
-11.4474 1 32.9637 20814.9 -22051.8 22438.1 1.53575e-145 5.6913e-143 1.71323e-141 
-11.4354 1 32.9276 20551.6 -21783.9 22169.9 3.45775e-145 -7.61138e-143 -2.38622e-140 
-11.4234 1 32.8916 20291.5 -21519.2 21905.4 -1.67724e-144 -1.07487e-142 4.13305e-140 
-11.4114 1 32.8556 20034.6 -21257.6 21643.2 2.13902e-144 7.92696e-142 2.38622e-140 
-11.3994 1 32.8195 19780.8 -20999.2 21384.5 4.81602e-144 -1.06013e-141 -3.32357e-139 
-11.3874 1 32.7835 19530.1 -20743.9 21129.3 -2.33609e-143 -1.49711e-141 5.7566e-139 
-11.3754 1 32.7475 19282.4 -20491.6 20876.4 2.97927e-143 1.10408e-140 3.32357e-139 
-11.3634 1 32.7114 19037.8 -20242.3 20626.8 6.70785e-143 -1.47657e-140 -4.62914e-138 
-11.3514 1 32.6754 18796.1 -19996 20380.7 -3.25376e-142 -2.0852e-140 8.01791e-138 
-11.3393 1 32.6394 18557.4 -19752.7 20136.7 4.14959e-142 1.53779e-139 4.62914e-138 
-11.3273 1 32.6033 18321.6 -19512.3 19896 9.34283e-142 -2.05659e-139 -6.44756e-137 
-11.3153 1 32.5673 18088.6 -19274.7 19658.5 -4.5319e-141 -2.90431e-139 1.11675e-136 
-11.3033 1 32.5312 17858.5 -19040 19423.1 5.77964e-141 2.14186e-138 6.44756e-137 
-11.2913 1 32.4952 17631.2 -18808.1 19191 1.30129e-140 -2.86447e-138 -8.98029e-136 
-11.2793 1 32.4592 17406.7 -18578.9 18961.9 -6.31212e-140 -4.04518e-138 1.55543e-135 
-11.2673 1 32.4231 17184.8 -18352.5 18734.8 8.05e-140 2.98323e-137 8.98029e-136 
-11.2553 1 32.3871 16965.7 -18128.8 18510.9 1.81246e-139 -3.98969e-137 -1.25079e-134 
-11.2432 1 32.3511 16749.3 -17907.8 18289.9 -8.79165e-139 -5.63421e-137 2.16644e-134 
-11.2312 1 32.315 16535.5 -17689.4 18070.9 1.12122e-138 4.15511e-136 1.25079e-134 
-11.2192 1 32.279 16324.3 -17473.7 17854.8 2.52443e-138 -5.55691e-136 -1.74213e-133 
-11.2072 1 32.243 16115.7 -17260.5 17641.6 -1.22452e-137 -7.84744e-136 3.01746e-133 
-11.1952 1 32.2069 15909.7 -17049.8 17430.4 1.56166e-137 5.78731e-135 1.74213e-133 
-11.1832 1 32.1709 15706.1 -16841.7 17221.9 3.51608e-137 -7.73978e-135 -2.42647e-132 
-11.1712 1 32.1348 15505 -16636.1 17016.3 -1.70553e-136 -1.09301e-134 4.20278e-132 
-11.1592 1 32.0988 15306.4 -16432.9 16812.5 2.17511e-136 8.06069e-134 2.42647e-132 
-11.1471 1 32.0628 15110.2 -16232.2 16611.5 4.89727e-136 -1.07801e-133 -3.37964e-131 
-11.1351 1 32.0267 14916.5 -16033.8 16413.1 -2.3755e-135 -1.52236e-133 5.85371e-131 
-11.1231 1 31.9907 14725 -15837.9 16216.5 3.02954e-135 1.12271e-132 3.37964e-131 
-11.1111 1 31.9547 14536 -15644.2 16022.5 6.82102e-135 -1.50148e-132 -4.70724e-130 
-11.0991 1 31.9186 14349.2 -15452.9 15831.2 -3.30865e-134 -2.12038e-132 8.15317e-130 
-11.0871 1 31.8826 14164.7 -15263.9 15641.5 4.2196e-134 1.56373e-131 4.70724e-130 
-11.0751 1 31.8466 13982.5 -15077.1 15454.5 9.50045e-134 -2.09129e-131 -6.55633e-129 
-11.0631 1 31.8105 13802.5 -14892.6 15269.9 -4.60835e-133 -2.9533e-131 1.13559e-128 
-11.0511 1 31.7745 13624.7 -14710.3 15086.9 5.87715e-133 2.178e-130 6.55633e-129 
-11.039 1 31.7385 13449.1 -14530.1 14906.4 1.32324e-132 -2.91279e-130 -9.1318e-128 
-11.027 1 31.7024 13275.6 -14352.2 14728.4 -6.41861e-132 -4.11342e-130 1.58167e-127 
-11.015 1 31.6664 13104.3 -14176.3 14551.9 8.18581e-132 3.03356e-129 9.1318e-128 
-11.003 1 31.6303 12935 -14002.6 14377.8 1.84304e-131 -4.05699e-129 -1.2719e-126 
-10.991 1 31.5943 12767.9 -13830.9 14206 -8.93997e-131 -5.72926e-129 2.20299e-126 
-10.979 1 31.5583 12602.7 -13661.3 14035.8 1.14014e-130 4.2252e-128 1.2719e-126 
-10.967 1 31.5222 12439.7 -13493.7 13867.8 2.56702e-130 -5.65066e-128 -1.77152e-125 
-10.955 1 31.4862 12278.6 -13328.1 13702.1 -1.24518e-129 -7.97983e-128 3.06836e-125 
-10.9429 1 31.4502 12119.5 -13164.5 13537.9 1.588e-129 5.88495e-127 1.77152e-125 
-10.9309 1 31.4141 11962.3 -13002.9 13375.8 3.5754e-129 -7.87036e-127 -2.46741e-124 
-10.9189 1 31.3781 11807.1 -12843.1 13216 -1.73431e-128 -1.11145e-126 4.27368e-124 
-10.9069 1 31.3421 11653.7 -12685.4 13057.5 2.2118e-128 8.19668e-126 2.46741e-124 
-10.8949 1 31.306 11502.3 -12529.4 12901.2 4.97989e-128 -1.0962e-125 -3.43666e-123 
-10.8829 1 31.27 11352.7 -12375.4 12747 -2.41558e-127 -1.54805e-125 5.95247e-123 
-10.8709 1 31.2339 11205 -12223.2 12594.2 3.08065e-127 1.14165e-124 3.43666e-123 
-10.8589 1 31.1979 11059.1 -12072.8 12443.4 6.93609e-127 -1.52681e-124 -4.78665e-122 
-10.8468 1 31.1619 10914.9 -11924.3 12294.7 -3.36447e-126 -2.15615e-124 8.29072e-122 
-10.8348 1 31.1258 10772.6 -11777.5 12147.2 4.29079e-126 1.59011e-123 4.78665e-122 
-10.8228 1 31.0898 10632 -11632.4 12001.8 9.66073e-126 -2.12657e-123 -6.66694e-121 
-10.8108 1 31.0538 10493.1 -11489.1 11858.3 -4.6861e-125 -3.00313e-123 1.15475e-120 
-10.7988 1 31.0177 10356 -11347.5 11716 5.9763e-125 2.21474e-122 6.66694e-121 
-10.7868 1 30.9817 10220.5 -11207.6 11575.7 1.34557e-124 -2.96193e-122 -9.28585e-120 
-10.7748 1 30.9457 10086.7 -11069.4 11437.3 -6.52689e-124 -4.18282e-122 1.60836e-119 
-10.7628 1 30.9096 9954.57 -10932.9 11300.1 8.32391e-124 3.08474e-121 9.28585e-120 
-10.7508 1 30.8736 9824.06 -10798 11164.7 1.87413e-123 -4.12544e-121 -1.29335e-118 
-10.7387 1 30.8376 9695.16 -10664.6 11031.1 -9.09079e-123 -5.82591e-121 2.24015e-118 
-10.7267 1 30.8015 9567.84 -10532.9 10898.8 1.15937e-122 4.29649e-120 1.29335e-118 
-10.7147 1 30.7655 9442.11 -10402.8 10768.2 2.61033e-122 -5.74599e-120 -1.80141e-117 
-10.7027 1 30.7294 9317.92 -10274.2 10639.3 -1.26618e-121 -8.11445e-120 3.12013e-117 
-10.6907 1 30.6934 9195.27 -10147.2 10511.6 1.61479e-121 5.98423e-119 1.80141e-117 
-10.6787 1 30.6574 9074.14 -10021.7 10385.7 3.63572e-121 -8.00313e-119 -2.50904e-116 
-10.6667 1 30.6213 8954.5 -9897.69 10261.4 -1.76357e-120 -1.1302e-118 4.34578e-116 
-10.6547 1 30.5853 8836.35 -9775.17 10138.2 2.24912e-120 8.33496e-118 2.50904e-116 
-10.6426 1 30.5493 8719.66 -9654.12 10016.6 5.0639e-120 -1.11469e-117 -3.49464e-115 
-10.6306 1 30.5132 8604.41 -9534.53 9896.73 -2.45633e-119 -1.57416e-117 6.05289e-115 
-10.6186 1 30.4772 8490.6 -9416.36 9777.89 3.13262e-119 1.16091e-116 3.49464e-115 
-10.6066 1 30.4412 8378.19 -9299.62 9660.64 7.05311e-119 -1.55257e-116 -4.8674e-114 
-10.5946 1 30.4051 8267.18 -9184.27 9544.96 -3.42123e-118 -2.19252e-116 8.43059e-114 
-10.5826 1 30.3691 8157.54 -9070.31 9430.31 4.36318e-118 1.61694e-115 4.8674e-114 
-10.5706 1 30.333 8049.26 -8957.71 9317.2 9.82371e-118 -2.16245e-115 -6.77942e-113 
-10.5586 1 30.297 7942.33 -8846.46 9205.59 -4.76516e-117 -3.05379e-115 1.17423e-112 
-10.5465 1 30.261 7836.73 -8736.55 9094.99 6.07712e-117 2.25211e-114 6.77942e-113 
-10.5345 1 30.2249 7732.44 -8627.96 8985.86 1.36827e-116 -3.0119e-114 -9.44251e-112 
-10.5225 1 30.1889 7629.45 -8520.67 8878.2 -6.63701e-116 -4.25338e-114 1.63549e-111 
-10.5105 1 30.1529 7527.74 -8414.67 8771.49 8.46433e-116 3.13678e-113 9.44251e-112 
-10.4985 1 30.1168 7427.29 -8309.93 8666.21 1.90575e-115 -4.19504e-113 -1.31517e-110 
-10.4865 1 30.0808 7328.09 -8206.46 8562.34 -9.24416e-115 -5.9242e-113 2.27795e-110 
-10.4745 1 30.0448 7230.13 -8104.23 8459.4 1.17893e-114 4.36897e-112 1.31517e-110 
-10.4625 1 30.0087 7133.39 -8003.23 8357.83 2.65437e-114 -5.84293e-112 -1.8318e-109 
-10.4505 1 29.9727 7037.86 -7903.44 8257.62 -1.28754e-113 -8.25134e-112 3.17277e-109 
-10.4384 1 29.9367 6943.51 -7804.84 8158.31 1.64204e-113 6.08519e-111 1.8318e-109 
-10.4264 1 29.9006 6850.35 -7707.44 8060.32 3.69705e-113 -8.13815e-111 -2.55137e-108 
-10.4144 1 29.8646 6758.35 -7611.2 7963.64 -1.79332e-112 -1.14926e-110 4.4191e-108 
-10.4024 1 29.8285 6667.49 -7516.12 7867.82 2.28706e-112 8.47558e-110 2.55137e-108 
-10.3904 1 29.7925 6577.77 -7422.17 7773.29 5.14933e-112 -1.1335e-109 -3.55359e-107 
-10.3784 1 29.7565 6489.18 -7329.36 7680.02 -2.49777e-111 -1.60072e-109 6.15501e-107 
-10.3664 1 29.7204 6401.69 -7237.67 7587.57 3.18547e-111 1.1805e-108 3.55359e-107 
-10.3544 1 29.6844 6315.3 -7147.07 7496.37 7.1721e-111 -1.57876e-108 -4.94952e-106 
-10.3423 1 29.6484 6229.98 -7057.57 7406.38 -3.47895e-110 -2.22951e-108 8.57282e-106 
-10.3303 1 29.6123 6145.74 -6969.14 7317.19 4.43678e-110 1.64422e-107 4.94952e-106 
-10.3183 1 29.5763 6062.55 -6881.78 7229.2 9.98944e-110 -2.19893e-107 -6.89379e-105 
-10.3063 1 29.5403 5980.41 -6795.46 7142.38 -4.84555e-109 -3.10531e-107 1.19404e-104 
-10.2943 1 29.5042 5899.29 -6710.19 7056.33 6.17964e-109 2.2901e-106 6.89379e-105 
-10.2823 1 29.4682 5819.2 -6625.94 6971.44 1.39135e-108 -3.06271e-106 -9.60181e-104 
-10.2703 1 29.4321 5740.11 -6542.7 6887.67 -6.74898e-108 -4.32514e-106 1.66308e-103 
-10.2583 1 29.3961 5662.01 -6460.46 6804.66 8.60713e-108 3.1897e-105 9.60181e-104 
-10.2462 1 29.3601 5584.9 -6379.22 6722.75 1.9379e-107 -4.26581e-105 -1.33736e-102 
-10.2342 1 29.324 5508.75 -6298.95 6641.93 -9.40011e-107 -6.02414e-105 2.31638e-102 
-10.2222 1 29.288 5433.57 -6219.65 6561.84 1.19882e-106 4.44268e-104 1.33736e-102 
-10.2102 1 29.252 5359.33 -6141.31 6482.81 2.69915e-106 -5.9415e-104 -1.8627e-101 
-10.1982 1 29.2159 5286.02 -6063.9 6404.84 -1.30927e-105 -8.39055e-104 3.22629e-101 
-10.1862 1 29.1799 5213.65 -5987.43 6327.56 1.66974e-105 6.18785e-103 1.8627e-101 
-10.1742 1 29.1439 5142.18 -5911.89 6251.31 3.75943e-105 -8.27545e-103 -2.59441e-100 
-10.1622 1 29.1078 5071.61 -5837.25 6176.08 -1.82357e-104 -1.16865e-102 4.49365e-100 
-10.1502 1 29.0718 5001.94 -5763.51 6101.52 2.32565e-104 8.61856e-102 2.59441e-100 
-10.1381 1 29.0357 4933.15 -5690.66 6027.95 5.23621e-104 -1.15262e-101 -3.61355e-99 
-10.1261 1 28.9997 4865.23 -5618.69 5955.37 -2.53991e-103 -1.62772e-101 6.25885e-99 
-10.1141 1 28.9637 4798.16 -5547.59 5883.43 3.23921e-103 1.20041e-100 3.61355e-99 
-10.1021 1 28.9276 4731.95 -5477.34 5812.45 7.29309e-103 -1.60539e-100 -5.03302e-98 
-10.0901 1 28.8916 4666.57 -5407.95 5742.41 -3.53764e-102 -2.26713e-100 8.71745e-98 
-10.0781 1 28.8556 4602.02 -5339.39 5673 4.51164e-102 1.67196e-99 5.03302e-98 
-10.0661 1 28.8195 4538.29 -5271.65 5604.51 1.0158e-101 -2.23603e-99 -7.01009e-97 
-10.0541 1 28.7835 4475.37 -5204.74 5536.94 -4.92729e-101 -3.1577e-99 1.21418e-96 
-10.042 1 28.7475 4413.25 -5138.63 5469.96 6.2839e-101 2.32874e-98 7.01009e-97 
-10.03 1 28.7114 4351.92 -5073.32 5403.89 1.41482e-100 -3.11438e-98 -9.7638e-96 
-10.018 1 28.6754 4291.37 -5008.81 5338.68 -6.86283e-100 -4.39811e-98 1.69114e-95 
-10.006 1 28.6394 4231.58 -4945.07 5274.06 8.75234e-100 3.24351e-97 9.7638e-96 
-9.99399 1 28.6033 4172.56 -4882.1 5210.3 1.97059e-99 -4.33777e-97 -1.35992e-94 
-9.98198 1 28.5673 4114.29 -4819.89 5147.39 -9.5587e-99 -6.12577e-97 2.35545e-94 
-9.96997 1 28.5312 4056.77 -4758.44 5085.04 1.21904e-98 4.51763e-96 1.35992e-94 
-9.95796 1 28.4952 3999.97 -4697.72 5023.51 2.74468e-98 -6.04174e-96 -1.89413e-93 
-9.94595 1 28.4592 3943.91 -4637.75 4962.81 -1.33135e-97 -8.5321e-96 3.28072e-93 
-9.93393 1 28.4231 3888.55 -4578.5 4902.65 1.69791e-97 6.29224e-95 1.89413e-93 
-9.92192 1 28.3871 3833.91 -4519.96 4843.28 3.82285e-97 -8.41506e-95 -2.63818e-92 
-9.90991 1 28.3511 3779.96 -4462.14 4784.71 -1.85434e-96 -1.18837e-94 4.56946e-92 
-9.8979 1 28.315 3726.71 -4405.01 4726.65 2.36488e-96 8.76396e-94 2.63818e-92 
-9.88589 1 28.279 3674.13 -4348.58 4669.37 5.32454e-96 -1.17207e-93 -3.67451e-91 
-9.87387 1 28.243 3622.23 -4292.83 4612.85 -2.58276e-95 -1.65518e-93 6.36444e-91 
-9.86186 1 28.2069 3571 -4237.76 4556.83 3.29386e-95 1.22066e-92 3.67451e-91 
-9.84985 1 28.1709 3520.42 -4183.36 4501.56 7.41613e-95 -1.63248e-92 -5.11793e-90 
-9.83784 1 28.1348 3470.5 -4129.61 4447.02 -3.59732e-94 -2.30537e-92 8.86451e-90 
-9.82583 1 28.0988 3421.21 -4076.52 4392.97 4.58775e-94 1.70016e-91 5.11793e-90 
-9.81381 1 28.0628 3372.56 -4024.07 4339.63 1.03293e-93 -2.27375e-91 -7.12836e-89 
-9.8018 1 28.0267 3324.53 -3972.26 4287 -5.01042e-93 -3.21097e-91 1.23467e-88 
-9.78979 1 27.9907 3277.13 -3921.08 4234.84 6.38991e-93 2.36802e-90 7.12836e-89 
-9.77778 1 27.9547 3230.33 -3870.52 4183.38 1.43869e-92 -3.16692e-90 -9.92852e-88 
-9.76577 1 27.9186 3184.14 -3820.58 4132.59 -6.97861e-92 -4.47231e-90 1.71967e-87 
-9.75375 1 27.8826 3138.54 -3771.24 4082.26 8.9e-92 3.29823e-89 9.92852e-88 
-9.74174 1 27.8466 3093.54 -3722.5 4032.59 2.00384e-91 -4.41095e-89 -1.38286e-86 
-9.72973 1 27.8105 3049.11 -3674.36 3983.59 -9.71996e-91 -6.22912e-89 2.39519e-86 
-9.71772 1 27.7745 3005.26 -3626.8 3935.01 1.23961e-90 4.59384e-88 1.38286e-86 
-9.70571 1 27.7385 2961.98 -3579.82 3887.09 2.79099e-90 -6.14367e-88 -1.92608e-85 
-9.69369 1 27.7024 2919.26 -3533.41 3839.8 -1.35382e-89 -8.67604e-88 3.33607e-85 
-9.68168 1 27.6664 2877.09 -3487.57 3792.93 1.72655e-89 6.3984e-87 1.92608e-85 
-9.66967 1 27.6303 2835.47 -3442.29 3746.68 3.88734e-89 -8.55703e-87 -2.68269e-84 
-9.65766 1 27.5943 2794.39 -3397.56 3701.04 -1.88562e-88 -1.20842e-86 4.64655e-84 
-9.64565 1 27.5583 2753.84 -3353.37 3655.81 2.40478e-88 8.91182e-86 2.68269e-84 
-9.63363 1 27.5222 2713.83 -3309.73 3611.18 5.41437e-88 -1.19184e-85 -3.7365e-83 
-9.62162 1 27.4862 2674.33 -3266.62 3567.14 -2.62633e-87 -1.68311e-85 6.47181e-83 
-9.60961 1 27.4502 2635.35 -3224.03 3523.49 3.34942e-87 1.24126e-84 3.7365e-83 
-9.5976 1 27.4141 2596.87 -3181.96 3480.42 7.54125e-87 -1.66002e-84 -5.20427e-82 
-9.58559 1 27.3781 2558.9 -3140.41 3437.92 -3.65801e-86 -2.34427e-84 9.01406e-82 
-9.57357 1 27.3421 2521.43 -3099.37 3395.79 4.66515e-86 1.72885e-83 5.20427e-82 
-9.56156 1 27.306 2484.44 -3058.83 3354.23 1.05036e-85 -2.31211e-83 -7.24862e-81 
-9.54955 1 27.27 2447.94 -3018.79 3313.21 -5.09495e-85 -3.26514e-83 1.2555e-80 
-9.53754 1 27.2339 2411.91 -2979.23 3272.56 6.49771e-85 2.40797e-82 7.24862e-81 
-9.52553 1 27.1979 2376.36 -2940.16 3232.45 1.46296e-84 -3.22035e-82 -1.0096e-79 
-9.51351 1 27.1619 2341.28 -2901.57 3192.87 -7.09635e-84 -4.54776e-82 1.74868e-79 
-9.5015 1 27.1258 2306.65 -2863.46 3153.64 9.05014e-84 3.35387e-81 1.0096e-79 
-9.48949 1 27.0898 2272.48 -2825.81 3114.93 2.03764e-83 -4.48537e-81 -1.40619e-78 
-9.47748 1 27.0538 2238.76 -2788.62 3076.73 -9.88394e-83 -6.33421e-81 2.4356e-78 
-9.46547 1 27.0177 2205.49 -2751.89 3038.87 1.26052e-82 4.67134e-80 1.40619e-78 
-9.45345 1 26.9817 2172.65 -2715.61 3001.51 2.83807e-82 -6.24731e-80 -1.95858e-77 
-9.44144 1 26.9457 2140.25 -2679.78 2964.64 -1.37665e-81 -8.82241e-80 3.39235e-77 
-9.42943 1 26.9096 2108.27 -2644.39 2928.1 1.75568e-81 6.50634e-79 1.95858e-77 
-9.41742 1 26.8736 2076.72 -2609.44 2892.05 3.95292e-81 -8.70139e-79 -2.72794e-76 
-9.40541 1 26.8376 2045.58 -2574.91 2856.47 -1.91743e-80 -1.2288e-78 4.72494e-76 
-9.39339 1 26.8015 2014.85 -2540.81 2821.2 2.44535e-80 9.06216e-78 2.72794e-76 
-9.38138 1 26.7655 1984.54 -2507.13 2786.41 5.50571e-80 -1.21195e-77 -3.79954e-75 
-9.36937 1 26.7294 1954.62 -2473.87 2752.07 -2.67064e-79 -1.7115e-77 6.58099e-75 
-9.35736 1 26.6934 1925.1 -2441.02 2718.04 3.40593e-79 1.2622e-76 3.79954e-75 
-9.34535 1 26.6574 1895.98 -2408.57 2684.45 7.66847e-79 -1.68802e-76 -5.29207e-74 
-9.33333 1 26.6213 1867.24 -2376.52 2651.31 -3.71972e-78 -2.38382e-76 9.16614e-74 
-9.32132 1 26.5853 1838.88 -2344.87 2618.47 4.74385e-78 1.75801e-75 5.29207e-74 
-9.30931 1 26.5493 1810.9 -2313.61 2586.06 1.06808e-77 -2.35111e-75 -7.3709e-73 
-9.2973 1 26.5132 1783.3 -2282.74 2554.07 -5.1809e-77 -3.32023e-75 1.27668e-72 
-9.28529 1 26.4772 1756.06 -2252.25 2522.37 6.60733e-77 2.4486e-74 7.3709e-73 
-9.27327 1 26.4412 1729.19 -2222.14 2491.09 1.48764e-76 -3.27468e-74 -1.02663e-71 
-9.26126 1 26.4051 1702.67 -2192.41 2460.22 -7.21607e-76 -4.62448e-74 1.77818e-71 
-9.24925 1 26.3691 1676.52 -2163.04 2429.63 9.20283e-76 3.41045e-73 1.02663e-71 
-9.23724 1 26.333 1650.71 -2134.04 2399.44 2.07202e-75 -4.56104e-73 -1.42992e-70 
-9.22523 1 26.297 1625.25 -2105.39 2369.65 -1.00507e-74 -6.44107e-73 2.47669e-70 
-9.21321 1 26.261 1600.13 -2077.11 2340.12 1.28179e-74 4.75015e-72 1.42992e-70 
-9.2012 1 26.2249 1575.35 -2049.17 2310.98 2.88595e-74 -6.35271e-72 -1.99162e-69 
-9.18919 1 26.1889 1550.9 -2021.59 2282.23 -1.39988e-73 -8.97125e-72 3.44958e-69 
-9.17718 1 26.1529 1526.78 -1994.34 2253.73 1.7853e-73 6.61611e-71 1.99162e-69 
-9.16517 1 26.1168 1502.98 -1967.44 2225.61 4.01961e-73 -8.84818e-71 -2.77397e-68 
-9.15315 1 26.0808 1479.51 -1940.87 2197.86 -1.94978e-72 -1.24953e-70 4.80465e-68 
-9.14114 1 26.0448 1456.35 -1914.64 2170.36 2.4866e-72 9.21505e-70 2.77397e-68 
-9.12913 1 26.0087 1433.51 -1888.73 2143.22 5.5986e-72 -1.23239e-69 -3.86364e-67 
-9.11712 1 25.9727 1410.98 -1863.15 2116.44 -2.71569e-71 -1.74038e-69 6.69201e-67 
-9.10511 1 25.9367 1388.75 -1837.89 2089.89 3.46339e-71 1.28349e-68 3.86364e-67 
-9.09309 1 25.9006 1366.82 -1812.94 2063.7 7.79784e-71 -1.7165e-68 -5.38135e-66 
-9.08108 1 25.8646 1345.19 -1788.31 2037.85 -3.78247e-70 -2.42403e-68 9.32077e-66 
-9.06907 1 25.8285 1323.86 -1763.98 2012.23 4.82388e-70 1.78767e-67 5.38135e-66 
-9.05706 1 25.7925 1302.82 -1739.96 1986.95 1.0861e-69 -2.39078e-67 -7.49526e-65 
-9.04505 1 25.7565 1282.06 -1716.25 1962.01 -5.26831e-69 -3.37624e-67 1.29822e-64 
-9.03303 1 25.7204 1261.58 -1692.83 1937.28 6.7188e-69 2.48991e-66 7.49526e-65 
-9.02102 1 25.6844 1241.39 -1669.7 1912.88 1.51274e-68 -3.32993e-66 -1.04395e-63 
-9.00901 1 25.6484 1221.47 -1646.87 1888.81 -7.33781e-68 -4.7025e-66 1.80818e-63 
-8.997 1 25.6123 1201.82 -1624.33 1864.94 9.35808e-68 3.46799e-65 1.04395e-63 
-8.98498 1 25.5763 1182.44 -1602.06 1841.4 2.10698e-67 -4.63799e-65 -1.45404e-62 
-8.97297 1 25.5403 1163.33 -1580.09 1818.16 -1.02202e-66 -6.54973e-65 2.51847e-62 
-8.96096 1 25.5042 1144.48 -1558.39 1795.13 1.30341e-66 4.83029e-64 1.45404e-62 
-8.94895 1 25.4682 1125.89 -1536.96 1772.41 2.93464e-66 -6.45988e-64 -2.02522e-61 
-8.93694 1 25.4321 1107.56 -1515.8 1749.98 -1.4235e-65 -9.1226e-64 3.50778e-61 
-8.92492 1 25.3961 1089.48 -1494.92 1727.76 1.81542e-65 6.72772e-63 2.02522e-61 
-8.91291 1 25.3601 1071.64 -1474.29 1705.83 4.08743e-65 -8.99746e-63 -2.82076e-60 
-8.9009 1 25.324 1054.06 -1453.93 1684.19 -1.98267e-64 -1.27061e-62 4.88571e-60 
-8.88889 1 25.288 1036.71 -1433.83 1662.74 2.52855e-64 9.37051e-62 2.82076e-60 
-8.87688 1 25.252 1019.61 -1413.99 1641.58 5.69305e-64 -1.25318e-61 -3.92882e-59 
-8.86486 1 25.2159 1002.74 -1394.39 1620.69 -2.76151e-63 -1.76974e-61 6.80491e-59 
-8.85285 1 25.1799 986.11 -1375.05 1599.99 3.52182e-63 1.30514e-60 3.92882e-59 
-8.84084 1 25.1439 969.707 -1355.95 1579.57 7.9294e-63 -1.74546e-60 -5.47214e-58 
-8.82883 1 25.1078 953.533 -1337.1 1559.42 -3.84629e-62 -2.46493e-60 9.47802e-58 
-8.81682 1 25.0718 937.584 -1318.49 1539.44 4.90526e-62 1.81783e-59 5.47214e-58 
-8.8048 1 25.0357 921.857 -1300.12 1519.73 1.10442e-61 -2.43111e-59 -7.6217e-57 
-8.79279 1 24.9997 906.349 -1281.98 1500.29 -5.35719e-61 -3.4332e-59 1.32012e-56 
-8.78078 1 24.9637 891.057 -1264.07 1481.01 6.83215e-61 2.53191e-58 7.6217e-57 
-8.76877 1 24.9276 875.98 -1246.4 1461.99 1.53826e-60 -3.3861e-58 -1.06157e-55 
-8.75676 1 24.8916 861.113 -1228.95 1443.23 -7.4616e-60 -4.78183e-58 1.83869e-55 
-8.74474 1 24.8556 846.454 -1211.73 1424.63 9.51596e-60 3.5265e-57 1.06157e-55 
-8.73273 1 24.8195 832.002 -1194.72 1406.28 2.14252e-59 -4.71623e-57 -1.47857e-54 
-8.72072 1 24.7835 817.752 -1177.94 1388.17 -1.03927e-58 -6.66023e-57 2.56096e-54 
-8.70871 1 24.7475 803.702 -1161.37 1370.22 1.3254e-58 4.91178e-56 1.47857e-54 
-8.6967 1 24.7114 789.85 -1145.02 1352.52 2.98415e-58 -6.56887e-56 -2.05938e-53 
-8.68468 1 24.6754 776.193 -1128.88 1335.05 -1.44751e-57 -9.27651e-56 3.56696e-53 
-8.67267 1 24.6394 762.729 -1112.95 1317.73 1.84605e-57 6.84122e-55 2.05938e-53 
-8.66066 1 24.6033 749.455 -1097.22 1300.65 4.15638e-57 -9.14925e-55 -2.86835e-52 
-8.64865 1 24.5673 736.368 -1081.7 1283.79 -2.01612e-56 -1.29205e-54 4.96813e-52 
-8.63664 1 24.5312 723.467 -1066.38 1267.08 2.57121e-56 9.5286e-54 2.86835e-52 
-8.62462 1 24.4952 710.749 -1051.26 1250.6 5.78909e-56 -1.27433e-53 -3.9951e-51 
-8.61261 1 24.4592 698.211 -1036.33 1234.34 -2.8081e-55 -1.79959e-53 6.91971e-51 
-8.6006 1 24.4231 685.851 -1021.6 1218.22 3.58124e-55 1.32716e-52 3.9951e-51 
-8.58859 1 24.3871 673.667 -1007.07 1202.32 8.06317e-55 -1.77491e-52 -5.56446e-50 
-8.57658 1 24.3511 661.656 -992.719 1186.63 -3.91118e-54 -2.50651e-52 9.63792e-50 
-8.56456 1 24.315 649.817 -978.559 1171.08 4.98802e-54 1.8485e-51 5.56446e-50 
-8.55255 1 24.279 638.147 -964.584 1155.74 1.12305e-53 -2.47213e-51 -7.75029e-49 
-8.54054 1 24.243 626.643 -950.793 1140.61 -5.44757e-53 -3.49112e-51 1.34239e-48 
-8.52853 1 24.2069 615.304 -937.182 1125.61 6.94741e-53 2.57463e-50 7.75029e-49 
-8.51652 1 24.1709 604.128 -923.75 1110.81 1.56421e-52 -3.44323e-50 -1.07948e-47 
-8.5045 1 24.1348 593.111 -910.495 1096.21 -7.58748e-52 -4.8625e-50 1.86971e-47 
-8.49249 1 24.0988 582.253 -897.414 1081.75 9.6765e-52 3.58599e-49 1.07948e-47 
-8.48048 1 24.0628 571.551 -884.506 1067.48 2.17867e-51 -4.7958e-49 -1.50352e-46 
-8.46847 1 24.0267 561.003 -871.768 1053.39 -1.0568e-50 -6.77259e-49 2.60417e-46 
-8.45646 1 23.9907 550.607 -859.199 1039.44 1.34776e-50 4.99464e-48 1.50352e-46 
-8.44444 1 23.9547 540.361 -846.796 1025.68 3.03449e-50 -6.67969e-48 -2.09413e-45 
-8.43243 1 23.9186 530.263 -834.557 1012.1 -1.47193e-49 -9.433e-48 3.62713e-45 
-8.42042 1 23.8826 520.311 -822.481 998.64 1.87719e-49 6.95664e-47 2.09413e-45 
-8.40841 1 23.8466 510.503 -810.565 985.365 4.2265e-49 -9.3036e-47 -2.91674e-44 
-8.3964 1 23.8105 500.837 -798.808 972.27 -2.05014e-48 -1.31385e-46 5.05195e-44 
-8.38438 1 23.7745 491.312 -787.207 959.293 2.61459e-48 9.68935e-46 2.91674e-44 
-8.37237 1 23.7385 481.925 -775.761 946.492 5.88676e-48 -1.29582e-45 -4.0625e-43 
-8.36036 1 23.7024 472.674 -764.468 933.864 -2.85547e-47 -1.82995e-45 7.03645e-43 
-8.34835 1 23.6664 463.558 -753.326 921.352 3.64165e-47 1.34955e-44 4.0625e-43 
-8.33634 1 23.6303 454.576 -742.333 909.009 8.1992e-47 -1.80485e-44 -5.65833e-42 
-8.32432 1 23.5943 445.724 -731.487 896.834 -3.97716e-46 -2.5488e-44 9.80052e-42 
-8.31231 1 23.5583 437.002 -720.787 884.77 5.07217e-46 1.87968e-43 5.65833e-42 
-8.3003 1 23.5222 428.407 -710.231 872.871 1.142e-45 -2.51383e-43 -7.88104e-41 
-8.28829 1 23.4862 419.939 -699.816 861.133 -5.53947e-45 -3.55002e-43 1.36504e-40 
-8.27628 1 23.4502 411.594 -689.542 849.503 7.06462e-45 2.61806e-42 7.88104e-41 
-8.26426 1 23.4141 403.373 -679.407 838.032 1.5906e-44 -3.50132e-42 -1.09769e-39 
-8.25225 1 23.3781 395.272 -669.409 826.717 -7.71548e-44 -4.94454e-42 1.90125e-39 
-8.24024 1 23.3421 387.29 -659.546 815.507 9.83974e-44 3.64649e-41 1.09769e-39 
-8.22823 1 23.306 379.426 -649.816 804.45 2.21542e-43 -4.87671e-41 -1.52888e-38 
-8.21622 1 23.27 371.678 -640.219 793.544 -1.07463e-42 -6.88685e-41 2.6481e-38 
-8.2042 1 23.2339 364.045 -630.752 782.739 1.3705e-42 5.0789e-40 1.52888e-38 
-8.19219 1 23.1979 356.525 -621.414 772.083 3.08569e-42 -6.79238e-40 -2.12946e-37 
-8.18018 1 23.1619 349.116 -612.203 761.573 -1.49676e-41 -9.59214e-40 3.68833e-37 
-8.16817 1 23.1258 341.817 -603.118 751.161 1.90886e-41 7.074e-39 2.12946e-37 
-8.15616 1 23.0898 334.626 -594.156 740.892 4.29781e-41 -9.46056e-39 -2.96595e-36 
-8.14414 1 23.0538 327.542 -585.318 730.765 -2.08472e-40 -1.33601e-38 5.13718e-36 
-8.13213 1 23.0177 320.564 -576.6 720.731 2.6587e-40 9.85281e-38 2.96595e-36 
-8.12012 1 22.9817 313.689 -568.002 710.837 5.98607e-40 -1.31769e-37 -4.13104e-35 
-8.10811 1 22.9457 306.917 -559.523 701.08 -2.90365e-39 -1.86083e-37 7.15516e-35 
-8.0961 1 22.9096 300.247 -551.159 691.413 3.70309e-39 1.37232e-36 4.13104e-35 
-8.08408 1 22.8736 293.676 -542.911 681.882 8.33752e-39 -1.8353e-36 -5.75379e-34 
-8.07207 1 22.8376 287.203 -534.777 672.482 -4.04426e-38 -2.5918e-36 9.96586e-34 
-8.06006 1 22.8015 280.828 -526.756 663.17 5.15774e-38 1.91139e-35 5.75379e-34 
-8.04805 1 22.7655 274.548 -518.845 653.989 1.16127e-37 -2.55624e-35 -8.014e-33 
-8.03604 1 22.7294 268.363 -511.044 644.936 -5.63292e-37 -3.60991e-35 1.38806e-32 
-8.02402 1 22.6934 262.27 -503.351 635.967 7.1838e-37 2.66223e-34 8.014e-33 
-8.01201 1 22.6574 256.27 -495.764 627.124 1.61744e-36 -3.56039e-34 -1.11621e-31 
-8 1 22.6213 250.36 -488.284 618.405 -7.84565e-36 -5.02795e-34 1.93332e-31 
-7.98799 1 22.5853 244.539 -480.908 609.769 1.00057e-35 3.70801e-33 1.11621e-31 
-7.97598 1 22.5493 238.806 -473.634 601.254 2.2528e-35 -4.95898e-33 -1.55467e-30 
-7.96396 1 22.5132 233.16 -466.463 592.859 -1.09276e-34 -7.00304e-33 2.69277e-30 
-7.95195 1 22.4772 227.599 -459.391 584.543 1.39362e-34 5.16459e-32 1.55467e-30 
-7.93994 1 22.4412 222.123 -452.419 576.345 3.13774e-34 -6.90697e-32 -2.16538e-29 
-7.92793 1 22.4051 216.73 -445.545 568.262 -1.52202e-33 -9.75397e-32 3.75055e-29 
-7.91592 1 22.3691 211.419 -438.767 560.257 1.94106e-33 7.19334e-31 2.16538e-29 
-7.9039 1 22.333 206.189 -432.085 552.365 4.37031e-33 -9.62016e-31 -3.01599e-28 
-7.89189 1 22.297 201.038 -425.496 544.585 -2.11989e-32 -1.35855e-30 5.22384e-28 
-7.87988 1 22.261 195.966 -419.001 536.88 2.70355e-32 1.0019e-29 3.01599e-28 
-7.86787 1 22.2249 190.972 -412.598 529.284 6.08706e-32 -1.33992e-29 -4.20073e-27 
-7.85586 1 22.1889 186.054 -406.285 521.797 -2.95263e-31 -1.89222e-29 7.27587e-27 
-7.84384 1 22.1529 181.211 -400.062 514.382 3.76556e-31 1.39547e-28 4.20073e-27 
-7.83183 1 22.1168 176.442 -393.927 507.073 8.47818e-31 -1.86626e-28 -5.85086e-26 
-7.81982 1 22.0808 171.747 -387.88 499.869 -4.11249e-30 -2.63552e-28 1.0134e-25 
-7.80781 1 22.0448 167.123 -381.918 492.734 5.24475e-30 1.94364e-27 5.85086e-26 
-7.7958 1 22.0087 162.571 -376.042 485.702 1.18086e-29 -2.59937e-27 -8.1492e-25 
-7.78378 1 21.9727 158.089 -370.249 478.772 -5.72795e-29 -3.67081e-27 1.41148e-24 
-7.77177 1 21.9367 153.676 -364.54 471.908 7.305e-29 2.70714e-26 8.1492e-25 
-7.75976 1 21.9006 149.331 -358.912 465.144 1.64472e-28 -3.62045e-26 -1.13504e-23 
-7.74775 1 21.8646 145.053 -353.365 458.477 -7.97801e-28 -5.11278e-26 1.96594e-23 
-7.73574 1 21.8285 140.841 -347.897 451.876 1.01745e-27 3.77056e-25 1.13504e-23 
-7.72372 1 21.7925 136.695 -342.508 445.371 2.2908e-27 -5.04264e-25 -1.5809e-22 
-7.71171 1 21.7565 132.613 -337.197 438.96 -1.11119e-26 -7.12118e-25 2.7382e-22 
-7.6997 1 21.7204 128.594 -331.963 432.612 1.41713e-26 5.25172e-24 1.5809e-22 
-7.68769 1 21.6844 124.637 -326.804 426.357 3.19068e-26 -7.02349e-24 -2.20191e-21 
-7.67568 1 21.6484 120.742 -321.719 420.193 -1.54769e-25 -9.91852e-24 3.81382e-21 
-7.66366 1 21.6123 116.908 -316.709 414.09 1.97381e-25 7.3147e-23 2.20191e-21 
-7.65165 1 21.5763 113.133 -311.771 408.076 4.44404e-25 -9.78246e-23 -3.06687e-20 
-7.63964 1 21.5403 109.418 -306.905 402.152 -2.15566e-24 -1.38147e-22 5.31197e-20 
-7.62763 1 21.5042 105.76 -302.11 396.285 2.74916e-24 1.01881e-21 3.06687e-20 
-7.61562 1 21.4682 102.159 -297.384 390.503 6.18975e-24 -1.36252e-21 -4.2716e-19 
-7.6036 1 21.4321 98.6153 -292.728 384.813 -3.00244e-23 -1.92414e-21 7.39862e-19 
-7.59159 1 21.3961 95.1267 -288.139 379.175 3.82909e-23 1.41901e-20 4.2716e-19 
-7.57958 1 21.3601 91.6928 -283.618 373.601 8.62121e-23 -1.89775e-20 -5.94957e-18 
-7.56757 1 21.324 88.3128 -279.163 368.172 -4.18186e-22 -2.67998e-20 1.0305e-17 
-7.55556 1 21.288 84.9859 -274.773 362.755 5.33323e-22 1.97643e-19 5.94957e-18 
-7.54354 1 21.252 81.7114 -270.449 357.227 1.20078e-21 -2.64322e-19 -8.28668e-17 
-7.53153 1 21.2159 78.4884 -266.188 352.335 -5.82459e-21 -3.73274e-19 1.43529e-16 
-7.51952 0.999997 21.1799 75.3162 -261.985 347.183 7.42824e-21 2.75281e-18 8.28668e-17 
-7.50751 0.999993 21.1439 72.1942 -257.854 340.609 1.67247e-20 -3.68153e-18 -1.15419e-15 
-7.4955 1.00003 21.1079 69.1213 -253.786 337.592 -8.1126e-20 -5.19903e-18 1.99911e-15 
-7.48348 0.999955 21.0717 66.0971 -249.742 335.358 1.03462e-19 3.83417e-17 1.15419e-15 
-7.47147 0.999678 21.0354 63.1213 -245.735 331.919 2.32945e-19 -5.12771e-17 -1.60757e-14 
-7.45946 0.999457 20.9992 60.1934 -241.777 326.58 -1.12994e-18 -7.24125e-17 2.78441e-14 
-7.44745 0.999244 20.9629 57.3126 -237.888 321.861 1.44107e-18 5.34039e-16 1.60788e-14 
-7.43544 0.998878 20.9265 54.4783 -234.028 320.9 3.24513e-18 -7.14084e-16 -2.23891e-13 
-7.42342 0.99833 20.8899 51.6902 -230.178 320.191 -1.57277e-17 -1.00591e-15 3.88358e-13 
-7.41141 0.99752 20.8531 48.9484 -226.333 320.954 2.01836e-17 7.46561e-15 2.34556e-13 
-7.3994 0.996292 20.8158 46.253 -222.448 325.878 4.73233e-17 -9.56181e-15 -3.06962e-12 
-7.38739 0.994405 20.7779 43.6046 -218.488 334.438 -1.89257e-16 -6.60861e-15 6.87304e-12 
-7.37538 0.991633 20.7391 41.0045 -214.408 346.998 5.80545e-16 1.70225e-13 2.65848e-11 
-7.36336 0.987609 20.699 38.4546 -210.114 367.922 5.40348e-15 7.0441e-13 6.23571e-11 
-7.35135 0.981675 20.6569 35.9579 -205.517 400.298 5.26267e-14 1.27915e-11 2.56747e-09 
-7.33934 0.973217 20.6122 33.519 -200.487 439.225 5.08991e-13 1.01031e-10 3.08107e-08 
-7.32733 0.961672 20.5642 31.1435 -194.928 486.357 6.42206e-12 1.08968e-09 1.33799e-07 
-7.31532 0.946523 20.5123 28.8383 -188.784 537.673 5.94129e-11 1.25636e-08 2.28987e-06 
-7.3033 0.927464 20.4559 26.6107 -182.01 589.477 4.66354e-10 7.96255e-08 2.01128e-05 
-7.29129 0.904398 20.3947 24.4681 -174.635 638.562 4.38335e-09 6.98221e-07 8.28833e-05 
-7.27928 0.877437 20.3284 22.4175 -166.703 680.311 3.06639e-08 5.5355e-06 0.000914814 
-7.26727 0.846862 20.2569 20.4651 -158.3 716.241 1.94326e-07 2.80548e-05 0.00532923 
-7.25526 0.813076 20.1802 18.6159 -149.541 742.049 1.26191e-06 0.000178512 0.019722 
-7.24324 0.77658 20.0982 16.8736 -140.522 756.85 6.47091e-06 0.000933345 0.129905 
-7.23123 0.737926 20.0111 15.2405 -131.369 764.483 3.08058e-05 0.00368105 0.494298 
-7.21922 0.697683 19.919 13.7176 -122.204 761.617 0.000135482 0.0158121 1.52553 
-7.20721 0.656416 19.822 12.3045 -113.113 749.695 0.000505059 0.0552434 5.86745 
-7.1952 0.614656 19.7202 10.9995 -104.201 732.366 0.00172868 0.164201 15.1572 
-7.18318 0.572894 19.6138 9.80005 -95.5511 707.867 0.0052953 0.471328 35.9796 
-7.17117 0.531567 19.5029 8.70269 -87.2187 678.162 0.0144251 1.15236 84.2819 
-7.15916 0.491053 19.3876 7.70319 -79.2632 645.587 0.0357505 2.53081 155.692 
-7.14715 0.451678 19.268 6.79679 -71.7245 609.611 0.0801064 5.08118 268.944 
-7.13514 0.413709 19.1441 5.97832 -64.6262 571.779 0.163672 9.1264 412.047 
-7.12312 0.377361 19.0162 5.24236 -57.9892 533.132 0.306693 14.9824 556.584 
-7.11111 0.342804 18.8841 4.58331 -51.8209 493.892 0.529677 22.3827 675.571 
-7.0991 0.310162 18.748 3.99553 -46.1221 455.059 0.848789 30.7631 694.829 
-7.08709 0.279519 18.6079 3.47341 -40.8878 416.751 1.26804 38.958 635.976 
-7.07508 0.250923 18.464 3.01144 -36.1048 379.616 1.77723 45.4354 442.515 
-7.06306 0.224393 18.3162 2.60426 -31.7601 344.216 2.349 49.1637 154.637 
-7.05105 0.199915 18.1646 2.24676 -27.8334 310.101 2.94303 49.1018 -165.644 
-7.03904 0.177454 18.0094 1.93402 -24.3007 278.106 3.51312 45.1717 -488.716 
-7.02703 0.156952 17.8506 1.66145 -21.1416 248.463 4.0138 37.73 -729.844 
-7.01502 0.138335 17.6883 1.42473 -18.3292 220.423 4.40928 27.7378 -904.437 
-7.003 0.121516 17.5226 1.21985 -15.8351 194.836 4.67585 16.5318 -961.366 
-6.99099 0.106393 17.3537 1.04311 -13.6374 171.693 4.80508 5.10068 -916.446 
-6.97898 0.0928618 17.1816 0.891146 -11.708 150.148 4.80216 -5.40472 -818.077 
-6.96697 0.0808095 17.0066 0.76088 -10.0197 130.952 4.68199 -14.2893 -661.208 
-6.95495 0.0701229 16.8287 0.649539 -8.55209 113.949 4.46661 -21.2263 -490.297 
-6.94294 0.0606885 16.6482 0.554642 -7.28007 98.34 4.18048 -26.0695 -320.218 
-6.93093 0.0523948 16.4652 0.473961 -6.18059 84.7241 3.84792 -28.9938 -166.678 
-6.91892 0.0451335 16.28 0.405528 -5.23668 72.88 3.4909 -30.2111 -43.6301 
-6.90691 0.0388017 16.0928 0.347613 -4.42806 62.1414 3.12756 -30.0732 58.6109 
-6.89489 0.0333014 15.9039 0.298686 -3.73683 52.9472 2.77224 -28.9469 128.921 
-6.88288 0.0285412 15.7136 0.257415 -3.15009 45.0758 2.43516 -27.0958 172.633 
-6.87087 0.0244367 15.5223 0.22265 -2.65271 38.0172 2.12297 -24.8224 201.128 
-6.85886 0.0209098 15.3304 0.193386 -2.23174 32.0739 1.83954 -22.3497 210.572 
-6.84685 0.0178894 15.1383 0.168761 -1.87799 27.058 1.58633 -19.8174 208.071 
-6.83483 0.0153113 14.9467 0.148042 -1.58086 22.605 1.36314 -17.3602 199.461 
-6.82282 0.0131172 14.756 0.130595 -1.3315 18.9132 1.16864 -15.0543 184.465 
-6.81081 0.0112553 14.5669 0.115885 -1.1237 15.839 1.00072 -12.94 166.927 
-6.7988 0.0096795 14.38 0.103461 -0.950426 13.1358 0.856881 -11.0454 148.489 
-6.78679 0.00834871 14.196 0.0929392 -0.805898 10.928 0.734469 -9.37339 129.899 
-6.77477 0.00722695 14.0157 0.0839993 -0.686121 9.11324 0.630816 -7.91942 112.479 
-6.76276 0.00628276 13.8397 0.0763747 -0.586611 7.53216 0.543394 -6.66971 96.0427 
-6.75075 0.00548858 13.6685 0.0698412 -0.50378 6.25915 0.469854 -5.60407 81.3861 
-6.73874 0.00482065 13.5027 0.0642139 -0.435167 5.22457 0.408083 -4.70573 68.6738 
-6.72673 0.00425864 13.3427 0.0593407 -0.378054 4.33017 0.356223 -3.95235 57.2266 
-6.71471 0.00378504 13.1888 0.0550948 -0.330319 3.61783 0.312645 -3.32258 47.6303 
-6.7027 0.00338509 13.0411 0.0513728 -0.290522 3.04267 0.275962 -2.80076 39.6576 
-6.69069 0.00304641 12.8996 0.0480898 -0.257102 2.54727 0.245002 -2.36836 32.6744 
-6.67868 0.00275853 12.7643 0.0451758 -0.228866 2.15399 0.218775 -2.00974 27.0358 
-6.66667 0.00251284 12.635 0.0425737 -0.205015 1.83598 0.196463 -1.71404 22.4636 
-6.65465 0.0023022 12.5114 0.0402365 -0.184693 1.56145 0.177394 -1.46913 18.5196 
-6.64264 0.00212069 12.3932 0.0381253 -0.167254 1.34208 0.161007 -1.26544 15.3936 
-6.63063 0.00196345 12.2802 0.0362083 -0.152269 1.16303 0.146851 -1.09655 12.8805 
-6.61862 0.00182654 12.1719 0.0344592 -0.139279 1.00725 0.134553 -0.955469 10.7223 
-6.60661 0.00170665 12.0679 0.0328558 -0.127938 0.880965 0.123808 -0.836922 9.01581 
-6.59459 0.00160112 11.9681 0.0313798 -0.118017 0.776368 0.114369 -0.737387 7.63937 
-6.58258 0.00150774 11.8719 0.0300159 -0.109268 0.684346 0.106032 -0.653108 6.45299 
-6.57057 0.00142468 11.7792 0.0287509 -0.101504 0.608372 0.0986299 -0.581278 5.50678 
-6.55856 0.00135044 11.6897 0.0275739 -0.0945983 0.544376 0.0920245 -0.520026 4.73546 
-6.54655 0.00128378 11.603 0.0264754 -0.0884151 0.487384 0.0861025 -0.467362 4.06506 
-6.53453 0.00122364 11.519 0.0254474 -0.0828487 0.439424 0.0807687 -0.421791 3.52253 
-6.52252 0.00116917 11.4374 0.0244828 -0.0778274 0.398347 0.0759445 -0.382313 3.07406 
-6.51051 0.00111963 11.3581 0.0235758 -0.0732727 0.361332 0.071564 -0.347857 2.68018 
-6.4985 0.0010744 11.2808 0.0227209 -0.0691229 0.329621 0.0675711 -0.31761 2.35605 
-6.48649 0.00103296 11.2055 0.0219137 -0.0653353 0.302041 0.0639188 -0.291021 2.08408 
-6.47447 0.000994871 11.1319 0.02115 -0.0618629 0.276924 0.0605673 -0.267496 1.84264 
-6.46246 0.000959749 11.0599 0.0204264 -0.0586678 0.255062 0.0574822 -0.246576 1.64059 
-6.45045 0.000927266 10.9894 0.0197396 -0.0557236 0.235789 0.0546343 -0.227947 1.46858 
-6.43844 0.000897144 10.9204 0.0190868 -0.0530009 0.218075 0.0519982 -0.211268 1.3143 
-6.42643 0.000869137 10.8526 0.0184655 -0.0504752 0.202443 0.0495522 -0.196268 1.18315 
-6.41441 0.000843034 10.7861 0.0178735 -0.0481297 0.188502 0.047277 -0.182763 1.07 
-6.4024 0.000818649 10.7207 0.0173086 -0.0459451 0.175587 0.0451563 -0.170546 0.96756 
-6.39039 0.000795821 10.6564 0.0167691 -0.0439052 0.164057 0.0431754 -0.159454 0.879246 
-6.37838 0.000774407 10.5931 0.0162533 -0.0419986 0.153671 0.0413215 -0.149373 0.802129 
-6.36637 0.000754281 10.5307 0.0157596 -0.0402124 0.143985 0.0395833 -0.140174 0.731728 
-6.35435 0.000735332 10.4692 0.0152868 -0.0385353 0.135252 0.0379509 -0.131753 0.670278 
-6.34234 0.00071746 10.4086 0.0148335 -0.0369594 0.127319 0.0364152 -0.124039 0.616047 
-6.33033 0.000700577 10.3487 0.0143985 -0.0354758 0.119879 0.0349685 -0.116947 0.566176 
-6.31832 0.000684604 10.2896 0.0139808 -0.0340764 0.113114 0.0336035 -0.11041 0.522173 
-6.30631 0.000669471 10.2312 0.0135795 -0.0327557 0.106925 0.0323139 -0.104381 0.482976 
-6.29429 0.000655114 10.1735 0.0131936 -0.0315071 0.101091 0.031094 -0.0988029 0.446702 
-6.28228 0.000641475 10.1164 0.0128223 -0.0303249 0.0957501 0.0299387 -0.0936311 0.414393 
-6.27027 0.000628502 10.06 0.0124649 -0.0292049 0.0908326 0.0288431 -0.0888326 0.385378 
-6.25826 0.000616149 10.0041 0.0121205 -0.0281423 0.0861785 0.0278032 -0.0843698 0.358378 
-6.24625 0.000604373 9.94875 0.0117886 -0.0271329 0.0818911 0.026815 -0.0802106 0.334132 
-6.23423 0.000593134 9.89395 0.0114684 -0.0261736 0.0779225 0.0258751 -0.0763322 0.312202 
-6.22222 0.000582397 9.83964 0.0111596 -0.0252606 0.074153 0.0249802 -0.0727081 0.291697 
-6.21021 0.000572131 9.78582 0.0108614 -0.0243908 0.0706621 0.0241274 -0.0693156 0.273152 
-6.1982 0.000562305 9.73246 0.0105734 -0.0235619 0.0674156 0.0233141 -0.0661384 0.256272 
-6.18619 0.000552891 9.67954 0.0102952 -0.022771 0.0643225 0.0225377 -0.0631573 0.240423 
-6.17417 0.000543866 9.62705 0.0100263 -0.0220157 0.0614446 0.0217961 -0.060356 0.225998 
-6.16216 0.000535206 9.57496 0.00976616 -0.021294 0.0587573 0.0210871 -0.0577224 0.212797 
-6.15015 0.000526889 9.52327 0.00951456 -0.0206039 0.0561898 0.0204087 -0.0552426 0.200355 
-6.13814 0.000518896 9.47194 0.00927106 -0.0199433 0.0537914 0.0197593 -0.0529043 0.188969 
-6.12613 0.00051121 9.42098 0.00903532 -0.0193109 0.0515436 0.0191372 -0.0506987 0.178497 
-6.11411 0.000503812 9.37037 0.00880703 -0.0187049 0.0493909 0.0185409 -0.0486153 0.168595 
-6.1021 0.000496687 9.32009 0.00858586 -0.0181238 0.0473727 0.0179688 -0.0466448 0.159488 
-6.09009 0.000489821 9.27014 0.00837153 -0.0175663 0.0454752 0.0174198 -0.0447806 0.151076 
-6.07808 0.000483201 9.22049 0.00816375 -0.0170311 0.0436539 0.0168926 -0.0430147 0.143098 
-6.06607 0.000476813 9.17115 0.00796228 -0.0165171 0.0419411 0.0163861 -0.0413401 0.135729 
-6.05405 0.000470647 9.1221 0.00776687 -0.0160231 0.040326 0.0158991 -0.0397516 0.128895 
-6.04204 0.00046469 9.07332 0.00757727 -0.0155482 0.0387728 0.0154308 -0.038243 0.122397 
-6.03003 0.000458933 9.02482 0.00739327 -0.0150912 0.037308 0.0149801 -0.036809 0.116371 
-6.01802 0.000453367 8.97658 0.00721465 -0.0146515 0.0359231 0.0145462 -0.0354454 0.110763 
-6.00601 0.000447981 8.92859 0.00704121 -0.0142281 0.034589 0.0141283 -0.0341476 0.105418 
-5.99399 0.000442769 8.88085 0.00687277 -0.0138202 0.0333276 0.0137256 -0.0329112 0.100443 
-5.98198 0.000437721 8.83335 0.00670913 -0.0134272 0.0321322 0.0133374 -0.0317331 0.0957985 
-5.96997 0.00043283 8.78608 0.00655014 -0.0130482 0.0309789 0.012963 -0.0306094 0.0913621 
-5.95796 0.00042809 8.73903 0.00639561 -0.0126827 0.0298859 0.0126018 -0.0295368 0.0872202 
-5.94595 0.000423494 8.6922 0.0062454 -0.01233 0.0288479 0.0122532 -0.0285128 0.0833416 
-5.93393 0.000419036 8.64558 0.00609935 -0.0119896 0.027845 0.0119167 -0.0275344 0.0796297 
-5.92192 0.000414709 8.59917 0.00595731 -0.0116608 0.0268926 0.0115916 -0.0265988 0.0761539 
-5.90991 0.000410508 8.55295 0.00581916 -0.0113433 0.0259863 0.0112775 -0.0257039 0.0728905 
-5.8979 0.000406428 8.50693 0.00568476 -0.0110365 0.0251096 0.0109739 -0.0248474 0.0697617 
-5.88589 0.000402464 8.46109 0.00555398 -0.0107399 0.0242753 0.0106804 -0.0240271 0.0668241 
-5.87387 0.000398612 8.41543 0.0054267 -0.0104531 0.0234801 0.0103965 -0.0232413 0.0640592 
-5.86186 0.000394866 8.36996 0.00530282 -0.0101758 0.02271 0.0101219 -0.022488 0.061404 
-5.84985 0.000391224 8.32465 0.0051822 -0.00990737 0.0219758 0.00985617 -0.0217654 0.058905 
-5.83784 0.00038768 8.27952 0.00506477 -0.00964765 0.0212749 0.00959891 -0.0210722 0.0565476 
-5.82583 0.00038423 8.23454 0.0049504 -0.00939623 0.0205954 0.00934982 -0.0204068 0.0542803 
-5.81381 0.000380873 8.18973 0.004839 -0.00915273 0.0199465 0.00910856 -0.0197676 0.0521416 
-5.8018 0.000377603 8.14507 0.00473048 -0.0089169 0.0193262 0.00887482 -0.0191536 0.0501199 
-5.78979 0.000374418 8.10057 0.00462475 -0.00868841 0.0187241 0.00864832 -0.0185634 0.0481728 
-5.77778 0.000371314 8.05621 0.00452172 -0.00846696 0.0181484 0.00842876 -0.0179958 0.0463322 
-5.76577 0.000368289 8.01199 0.00442131 -0.0082523 0.0175973 0.0082159 -0.0174499 0.0445891 
-5.75375 0.000365341 7.96792 0.00432344 -0.00804417 0.0170618 0.00800946 -0.0169245 0.042908 
-5.74174 0.000362465 7.92398 0.00422803 -0.00784231 0.0165492 0.00780922 -0.0164186 0.041316 
-5.72973 0.00035966 7.88017 0.00413501 -0.0076465 0.0160577 0.00761495 -0.0159315 0.0398054 
-5.71772 0.000356923 7.8365 0.00404431 -0.00745651 0.0155799 0.00742641 -0.0154623 0.038347 
-5.70571 0.000354252 7.79295 0.00395586 -0.00727212 0.0151219 0.00724341 -0.01501 0.0369633 
-5.69369 0.000351645 7.74953 0.00386958 -0.00709314 0.0146823 0.00706575 -0.014574 0.0356483 
-5.68168 0.000349099 7.70623 0.00378543 -0.00691937 0.0142545 0.00689323 -0.0141535 0.0343773 
-5.66967 0.000346613 7.66304 0.00370333 -0.00675062 0.013844 0.00672567 -0.0137478 0.0331694 
-5.65766 0.000344185 7.61998 0.00362323 -0.00658671 0.0134495 0.00656289 -0.0133564 0.0320198 
-5.64565 0.000341812 7.57702 0.00354507 -0.00642749 0.0130654 0.00640474 -0.0129785 0.0309074 
-5.63363 0.000339494 7.53418 0.0034688 -0.00627276 0.0126964 0.00625104 -0.0126136 0.0298486 
-5.62162 0.000337227 7.49145 0.00339436 -0.00612241 0.0123415 0.00610166 -0.0122612 0.0288395 
-5.60961 0.000335011 7.44882 0.0033217 -0.00597626 0.0119957 0.00595643 -0.0119207 0.0278621 
-5.5976 0.000332845 7.40629 0.00325077 -0.00583416 0.0116631 0.00581523 -0.0115916 0.0269305 
-5.58559 0.000330726 7.36387 0.00318152 -0.00569601 0.0113429 0.00567791 -0.0112735 0.0260414 
-5.57357 0.000328653 7.32155 0.00311391 -0.00556165 0.0110307 0.00554435 -0.010966 0.0251795 
-5.56156 0.000326625 7.27932 0.00304789 -0.00543095 0.0107302 0.00541443 -0.0106684 0.0243569 
-5.54955 0.00032464 7.23719 0.00298343 -0.00530381 0.0104407 0.00528801 -0.0103806 0.0235707 
-5.53754 0.000322697 7.19515 0.00292046 -0.00518011 0.0101582 0.005165 -0.0101021 0.022808 
-5.52553 0.000320796 7.15321 0.00285896 -0.00505973 0.00988606 0.00504528 -0.00983255 0.0220792 
-5.51351 0.000318934 7.11135 0.00279889 -0.00494257 0.00962361 0.00492875 -0.00957157 0.0213819 
-5.5015 0.000317111 7.06958 0.00274021 -0.00482852 0.00936745 0.0048153 -0.00931884 0.0207048 
-5.48949 0.000315325 7.0279 0.00268288 -0.00471748 0.00912044 0.00470484 -0.00907403 0.020057 
-5.47748 0.000313576 6.9863 0.00262687 -0.00460937 0.00888206 0.00459728 -0.00883687 0.0194366 
-5.46547 0.000311862 6.94478 0.00257213 -0.00450409 0.00864926 0.00449252 -0.00860706 0.0188337 
-5.45345 0.000310182 6.90335 0.00251865 -0.00440154 0.00842462 0.00439047 -0.00838429 0.0182563 
-5.44144 0.000308537 6.86199 0.00246638 -0.00430166 0.00820766 0.00429107 -0.00816836 0.0177027 
-5.42943 0.000306923 6.82071 0.0024153 -0.00420436 0.00799568 0.00419421 -0.00795898 0.0171644 
-5.41742 0.000305342 6.77951 0.00236537 -0.00410954 0.00779098 0.00409983 -0.0077559 0.0166483 
-5.40541 0.000303791 6.73838 0.00231656 -0.00401715 0.00759315 0.00400786 -0.00755893 0.0161529 
-5.39339 0.000302271 6.69733 0.00226885 -0.00392712 0.00739979 0.00391821 -0.00736782 0.015671 
-5.38138 0.00030078 6.65635 0.0022222 -0.00383935 0.00721292 0.00383083 -0.00718236 0.0152084 
-5.36937 0.000299317 6.61544 0.0021766 -0.0037538 0.00703222 0.00374564 -0.00700237 0.0147641 
-5.35736 0.000297882 6.57459 0.00213201 -0.0036704 0.00685552 0.00366259 -0.00682765 0.0143315 
-5.34535 0.000296474 6.53382 0.00208842 -0.00358908 0.00668466 0.0035816 -0.006658 0.013916 
-5.33333 0.000295093 6.49311 0.00204578 -0.00350979 0.00651933 0.00350261 -0.00649326 0.0135164 
-5.32132 0.000293737 6.45247 0.00200409 -0.00343246 0.00635759 0.00342558 -0.00633326 0.0131273 
-5.30931 0.000292407 6.4119 0.00196331 -0.00335703 0.00620111 0.00335044 -0.00617782 0.0127531 
-5.2973 0.000291101 6.37139 0.00192343 -0.00328346 0.00604961 0.00327715 -0.00602682 0.012393 
-5.28529 0.000289818 6.33094 0.00188442 -0.00321169 0.00590134 0.00320564 -0.00588008 0.0120421 
-5.27327 0.00028856 6.29055 0.00184627 -0.00314166 0.00575781 0.00313587 -0.00573746 0.0117045 
-5.26126 0.000287323 6.25022 0.00180894 -0.00307334 0.00561878 0.00306779 -0.00559883 0.0113793 
-5.24925 0.00028611 6.20995 0.00177243 -0.00300667 0.00548267 0.00300135 -0.00546407 0.0110622 
-5.23724 0.000284917 6.16974 0.0017367 -0.00294161 0.00535084 0.0029365 -0.00533302 0.0107569 
-5.22523 0.000283746 6.12958 0.00170175 -0.0028781 0.00522308 0.00287321 -0.0052056 0.0104626 
-5.21321 0.000282596 6.08948 0.00166755 -0.00281612 0.00509796 0.00281143 -0.00508166 0.0101755 
-5.2012 0.000281465 6.04944 0.00163409 -0.00275561 0.0049767 0.00275112 -0.00496109 0.00989884 
-5.18919 0.000280355 6.00945 0.00160135 -0.00269655 0.00485914 0.00269223 -0.0048438 0.00963203 
-5.17718 0.000279263 5.96951 0.0015693 -0.00263887 0.00474397 0.00263474 -0.00472968 0.00937161 
-5.16517 0.000278191 5.92963 0.00153795 -0.00258256 0.00463231 0.00257859 -0.00461862 0.00912048 
-5.15315 0.000277136 5.88979 0.00150726 -0.00252757 0.004524 0.00252377 -0.00451053 0.00887813 
-5.14114 0.0002761 5.85001 0.00147722 -0.00247387 0.00441786 0.00247022 -0.00440532 0.00864147 
-5.12913 0.000275082 5.81028 0.00144782 -0.00242142 0.00431491 0.00241792 -0.00430289 0.00841311 
-5.11712 0.00027408 5.7706 0.00141904 -0.0023702 0.004215 0.00236684 -0.00420317 0.0081926 
-5.10511 0.000273096 5.73096 0.00139087 -0.00232016 0.00411708 0.00231693 -0.00410607 0.00797717 
-5.09309 0.000272127 5.69137 0.0013633 -0.00227128 0.00402205 0.00226818 -0.00401149 0.00776917 
-5.08108 0.000271175 5.65183 0.0013363 -0.00222352 0.0039298 0.00222055 -0.00391939 0.0075682 
-5.06907 0.000270239 5.61234 0.00130987 -0.00217686 0.00383935 0.00217401 -0.00382967 0.00737178 
-5.05706 0.000269318 5.57289 0.001284 -0.00213127 0.00375154 0.00212854 -0.00374226 0.00718203 
-5.04505 0.000268412 5.53348 0.00125867 -0.00208672 0.00366626 0.0020841 -0.0036571 0.00699858 
-5.03303 0.000267521 5.49412 0.00123386 -0.00204319 0.00358263 0.00204067 -0.00357412 0.00681923 
-5.02102 0.000266644 5.4548 0.00120958 -0.00200064 0.00350142 0.00199823 -0.00349325 0.00664585 
-5.00901 0.000265781 5.41553 0.0011858 -0.00195906 0.00342251 0.00195674 -0.00341443 0.00647816 
-4.997 0.000264933 5.37629 0.00116251 -0.00191842 0.00334511 0.00191619 -0.00333761 0.00631414 
-4.98498 0.000264098 5.3371 0.00113971 -0.00187869 0.00326991 0.00187655 -0.00326272 0.00615551 
-4.97297 0.000263276 5.29795 0.00111737 -0.00183985 0.00319683 0.0018378 -0.00318971 0.00600199 
-4.96096 0.000262467 5.25883 0.0010955 -0.00180189 0.00312512 0.00179991 -0.00311852 0.0058518 
-4.94895 0.000261671 5.21976 0.00107408 -0.00176477 0.00305544 0.00176287 -0.0030491 0.00570646 
-4.93694 0.000260887 5.18072 0.0010531 -0.00172847 0.00298769 0.00172666 -0.00298141 0.00556574 
-4.92492 0.000260116 5.14173 0.00103255 -0.00169299 0.00292121 0.00169124 -0.00291538 0.00542802 
-4.91291 0.000259356 5.10277 0.00101243 -0.00165829 0.00285657 0.00165661 -0.00285098 0.00529469 
-4.9009 0.000258609 5.06384 0.000992711 -0.00162435 0.00279372 0.00162274 -0.00278817 0.00516553 
-4.88889 0.000257872 5.02496 0.000973399 -0.00159117 0.00273202 0.00158962 -0.00272688 0.00503908 
-4.87688 0.000257148 4.98611 0.000954482 -0.00155871 0.00267202 0.00155723 -0.00266709 0.00491661 
-4.86486 0.000256434 4.94729 0.00093595 -0.00152697 0.00261366 0.00152554 -0.00260875 0.00479793 
-4.85285 0.000255731 4.90851 0.000917795 -0.00149592 0.00255635 0.00149455 -0.00255182 0.0046817 
-4.84084 0.000255039 4.86976 0.000900009 -0.00146555 0.00250062 0.00146423 -0.00249626 0.00456907 
-4.82883 0.000254357 4.83105 0.000882584 -0.00143584 0.00244638 0.00143457 -0.00244204 0.00445988 
-4.81682 0.000253686 4.79237 0.000865512 -0.00140677 0.00239312 0.00140556 -0.00238911 0.00435292 
-4.8048 0.000253024 4.75372 0.000848785 -0.00137834 0.0023413 0.00137717 -0.00233745 0.00424923 
-4.79279 0.000252373 4.71511 0.000832396 -0.00135052 0.00229085 0.0013494 -0.00228701 0.00414866 
-4.78078 0.000251731 4.67653 0.000816338 -0.0013233 0.00224132 0.00132222 -0.00223778 0.00405012 
-4.76877 0.000251098 4.63798 0.000800603 -0.00129667 0.0021931 0.00129563 -0.0021897 0.00395456 
-4.75676 0.000250475 4.59946 0.000785184 -0.00127061 0.00214616 0.00126961 -0.00214276 0.00386183 
-4.74474 0.000249862 4.56097 0.000770075 -0.00124511 0.00210005 0.00124415 -0.00209692 0.00377096 
-4.73273 0.000249257 4.52251 0.000755269 -0.00122015 0.00205516 0.00121923 -0.00205215 0.00368279 
-4.72072 0.000248661 4.48408 0.00074076 -0.00119573 0.00201145 0.00119485 -0.00200843 0.00359722 
-4.70871 0.000248073 4.44568 0.000726541 -0.00117183 0.0019685 0.00117098 -0.00196573 0.00351333 
-4.6967 0.000247495 4.4073 0.000712606 -0.00114843 0.00192668 0.00114762 -0.00192402 0.00343191 
-4.68468 0.000246924 4.36896 0.000698949 -0.00112554 0.00188594 0.00112475 -0.00188327 0.00335285 
-4.67267 0.000246362 4.33064 0.000685564 -0.00110313 0.00184592 0.00110237 -0.00184347 0.00327533 
-4.66066 0.000245808 4.29236 0.000672446 -0.00108119 0.00180693 0.00108046 -0.00180458 0.00320007 
-4.64865 0.000245261 4.2541 0.000659588 -0.00105971 0.00176895 0.00105901 -0.00176658 0.00312697 
-4.63664 0.000244723 4.21586 0.000646985 -0.00103869 0.00173162 0.00103802 -0.00172945 0.00305528 
-4.62462 0.000244192 4.17765 0.000634633 -0.00101811 0.00169526 0.00101746 -0.00169317 0.00298565 
-4.61261 0.000243669 4.13947 0.000622525 -0.000997957 0.00165982 0.000997336 -0.00165771 0.00291799 
-4.6006 0.000243153 4.10132 0.000610656 -0.00097823 0.00162499 0.000977632 -0.00162307 0.00285163 
-4.58859 0.000242644 4.06319 0.000599022 -0.000958914 0.00159105 0.00095834 -0.0015892 0.00278715 
-4.57658 0.000242143 4.02508 0.000587617 -0.000940002 0.00155797 0.00093945 -0.0015561 0.00272449 
-4.56456 0.000241648 3.987 0.000576438 -0.000921485 0.00152545 0.000920953 -0.00152374 0.002663 
-4.55255 0.00024116 3.94894 0.000565478 -0.000903351 0.00149375 0.000902841 -0.00149211 0.00260325 
-4.54054 0.00024068 3.91091 0.000554734 -0.000885595 0.00146286 0.000885104 -0.0014612 0.00254516 
-4.52853 0.000240205 3.8729 0.000544201 -0.000868207 0.00143248 0.000867734 -0.00143097 0.00248815 
-4.51652 0.000239738 3.83492 0.000533875 -0.000851178 0.00140287 0.000850724 -0.00140141 0.00243273 
-4.5045 0.000239277 3.79696 0.000523751 -0.000834501 0.00137399 0.000834064 -0.00137252 0.00237884 
-4.49249 0.000238822 3.75902 0.000513825 -0.000818168 0.0013456 0.000817748 -0.00134426 0.00232594 
-4.48048 0.000238373 3.7211 0.000504094 -0.000802171 0.00131792 0.000801767 -0.00131663 0.0022745 
-4.46847 0.000237931 3.68321 0.000494553 -0.000786503 0.00129093 0.000786114 -0.00128961 0.00222447 
-4.45646 0.000237494 3.64534 0.000485198 -0.000771157 0.00126438 0.000770783 -0.00126319 0.00217534 
-4.44444 0.000237063 3.60749 0.000476025 -0.000756125 0.00123849 0.000755765 -0.00123735 0.00212757 
-4.43243 0.000236639 3.56966 0.000467031 -0.000741401 0.00121324 0.000741055 -0.00121207 0.00208108 
-4.42042 0.00023622 3.53185 0.000458212 -0.000726977 0.0011884 0.000726644 -0.00118735 0.00203543 
-4.40841 0.000235806 3.49406 0.000449565 -0.000712848 0.00116418 0.000712527 -0.00116317 0.00199103 
-4.3964 0.000235399 3.45629 0.000441086 -0.000699006 0.00114055 0.000698698 -0.00113951 0.0019478 
-4.38438 0.000234996 3.41855 0.000432771 -0.000685446 0.00111731 0.00068515 -0.00111637 0.00190536 
-4.37237 0.000234599 3.38082 0.000424618 -0.000672162 0.00109463 0.000671876 -0.00109373 0.00186405 
-4.36036 0.000234208 3.34311 0.000416622 -0.000659146 0.00107251 0.000658872 -0.00107158 0.00182385 
-4.34835 0.000233821 3.30543 0.000408781 -0.000646395 0.00105075 0.000646131 -0.00104992 0.00178435 
-4.33634 0.00023344 3.26776 0.000401092 -0.000633901 0.00102951 0.000633647 -0.00102871 0.00174591 
-4.32432 0.000233063 3.23011 0.000393551 -0.00062166 0.00100879 0.000621415 -0.00100797 0.00170848 
-4.31231 0.000232692 3.19248 0.000386156 -0.000609665 0.000988406 0.00060943 -0.000987667 0.0016717 
-4.3003 0.000232326 3.15487 0.000378904 -0.000597912 0.000968513 0.000597686 -0.000967801 0.0016359 
-4.28829 0.000231964 3.11727 0.000371791 -0.000586395 0.000949097 0.000586177 -0.000948362 0.00160104 
-4.27628 0.000231607 3.0797 0.000364815 -0.00057511 0.000929994 0.0005749 -0.000929337 0.00156678 
-4.26426 0.000231255 3.04214 0.000357974 -0.000564051 0.00091135 0.000563849 -0.000910717 0.00153342 
-4.25225 0.000230907 3.0046 0.000351264 -0.000553214 0.00089315 0.00055302 -0.000892494 0.00150092 
-4.24024 0.000230564 2.96707 0.000344682 -0.000542594 0.000875242 0.000542407 -0.000874658 0.00146899 
-4.22823 0.000230225 2.92957 0.000338227 -0.000532185 0.000857762 0.000532005 -0.0008572 0.00143788 
-4.21622 0.000229891 2.89208 0.000331896 -0.000521985 0.000840696 0.000521812 -0.000840111 0.00140758 
-4.2042 0.000229561 2.85461 0.000325686 -0.000511988 0.000823902 0.000511821 -0.000823383 0.0013778 
-4.19219 0.000229235 2.81715 0.000319595 -0.00050219 0.000807507 0.000502029 -0.000807007 0.00134878 
-4.18018 0.000228914 2.77971 0.000313621 -0.000492587 0.000791499 0.000492432 -0.000790977 0.0013205 
-4.16817 0.000228596 2.74229 0.000307761 -0.000483174 0.000775744 0.000483025 -0.000775283 0.00129271 
-4.15616 0.000228283 2.70488 0.000302012 -0.000473948 0.000760362 0.000473805 -0.000759917 0.00126563 
-4.14414 0.000227974 2.66749 0.000296374 -0.000464906 0.000745341 0.000464768 -0.000744874 0.00123923 
-4.13213 0.000227668 2.63011 0.000290843 -0.000456042 0.000730556 0.000455909 -0.000730145 0.00121328 
-4.12012 0.000227367 2.59275 0.000285417 -0.000447353 0.000716119 0.000447226 -0.000715723 0.00118799 
-4.10811 0.000227069 2.5554 0.000280095 -0.000438836 0.000702019 0.000438713 -0.000701602 0.00116334 
-4.0961 0.000226775 2.51807 0.000274874 -0.000430488 0.00068814 0.000430369 -0.000687775 0.0011391 
-4.08408 0.000226485 2.48076 0.000269752 -0.000422303 0.000674586 0.000422189 -0.000674234 0.00111547 
-4.07207 0.000226199 2.44345 0.000264728 -0.00041428 0.000661346 0.00041417 -0.000660974 0.00109243 
-4.06006 0.000225916 2.40617 0.000259799 -0.000406415 0.000648313 0.000406309 -0.000647989 0.00106978 
-4.04805 0.000225636 2.36889 0.000254964 -0.000398703 0.000635584 0.000398602 -0.000635271 0.00104769 
-4.03604 0.000225361 2.33163 0.00025022 -0.000391144 0.000623149 0.000391046 -0.000622816 0.00102615 
-4.02402 0.000225088 2.29439 0.000245566 -0.000383733 0.000610907 0.000383638 -0.000610618 0.00100497 
-4.01201 0.000224819 2.25716 0.000241 -0.000376466 0.000598949 0.000376376 -0.00059867 0.000984321 
-4 0.000224554 2.21994 0.000236521 -0.000369342 0.000587266 0.000369255 -0.000586969 0.000964176 
-3.98799 0.000224291 2.18274 0.000232127 -0.000362357 0.000575764 0.000362273 -0.000575507 0.000944364 
-3.97598 0.000224032 2.14554 0.000227815 -0.000355509 0.000564527 0.000355428 -0.000564279 0.000925042 
-3.96396 0.000223777 2.10836 0.000223586 -0.000348794 0.000553548 0.000348716 -0.000553281 0.000906192 
-3.95195 0.000223524 2.0712 0.000219436 -0.00034221 0.000542737 0.000342135 -0.000542508 0.000887652 
-3.93994 0.000223274 2.03405 0.000215364 -0.000335754 0.000532175 0.000335682 -0.000531954 0.000869568 
-3.92793 0.000223028 1.99691 0.000211369 -0.000329424 0.000521854 0.000329354 -0.000521616 0.000851923 
-3.91592 0.000222785 1.95978 0.000207449 -0.000323217 0.000511691 0.00032315 -0.000511487 0.000834567 
-3.9039 0.000222544 1.92266 0.000203603 -0.00031713 0.000501761 0.000317066 -0.000501564 0.000817634 
-3.89189 0.000222307 1.88556 0.00019983 -0.000311162 0.000492056 0.000311099 -0.000491842 0.000801111 
-3.87988 0.000222072 1.84847 0.000196128 -0.000305309 0.000482499 0.000305249 -0.000482318 0.000784855 
-3.86787 0.000221841 1.81139 0.000192495 -0.000299569 0.00047316 0.000299511 -0.000472985 0.000768995 
-3.85586 0.000221612 1.77432 0.00018893 -0.000293941 0.000464033 0.000293885 -0.000463842 0.000753516 
-3.84384 0.000221386 1.73726 0.000185433 -0.000288421 0.000455044 0.000288367 -0.000454882 0.000738286 
-3.83183 0.000221163 1.70022 0.000182001 -0.000283008 0.000446259 0.000282956 -0.000446103 0.000723424 
-3.81982 0.000220942 1.66318 0.000178633 -0.000277699 0.000437673 0.000277649 -0.000437501 0.000708918 
-3.80781 0.000220724 1.62616 0.000175329 -0.000272493 0.000429216 0.000272445 -0.000429072 0.000694644 
-3.7958 0.000220509 1.58915 0.000172087 -0.000267387 0.000420951 0.000267341 -0.000420812 0.000680713 
-3.78378 0.000220296 1.55215 0.000168905 -0.000262379 0.000412871 0.000262335 -0.000412717 0.000667113 
-3.77177 0.000220086 1.51516 0.000165783 -0.000257468 0.000404913 0.000257425 -0.000404784 0.00065373 
-3.75976 0.000219879 1.47818 0.000162719 -0.000252651 0.000397134 0.00025261 -0.00039701 0.000640667 
-3.74775 0.000219674 1.44121 0.000159713 -0.000247926 0.00038953 0.000247887 -0.000389392 0.000627913 
-3.73574 0.000219471 1.40425 0.000156763 -0.000243292 0.000382039 0.000243254 -0.000381925 0.000615361 
-3.72372 0.000219271 1.36731 0.000153867 -0.000238747 0.000374717 0.000238711 -0.000374607 0.000603108 
-3.71171 0.000219074 1.33037 0.000151026 -0.000234289 0.000367558 0.000234254 -0.000367435 0.000591143 
-3.6997 0.000218878 1.29344 0.000148239 -0.000229917 0.000360507 0.000229883 -0.000360405 0.000579367 
-3.68769 0.000218685 1.25652 0.000145503 -0.000225628 0.000353613 0.000225595 -0.000353515 0.00056787 
-3.67568 0.000218495 1.21961 0.000142818 -0.000221421 0.000346872 0.000221389 -0.000346761 0.000556641 
-3.66366 0.000218306 1.18272 0.000140183 -0.000217294 0.000340232 0.000217264 -0.000340142 0.00054559 
-3.65165 0.00021812 1.14583 0.000137597 -0.000213247 0.00033374 0.000213217 -0.000333653 0.000534798 
-3.63964 0.000217936 1.10895 0.00013506 -0.000209276 0.000327392 0.000209248 -0.000327292 0.000524258 
-3.62763 0.000217755 1.07208 0.000132569 -0.000205381 0.000321138 0.000205354 -0.000321058 0.000513882 
-3.61562 0.000217575 1.03522 0.000130125 -0.00020156 0.000315024 0.000201534 -0.000314946 0.00050375 
-3.6036 0.000217398 0.998364 0.000127727 -0.000197812 0.000309044 0.000197787 -0.000308955 0.000493853 
-3.59159 0.000217222 0.961521 0.000125373 -0.000194136 0.000303153 0.000194111 -0.000303081 0.00048411 
-3.57958 0.000217049 0.924688 0.000123062 -0.000190529 0.000297393 0.000190505 -0.000297323 0.000474594 
-3.56757 0.000216878 0.887863 0.000120795 -0.000186991 0.000291759 0.000186968 -0.000291679 0.000465298 
-3.55556 0.000216709 0.851046 0.00011857 -0.00018352 0.000286209 0.000183498 -0.000286145 0.000456146 
-3.54354 0.000216542 0.814239 0.000116386 -0.000180114 0.000280781 0.000180093 -0.000280719 0.000447207 
-3.53153 0.000216377 0.77744 0.000114243 -0.000176773 0.000275473 0.000176753 -0.0002754 0.000438473 
-3.51952 0.000216213 0.740649 0.000112139 -0.000173496 0.000270242 0.000173477 -0.000270185 0.000429874 
-3.50751 0.000216052 0.703866 0.000110074 -0.000170281 0.000265127 0.000170262 -0.000265072 0.000421473 
-3.4955 0.000215893 0.667092 0.000108048 -0.000167126 0.000260124 0.000167108 -0.000260059 0.000413265 
-3.48348 0.000215735 0.630326 0.000106059 -0.000164031 0.000255194 0.000164014 -0.000255143 0.000405183 
-3.47147 0.000215579 0.593568 0.000104107 -0.000160995 0.000250373 0.000160978 -0.000250324 0.000397288 
-3.45946 0.000215425 0.556818 0.000102191 -0.000158016 0.000245657 0.000158 -0.000245598 0.000389572 
-3.44745 0.000215273 0.520076 0.00010031 -0.000155093 0.00024101 0.000155078 -0.000240965 0.000381974 
-3.43544 0.000215123 0.483342 9.84648e-05 -0.000152225 0.000236465 0.00015221 -0.000236421 0.000374551 
-3.42342 0.000214975 0.446615 9.66532e-05 -0.000149412 0.000232018 0.000149397 -0.000231966 0.000367296 
-3.41141 0.000214828 0.409896 9.48751e-05 -0.000146651 0.000227637 0.000146637 -0.000227597 0.000360152 
-3.3994 0.000214683 0.373184 9.31298e-05 -0.000143943 0.000223352 0.000143929 -0.000223313 0.000353171 
-3.38739 0.000214539 0.33648 9.14168e-05 -0.000141285 0.000219159 0.000141272 -0.000219111 0.000346348 
-3.37538 0.000214398 0.299783 8.97354e-05 -0.000138677 0.000215028 0.000138665 -0.000214992 0.000339629 
-3.36336 0.000214258 0.263094 8.8085e-05 -0.000136119 0.000210986 0.000136107 -0.000210952 0.000333062 
-3.35135 0.000214119 0.226411 8.64651e-05 -0.000133608 0.000207032 0.000133597 -0.00020699 0.000326644 
-3.33934 0.000213982 0.189736 8.4875e-05 -0.000131145 0.000203136 0.000131134 -0.000203104 0.000320322 
-3.32733 0.000213847 0.153068 8.33143e-05 -0.000128728 0.000199324 0.000128717 -0.000199293 0.000314144 
-3.31532 0.000213713 0.116406 8.17823e-05 -0.000126356 0.000195595 0.000126346 -0.000195556 0.000308105 
-3.3033 0.000213581 0.0797516 8.02785e-05 -0.000124029 0.00019192 0.000124019 -0.000191891 0.000302157 
-3.29129 0.000213451 0.0431038 7.88024e-05 -0.000121745 0.000188324 0.000121735 -0.000188297 0.000296343 
-3.27928 0.000213321 0.00646271 7.73535e-05 -0.000119504 0.000184806 0.000119495 -0.000184771 0.000290659 
-3.26727 0.000213194 -0.0301717 7.59313e-05 -0.000117305 0.000181339 0.000117296 -0.000181314 0.000285061 
-3.25526 0.000213068 -0.0667996 7.45352e-05 -0.000115147 0.000177947 0.000115139 -0.000177923 0.000279589 
-3.24324 0.000212943 -0.103421 7.31648e-05 -0.00011303 0.000174628 0.000113022 -0.000174596 0.000274239 
-3.23123 0.00021282 -0.140036 7.18196e-05 -0.000110952 0.000171357 0.000110944 -0.000171334 0.000268968 
-3.21922 0.000212698 -0.176645 7.04992e-05 -0.000108913 0.000168156 0.000108905 -0.000168134 0.000263817 
-3.20721 0.000212577 -0.213247 6.9203e-05 -0.000106912 0.000165024 0.000106904 -0.000164996 0.000258779 
-3.1952 0.000212458 -0.249843 6.79306e-05 -0.000104948 0.000161937 0.000104941 -0.000161917 0.000253817 
-3.18318 0.000212341 -0.286434 6.66815e-05 -0.000103021 0.000158917 0.000103014 -0.000158897 0.000248966 
-3.17117 0.000212224 -0.323018 6.54554e-05 -0.00010113 0.000155961 0.000101123 -0.000155936 0.000244222 
-3.15916 0.000212109 -0.359596 6.42518e-05 -9.92742e-05 0.000153048 9.92679e-05 -0.00015303 0.000239549 
-3.14715 0.000211996 -0.396168 6.30703e-05 -9.7453e-05 0.000150198 9.74468e-05 -0.00015018 0.00023498 
-3.13514 0.000211883 -0.432734 6.19105e-05 -9.56656e-05 0.000147408 9.56597e-05 -0.000147385 0.000230512 
-3.12312 0.000211772 -0.469295 6.07719e-05 -9.39116e-05 0.000144658 9.39058e-05 -0.000144642 0.00022611 
-3.11111 0.000211662 -0.50585 5.96542e-05 -9.21901e-05 0.000141967 9.21846e-05 -0.000141952 0.000221807 
-3.0991 0.000211554 -0.542399 5.8557e-05 -9.05007e-05 0.000139334 9.04954e-05 -0.000139313 0.000217597 
-3.08709 0.000211446 -0.578942 5.74799e-05 -8.88427e-05 0.000136739 8.88375e-05 -0.000136724 0.00021345 
-3.07508 0.00021134 -0.61548 5.64225e-05 -8.72154e-05 0.000134199 8.72105e-05 -0.000134185 0.000209395 
-3.06306 0.000211235 -0.652013 5.53845e-05 -8.56184e-05 0.000131713 8.56137e-05 -0.000131693 0.00020543 
-3.05105 0.000211132 -0.68854 5.43655e-05 -8.40511e-05 0.000129262 8.40465e-05 -0.000129249 0.000201522 
-3.03904 0.000211029 -0.725062 5.33652e-05 -8.25128e-05 0.000126864 8.25084e-05 -0.000126852 0.000197701 
-3.02703 0.000210928 -0.761579 5.23831e-05 -8.10031e-05 0.000124517 8.09988e-05 -0.000124499 0.000193963 
-3.01502 0.000210828 -0.79809 5.1419e-05 -7.95214e-05 0.000122203 7.95173e-05 -0.000122192 0.000190281 
-3.003 0.000210728 -0.834596 5.04726e-05 -7.80671e-05 0.000119939 7.80631e-05 -0.000119928 0.000186679 
-2.99099 0.00021063 -0.871097 4.95434e-05 -7.66397e-05 0.000117722 7.66359e-05 -0.000117707 0.000183157 
-2.97898 0.000210534 -0.907593 4.86313e-05 -7.52388e-05 0.000115537 7.52352e-05 -0.000115528 0.000179685 
-2.96697 0.000210438 -0.944084 4.77358e-05 -7.38639e-05 0.000113399 7.38603e-05 -0.00011339 0.000176291 
-2.95495 0.000210343 -0.98057 4.68567e-05 -7.25143e-05 0.000111306 7.25109e-05 -0.000111292 0.00017297 
-2.94294 0.00021025 -1.01705 4.59936e-05 -7.11898e-05 0.000109243 7.11865e-05 -0.000109234 0.000169697 
-2.93093 0.000210157 -1.05353 4.51463e-05 -6.98897e-05 0.000107223 6.98865e-05 -0.000107215 0.000166497 
-2.91892 0.000210066 -1.09 4.43145e-05 -6.86137e-05 0.000105247 6.86106e-05 -0.000105234 0.000163365 
-2.90691 0.000209975 -1.12647 4.34978e-05 -6.73612e-05 0.000103298 6.73583e-05 -0.00010329 0.00016028 
-2.89489 0.000209886 -1.16293 4.26961e-05 -6.61318e-05 0.000101391 6.6129e-05 -0.000101383 0.000157262 
-2.88288 0.000209797 -1.19939 4.1909e-05 -6.49252e-05 9.95235e-05 6.49225e-05 -9.95118e-05 0.000154309 
-2.87087 0.00020971 -1.23584 4.11362e-05 -6.37408e-05 9.76827e-05 6.37382e-05 -9.76758e-05 0.000151399 
-2.85886 0.000209623 -1.27229 4.03776e-05 -6.25783e-05 9.5881e-05 6.25758e-05 -9.58743e-05 0.000148553 
-2.84685 0.000209538 -1.30873 3.96328e-05 -6.14372e-05 9.41173e-05 6.14348e-05 -9.41067e-05 0.000145768 
-2.83483 0.000209453 -1.34517 3.89015e-05 -6.03172e-05 9.23784e-05 6.03148e-05 -9.23723e-05 0.000143024 
-2.82282 0.00020937 -1.3816 3.81836e-05 -5.92178e-05 9.06764e-05 5.92155e-05 -9.06704e-05 0.000140339 
-2.81081 0.000209287 -1.41804 3.74788e-05 -5.81386e-05 8.90101e-05 5.81364e-05 -8.90005e-05 0.000137712 
-2.7988 0.000209205 -1.45446 3.67868e-05 -5.70793e-05 8.73674e-05 5.70772e-05 -8.73619e-05 0.000135124 
-2.78679 0.000209125 -1.49088 3.61075e-05 -5.60395e-05 8.57594e-05 5.60375e-05 -8.5754e-05 0.000132591 
-2.77477 0.000209045 -1.5273 3.54405e-05 -5.50189e-05 8.41851e-05 5.50169e-05 -8.41763e-05 0.000130113 
-2.76276 0.000208966 -1.56372 3.47856e-05 -5.4017e-05 8.2633e-05 5.40151e-05 -8.26281e-05 0.00012767 
-2.75075 0.000208888 -1.60013 3.41427e-05 -5.30336e-05 8.11137e-05 5.30318e-05 -8.11089e-05 0.000125281 
-2.73874 0.000208811 -1.63653 3.35115e-05 -5.20682e-05 7.96262e-05 5.20665e-05 -7.96182e-05 0.000122943 
-2.72673 0.000208734 -1.67293 3.28917e-05 -5.11206e-05 7.81596e-05 5.11189e-05 -7.81553e-05 0.000120638 
-2.71471 0.000208659 -1.70933 3.22833e-05 -5.01904e-05 7.67239e-05 5.01888e-05 -7.67197e-05 0.000118383 
-2.7027 0.000208584 -1.74572 3.16859e-05 -4.92772e-05 7.53183e-05 4.92757e-05 -7.5311e-05 0.000116177 
-2.69069 0.00020851 -1.78211 3.10994e-05 -4.83809e-05 7.39324e-05 4.83794e-05 -7.39287e-05 0.000114002 
-2.67868 0.000208437 -1.8185 3.05235e-05 -4.7501e-05 7.25758e-05 4.74995e-05 -7.2572e-05 0.000111874 
-2.66667 0.000208365 -1.85488 2.99581e-05 -4.66372e-05 7.12474e-05 4.66358e-05 -7.12408e-05 0.000109792 
-2.65465 0.000208294 -1.89126 2.9403e-05 -4.57893e-05 6.99377e-05 4.57879e-05 -6.99344e-05 0.000107739 
-2.64264 0.000208223 -1.92764 2.8858e-05 -4.49569e-05 6.86555e-05 4.49556e-05 -6.86523e-05 0.000105731 
-2.63063 0.000208153 -1.96401 2.83229e-05 -4.41398e-05 6.74001e-05 4.41385e-05 -6.73941e-05 0.000103765 
-2.61862 0.000208084 -2.00038 2.77975e-05 -4.33376e-05 6.61623e-05 4.33364e-05 -6.61594e-05 0.000101828 
-2.60661 0.000208016 -2.03674 2.72817e-05 -4.25502e-05 6.49505e-05 4.2549e-05 -6.49476e-05 9.99318e-05 
-2.59459 0.000207949 -2.0731 2.67753e-05 -4.17772e-05 6.37639e-05 4.1776e-05 -6.37584e-05 9.80762e-05 
-2.58258 0.000207882 -2.10946 2.6278e-05 -4.10183e-05 6.2594e-05 4.10172e-05 -6.25914e-05 9.62472e-05 
-2.57057 0.000207816 -2.14581 2.57898e-05 -4.02733e-05 6.14486e-05 4.02723e-05 -6.1446e-05 9.44573e-05 
-2.55856 0.000207751 -2.18216 2.53104e-05 -3.95419e-05 6.0327e-05 3.95409e-05 -6.03219e-05 9.27055e-05 
-2.54655 0.000207686 -2.21851 2.48398e-05 -3.8824e-05 5.92211e-05 3.8823e-05 -5.92188e-05 9.09786e-05 
-2.53453 0.000207623 -2.25485 2.43777e-05 -3.81191e-05 5.81384e-05 3.81182e-05 -5.81361e-05 8.92886e-05 
-2.52252 0.000207559 -2.29119 2.39239e-05 -3.74271e-05 5.70782e-05 3.74263e-05 -5.70736e-05 8.76345e-05 
-2.51051 0.000207497 -2.32753 2.34785e-05 -3.67478e-05 5.60328e-05 3.6747e-05 -5.60307e-05 8.60038e-05 
-2.4985 0.000207435 -2.36386 2.30411e-05 -3.60809e-05 5.50092e-05 3.60801e-05 -5.50072e-05 8.4408e-05 
-2.48649 0.000207374 -2.40019 2.26116e-05 -3.54262e-05 5.4007e-05 3.54254e-05 -5.40028e-05 8.28459e-05 
-2.47447 0.000207314 -2.43652 2.21899e-05 -3.47834e-05 5.30187e-05 3.47827e-05 -5.30169e-05 8.13061e-05 
-2.46246 0.000207254 -2.47284 2.17759e-05 -3.41524e-05 5.20511e-05 3.41516e-05 -5.20493e-05 7.9799e-05 
-2.45045 0.000207195 -2.50916 2.13694e-05 -3.35329e-05 5.11035e-05 3.35321e-05 -5.10997e-05 7.83237e-05 
-2.43844 0.000207137 -2.54548 2.09703e-05 -3.29246e-05 5.01692e-05 3.2924e-05 -5.01676e-05 7.68693e-05 
-2.42643 0.000207079 -2.58179 2.05784e-05 -3.23275e-05 4.92544e-05 3.23268e-05 -4.92528e-05 7.54459e-05 
-2.41441 0.000207022 -2.6181 2.01936e-05 -3.17413e-05 4.83585e-05 3.17406e-05 -4.8355e-05 7.40524e-05 
-2.4024 0.000206966 -2.65441 1.98158e-05 -3.11657e-05 4.74751e-05 3.11651e-05 -4.74738e-05 7.26787e-05 
-2.39039 0.00020691 -2.69072 1.94448e-05 -3.06006e-05 4.66102e-05 3.06001e-05 -4.66088e-05 7.13341e-05 
-2.37838 0.000206855 -2.72702 1.90806e-05 -3.00459e-05 4.57632e-05 3.00453e-05 -4.57599e-05 7.00178e-05 
-2.36637 0.000206801 -2.76332 1.8723e-05 -2.95012e-05 4.49279e-05 2.95007e-05 -4.49267e-05 6.87201e-05 
-2.35435 0.000206747 -2.79962 1.83718e-05 -2.89665e-05 4.411e-05 2.89659e-05 -4.41089e-05 6.74498e-05 
-2.34234 0.000206693 -2.83591 1.8027e-05 -2.84414e-05 4.33091e-05 2.84409e-05 -4.33062e-05 6.62063e-05 
-2.33033 0.00020664 -2.8722 1.76885e-05 -2.7926e-05 4.25193e-05 2.79255e-05 -4.25183e-05 6.49803e-05 
-2.31832 0.000206588 -2.90849 1.73561e-05 -2.74199e-05 4.1746e-05 2.74194e-05 -4.17449e-05 6.37802e-05 
-2.30631 0.000206537 -2.94478 1.70297e-05 -2.6923e-05 4.09886e-05 2.69225e-05 -4.09859e-05 6.26052e-05 
-2.29429 0.000206486 -2.98106 1.67093e-05 -2.64351e-05 4.02418e-05 2.64347e-05 -4.02409e-05 6.14468e-05 
-2.28228 0.000206435 -3.01734 1.63946e-05 -2.59562e-05 3.95105e-05 2.59557e-05 -3.95096e-05 6.03129e-05 
-2.27027 0.000206385 -3.05362 1.60857e-05 -2.54859e-05 3.87943e-05 2.54855e-05 -3.87918e-05 5.92027e-05 
-2.25826 0.000206336 -3.08989 1.57823e-05 -2.50241e-05 3.80881e-05 2.50237e-05 -3.80873e-05 5.81081e-05 
-2.24625 0.000206287 -3.12617 1.54845e-05 -2.45708e-05 3.73965e-05 2.45704e-05 -3.73957e-05 5.70365e-05 
-2.23423 0.000206239 -3.16244 1.5192e-05 -2.41257e-05 3.67193e-05 2.41253e-05 -3.67169e-05 5.59874e-05 
-2.22222 0.000206191 -3.1987 1.49048e-05 -2.36886e-05 3.60514e-05 2.36883e-05 -3.60507e-05 5.49529e-05 
-2.21021 0.000206144 -3.23497 1.46229e-05 -2.32595e-05 3.53974e-05 2.32592e-05 -3.53967e-05 5.39402e-05 
-2.1982 0.000206097 -3.27123 1.4346e-05 -2.28382e-05 3.47568e-05 2.28378e-05 -3.47547e-05 5.29487e-05 
-2.18619 0.000206051 -3.30749 1.40742e-05 -2.24245e-05 3.41252e-05 2.24242e-05 -3.41246e-05 5.1971e-05 
-2.17417 0.000206006 -3.34375 1.38073e-05 -2.20183e-05 3.35067e-05 2.2018e-05 -3.35061e-05 5.10139e-05 
-2.16216 0.00020596 -3.38 1.35452e-05 -2.16195e-05 3.29009e-05 2.16192e-05 -3.28989e-05 5.00767e-05 
-2.15015 0.000205916 -3.41626 1.32878e-05 -2.12279e-05 3.23035e-05 2.12276e-05 -3.2303e-05 4.91526e-05 
-2.13814 0.000205872 -3.45251 1.30352e-05 -2.08434e-05 3.17185e-05 2.08431e-05 -3.1718e-05 4.82479e-05 
-2.12613 0.000205828 -3.48876 1.27871e-05 -2.04658e-05 3.11456e-05 2.04655e-05 -3.11438e-05 4.7362e-05 
-2.11411 0.000205785 -3.525 1.25435e-05 -2.00951e-05 3.05806e-05 2.00948e-05 -3.05802e-05 4.64884e-05 
-2.1021 0.000205742 -3.56125 1.23043e-05 -1.97311e-05 3.00273e-05 1.97308e-05 -3.00269e-05 4.56332e-05 
-2.09009 0.0002057 -3.59749 1.20694e-05 -1.93737e-05 2.94855e-05 1.93734e-05 -2.94838e-05 4.47957e-05 
-2.07808 0.000205658 -3.63373 1.18388e-05 -1.90227e-05 2.89511e-05 1.90225e-05 -2.89507e-05 4.39699e-05 
-2.06607 0.000205617 -3.66996 1.16124e-05 -1.86781e-05 2.84278e-05 1.86779e-05 -2.84274e-05 4.31614e-05 
-2.05405 0.000205576 -3.7062 1.13901e-05 -1.83397e-05 2.79153e-05 1.83395e-05 -2.79137e-05 4.23696e-05 
-2.04204 0.000205536 -3.74243 1.11718e-05 -1.80074e-05 2.74098e-05 1.80072e-05 -2.74095e-05 4.15888e-05 
-2.03003 0.000205496 -3.77866 1.09574e-05 -1.76812e-05 2.69148e-05 1.7681e-05 -2.69145e-05 4.08243e-05 
-2.01802 0.000205456 -3.81489 1.0747e-05 -1.73608e-05 2.64301e-05 1.73606e-05 -2.64286e-05 4.00757e-05 
-2.00601 0.000205417 -3.85111 1.05403e-05 -1.70462e-05 2.5952e-05 1.7046e-05 -2.59517e-05 3.93374e-05 
-1.99399 0.000205378 -3.88734 1.03374e-05 -1.67373e-05 2.54838e-05 1.67371e-05 -2.54835e-05 3.86146e-05 
-1.98198 0.00020534 -3.92356 1.01382e-05 -1.64339e-05 2.50253e-05 1.64338e-05 -2.5024e-05 3.79067e-05 
-1.96997 0.000205302 -3.95978 9.9426e-06 -1.61361e-05 2.45731e-05 1.61359e-05 -2.45728e-05 3.72086e-05 
-1.95796 0.000205265 -3.996 9.75054e-06 -1.58436e-05 2.41302e-05 1.58434e-05 -2.413e-05 3.6525e-05 
-1.94595 0.000205228 -4.03221 9.56196e-06 -1.55563e-05 2.36965e-05 1.55562e-05 -2.36953e-05 3.58555e-05 
-1.93393 0.000205192 -4.06843 9.37679e-06 -1.52743e-05 2.32688e-05 1.52741e-05 -2.32686e-05 3.51954e-05 
-1.92192 0.000205156 -4.10464 9.19499e-06 -1.49973e-05 2.28499e-05 1.49971e-05 -2.28497e-05 3.45489e-05 
-1.90991 0.00020512 -4.14085 9.01648e-06 -1.47253e-05 2.24397e-05 1.47251e-05 -2.24385e-05 3.39157e-05 
-1.8979 0.000205084 -4.17706 8.84121e-06 -1.44582e-05 2.20351e-05 1.4458e-05 -2.20349e-05 3.32914e-05 
-1.88589 0.00020505 -4.21327 8.66912e-06 -1.41959e-05 2.16389e-05 1.41957e-05 -2.16387e-05 3.26799e-05 
-1.87387 0.000205015 -4.24947 8.50015e-06 -1.39383e-05 2.12508e-05 1.39382e-05 -2.12497e-05 3.20811e-05 
-1.86186 0.000204981 -4.28567 8.33424e-06 -1.36853e-05 2.08681e-05 1.36852e-05 -2.0868e-05 3.14905e-05 
-1.84985 0.000204947 -4.32187 8.17135e-06 -1.34369e-05 2.04933e-05 1.34368e-05 -2.04932e-05 3.09122e-05 
-1.83784 0.000204914 -4.35807 8.01142e-06 -1.3193e-05 2.01262e-05 1.31929e-05 -2.01253e-05 3.03457e-05 
-1.82583 0.000204881 -4.39427 7.85439e-06 -1.29534e-05 1.97642e-05 1.29533e-05 -1.97641e-05 2.97871e-05 
-1.81381 0.000204848 -4.43047 7.70021e-06 -1.27181e-05 1.94097e-05 1.2718e-05 -1.94096e-05 2.924e-05 
-1.8018 0.000204816 -4.46666 7.54883e-06 -1.24871e-05 1.90625e-05 1.2487e-05 -1.90616e-05 2.87042e-05 
-1.78979 0.000204784 -4.50285 7.4002e-06 -1.22601e-05 1.87201e-05 1.22601e-05 -1.872e-05 2.81757e-05 
-1.77778 0.000204752 -4.53904 7.25428e-06 -1.20373e-05 1.83848e-05 1.20372e-05 -1.83847e-05 2.76582e-05 
-1.76577 0.000204721 -4.57523 7.111e-06 -1.18184e-05 1.80563e-05 1.18184e-05 -1.80555e-05 2.71512e-05 
-1.75375 0.00020469 -4.61142 6.97033e-06 -1.16035e-05 1.77324e-05 1.16034e-05 -1.77324e-05 2.66513e-05 
-1.74174 0.000204659 -4.6476 6.83222e-06 -1.13924e-05 1.74153e-05 1.13923e-05 -1.74152e-05 2.61617e-05 
-1.72973 0.000204629 -4.68379 6.69663e-06 -1.11851e-05 1.71046e-05 1.1185e-05 -1.71038e-05 2.5682e-05 
-1.71772 0.000204599 -4.71997 6.5635e-06 -1.09815e-05 1.67982e-05 1.09814e-05 -1.67982e-05 2.5209e-05 
-1.70571 0.00020457 -4.75615 6.43279e-06 -1.07815e-05 1.64982e-05 1.07814e-05 -1.64982e-05 2.47458e-05 
-1.69369 0.00020454 -4.79233 6.30447e-06 -1.05851e-05 1.62044e-05 1.0585e-05 -1.62036e-05 2.4292e-05 
-1.68168 0.000204511 -4.82851 6.17848e-06 -1.03922e-05 1.59146e-05 1.03921e-05 -1.59146e-05 2.38444e-05 
-1.66967 0.000204483 -4.86468 6.05479e-06 -1.02027e-05 1.56308e-05 1.02027e-05 -1.56308e-05 2.34061e-05 
-1.65766 0.000204455 -4.90086 5.93336e-06 -1.00167e-05 1.53529e-05 1.00166e-05 -1.53522e-05 2.29767e-05 
-1.64565 0.000204427 -4.93703 5.81414e-06 -9.83389e-06 1.50788e-05 9.83383e-06 -1.50788e-05 2.25532e-05 
-1.63363 0.000204399 -4.9732 5.6971e-06 -9.65438e-06 1.48104e-05 9.65432e-06 -1.48103e-05 2.21384e-05 
-1.62162 0.000204372 -5.00937 5.58219e-06 -9.47806e-06 1.45475e-05 9.47801e-06 -1.45469e-05 2.17321e-05 
-1.60961 0.000204345 -5.04554 5.46938e-06 -9.30488e-06 1.42883e-05 9.30483e-06 -1.42882e-05 2.13314e-05 
-1.5976 0.000204318 -5.0817 5.35864e-06 -9.13478e-06 1.40344e-05 9.13473e-06 -1.40344e-05 2.09389e-05 
-1.58559 0.000204292 -5.11787 5.24992e-06 -8.9677e-06 1.37858e-05 8.96765e-06 -1.37852e-05 2.05544e-05 
-1.57357 0.000204266 -5.15403 5.14318e-06 -8.80358e-06 1.35406e-05 8.80353e-06 -1.35406e-05 2.01752e-05 
-1.56156 0.00020424 -5.1902 5.03841e-06 -8.64237e-06 1.33005e-05 8.64233e-06 -1.33005e-05 1.98038e-05 
-1.54955 0.000204214 -5.22636 4.93555e-06 -8.48403e-06 1.30653e-05 8.48399e-06 -1.30648e-05 1.94399e-05 
-1.53754 0.000204189 -5.26252 4.83458e-06 -8.32849e-06 1.28334e-05 8.32845e-06 -1.28334e-05 1.90811e-05 
-1.52553 0.000204164 -5.29867 4.73545e-06 -8.1757e-06 1.26063e-05 8.17566e-06 -1.26063e-05 1.87296e-05 
-1.51351 0.000204139 -5.33483 4.63815e-06 -8.02561e-06 1.23839e-05 8.02557e-06 -1.23834e-05 1.83853e-05 
-1.5015 0.000204115 -5.37099 4.54264e-06 -7.87818e-06 1.21646e-05 7.87814e-06 -1.21646e-05 1.80457e-05 
-1.48949 0.000204091 -5.40714 4.44888e-06 -7.73335e-06 1.19499e-05 7.73331e-06 -1.19499e-05 1.77131e-05 
-1.47748 0.000204067 -5.44329 4.35684e-06 -7.59108e-06 1.17395e-05 7.59104e-06 -1.17391e-05 1.73873e-05 
-1.46547 0.000204043 -5.47945 4.2665e-06 -7.45131e-06 1.15321e-05 7.45128e-06 -1.15321e-05 1.70659e-05 
-1.45345 0.00020402 -5.5156 4.17782e-06 -7.31401e-06 1.1329e-05 7.31398e-06 -1.1329e-05 1.67512e-05 
-1.44144 0.000203997 -5.55174 4.09078e-06 -7.17912e-06 1.11301e-05 7.1791e-06 -1.11297e-05 1.64429e-05 
-1.42943 0.000203974 -5.58789 4.00534e-06 -7.04661e-06 1.0934e-05 7.04658e-06 -1.0934e-05 1.61388e-05 
-1.41742 0.000203952 -5.62404 3.92148e-06 -6.91643e-06 1.07419e-05 6.9164e-06 -1.07419e-05 1.5841e-05 
-1.40541 0.00020393 -5.66018 3.83917e-06 -6.78853e-06 1.05538e-05 6.78851e-06 -1.05534e-05 1.55493e-05 
-1.39339 0.000203908 -5.69633 3.75838e-06 -6.66288e-06 1.03683e-05 6.66285e-06 -1.03684e-05 1.52616e-05 
-1.38138 0.000203886 -5.73247 3.67909e-06 -6.53942e-06 1.01867e-05 6.5394e-06 -1.01867e-05 1.49799e-05 
-1.36937 0.000203864 -5.76861 3.60127e-06 -6.41814e-06 1.00089e-05 6.41811e-06 -1.00085e-05 1.47039e-05 
-1.35736 0.000203843 -5.80475 3.52489e-06 -6.29897e-06 9.83346e-06 6.29894e-06 -9.83349e-06 1.44318e-05 
-1.34535 0.000203822 -5.84089 3.44993e-06 -6.18188e-06 9.66171e-06 6.18186e-06 -9.66174e-06 1.41652e-05 
-1.33333 0.000203801 -5.87703 3.37637e-06 -6.06684e-06 9.49352e-06 6.06682e-06 -9.49316e-06 1.39042e-05 
-1.32132 0.000203781 -5.91317 3.30418e-06 -5.9538e-06 9.32766e-06 5.95378e-06 -9.3277e-06 1.36468e-05 
-1.30931 0.000203761 -5.9493 3.23333e-06 -5.84274e-06 9.16526e-06 5.84272e-06 -9.16528e-06 1.33947e-05 
-1.2973 0.000203741 -5.98544 3.1638e-06 -5.7336e-06 9.00622e-06 5.73358e-06 -9.00588e-06 1.31479e-05 
-1.28529 0.000203721 -6.02157 3.09558e-06 -5.62637e-06 8.84938e-06 5.62635e-06 -8.84941e-06 1.29045e-05 
-1.27327 0.000203701 -6.0577 3.02863e-06 -5.52099e-06 8.69581e-06 5.52097e-06 -8.69584e-06 1.26661e-05 
-1.26126 0.000203682 -6.09383 2.96293e-06 -5.41744e-06 8.54542e-06 5.41743e-06 -8.5451e-06 1.24328e-05 
-1.24925 0.000203663 -6.12996 2.89847e-06 -5.31569e-06 8.39711e-06 5.31568e-06 -8.39715e-06 1.22027e-05 
-1.23724 0.000203644 -6.16609 2.83522e-06 -5.2157e-06 8.25189e-06 5.21568e-06 -8.25192e-06 1.19775e-05 
-1.22523 0.000203625 -6.20222 2.77316e-06 -5.11743e-06 8.10967e-06 5.11742e-06 -8.10938e-06 1.17569e-05 
-1.21321 0.000203607 -6.23835 2.71227e-06 -5.02087e-06 7.96943e-06 5.02085e-06 -7.96947e-06 1.15395e-05 
-1.2012 0.000203588 -6.27447 2.65253e-06 -4.92596e-06 7.8321e-06 4.92595e-06 -7.83213e-06 1.13267e-05 
-1.18919 0.00020357 -6.3106 2.59393e-06 -4.8327e-06 7.69761e-06 4.83268e-06 -7.69733e-06 1.11185e-05 
-1.17718 0.000203553 -6.34672 2.53643e-06 -4.74103e-06 7.56498e-06 4.74102e-06 -7.56502e-06 1.09131e-05 
-1.16517 0.000203535 -6.38284 2.48002e-06 -4.65094e-06 7.43511e-06 4.65093e-06 -7.43514e-06 1.07122e-05 
-1.15315 0.000203518 -6.41896 2.42469e-06 -4.5624e-06 7.30791e-06 4.56239e-06 -7.30765e-06 1.05156e-05 
-1.14114 0.0002035 -6.45508 2.37041e-06 -4.47537e-06 7.18247e-06 4.47536e-06 -7.1825e-06 1.03218e-05 
-1.12913 0.000203483 -6.4912 2.31716e-06 -4.38984e-06 7.05963e-06 4.38983e-06 -7.05966e-06 1.01323e-05 
-1.11712 0.000203467 -6.52732 2.26494e-06 -4.30576e-06 6.93931e-06 4.30575e-06 -6.93907e-06 9.94684e-06 
-1.10511 0.00020345 -6.56344 2.21372e-06 -4.22312e-06 6.82065e-06 4.22311e-06 -6.82069e-06 9.76411e-06 
-1.09309 0.000203434 -6.59956 2.16348e-06 -4.14189e-06 6.70444e-06 4.14188e-06 -6.70448e-06 9.58541e-06 
-1.08108 0.000203418 -6.63567 2.11421e-06 -4.06205e-06 6.59062e-06 4.06204e-06 -6.59039e-06 9.41065e-06 
-1.06907 0.000203402 -6.67179 2.06589e-06 -3.98356e-06 6.47835e-06 3.98355e-06 -6.47839e-06 9.23849e-06 
-1.05706 0.000203386 -6.7079 2.0185e-06 -3.9064e-06 6.3684e-06 3.90639e-06 -6.36843e-06 9.0702e-06 
-1.04505 0.00020337 -6.74401 1.97203e-06 -3.83055e-06 6.26068e-06 3.83054e-06 -6.26047e-06 8.90569e-06 
-1.03303 0.000203355 -6.78012 1.92647e-06 -3.75599e-06 6.15444e-06 3.75598e-06 -6.15447e-06 8.74367e-06 
-1.02102 0.00020334 -6.81623 1.88179e-06 -3.68269e-06 6.05037e-06 3.68268e-06 -6.0504e-06 8.58536e-06 
-1.00901 0.000203325 -6.85234 1.83799e-06 -3.61063e-06 5.9484e-06 3.61062e-06 -5.9482e-06 8.43069e-06 
-0.996997 0.00020331 -6.88845 1.79505e-06 -3.53978e-06 5.84782e-06 3.53977e-06 -5.84785e-06 8.27842e-06 
-0.984985 0.000203295 -6.92456 1.75295e-06 -3.47013e-06 5.74928e-06 3.47012e-06 -5.74931e-06 8.12971e-06 
-0.972973 0.000203281 -6.96067 1.71168e-06 -3.40165e-06 5.65271e-06 3.40165e-06 -5.65253e-06 7.9845e-06 
-0.960961 0.000203267 -6.99677 1.67122e-06 -3.33433e-06 5.55745e-06 3.33432e-06 -5.55748e-06 7.8416e-06 
-0.948949 0.000203253 -7.03288 1.63157e-06 -3.26813e-06 5.4641e-06 3.26813e-06 -5.46413e-06 7.70213e-06 
-0.936937 0.000203239 -7.06898 1.5927e-06 -3.20305e-06 5.3726e-06 3.20304e-06 -5.37243e-06 7.56603e-06 
-0.924925 0.000203225 -7.10509 1.55461e-06 -3.13906e-06 5.28232e-06 3.13905e-06 -5.28236e-06 7.43216e-06 
-0.912913 0.000203211 -7.14119 1.51729e-06 -3.07614e-06 5.19384e-06 3.07613e-06 -5.19387e-06 7.30159e-06 
-0.900901 0.000203198 -7.17729 1.48071e-06 -3.01427e-06 5.10709e-06 3.01427e-06 -5.10693e-06 7.17426e-06 
-0.888889 0.000203185 -7.21339 1.44487e-06 -2.95344e-06 5.02148e-06 2.95344e-06 -5.02151e-06 7.04908e-06 
-0.876877 0.000203172 -7.24949 1.40975e-06 -2.89363e-06 4.93754e-06 2.89363e-06 -4.93757e-06 6.92709e-06 
-0.864865 0.000203159 -7.28559 1.37535e-06 -2.83482e-06 4.85522e-06 2.83481e-06 -4.85508e-06 6.80822e-06 
-0.852853 0.000203146 -7.32169 1.34164e-06 -2.77699e-06 4.77397e-06 2.77698e-06 -4.774e-06 6.69142e-06 
-0.840841 0.000203134 -7.35779 1.30863e-06 -2.72012e-06 4.69428e-06 2.72012e-06 -4.69431e-06 6.57768e-06 
-0.828829 0.000203122 -7.39388 1.27629e-06 -2.6642e-06 4.6161e-06 2.6642e-06 -4.61597e-06 6.46695e-06 
-0.816817 0.000203109 -7.42998 1.24462e-06 -2.60922e-06 4.53891e-06 2.60922e-06 -4.53894e-06 6.35821e-06 
-0.804805 0.000203097 -7.46607 1.2136e-06 -2.55515e-06 4.46318e-06 2.55515e-06 -4.4632e-06 6.25241e-06 
-0.792793 0.000203086 -7.50217 1.18323e-06 -2.50199e-06 4.38885e-06 2.50199e-06 -4.38872e-06 6.14951e-06 
-0.780781 0.000203074 -7.53826 1.15349e-06 -2.44971e-06 4.31544e-06 2.44971e-06 -4.31547e-06 6.04851e-06 
-0.768769 0.000203063 -7.57436 1.12437e-06 -2.39831e-06 4.24338e-06 2.39831e-06 -4.2434e-06 5.95033e-06 
-0.756757 0.000203051 -7.61045 1.09587e-06 -2.34777e-06 4.17262e-06 2.34776e-06 -4.1725e-06 5.85493e-06 
-0.744745 0.00020304 -7.64654 1.06797e-06 -2.29807e-06 4.10271e-06 2.29806e-06 -4.10274e-06 5.76134e-06 
-0.732733 0.000203029 -7.68263 1.04066e-06 -2.2492e-06 4.03406e-06 2.24919e-06 -4.03408e-06 5.67046e-06 
-0.720721 0.000203018 -7.71872 1.01393e-06 -2.20115e-06 3.96661e-06 2.20114e-06 -3.9665e-06 5.58221e-06 
-0.708709 0.000203007 -7.75481 9.87775e-07 -2.1539e-06 3.89994e-06 2.1539e-06 -3.89997e-06 5.49569e-06 
-0.696697 0.000202997 -7.79089 9.62182e-07 -2.10745e-06 3.83444e-06 2.10745e-06 -3.83446e-06 5.41173e-06 
-0.684685 0.000202987 -7.82698 9.37142e-07 -2.06178e-06 3.77005e-06 2.06178e-06 -3.76995e-06 5.33027e-06 
-0.672673 0.000202976 -7.86307 9.12647e-07 -2.01688e-06 3.70638e-06 2.01687e-06 -3.7064e-06 5.25044e-06 
-0.660661 0.000202966 -7.89915 8.88686e-07 -1.97273e-06 3.64378e-06 1.97273e-06 -3.6438e-06 5.17303e-06 
-0.648649 0.000202956 -7.93524 8.65251e-07 -1.92933e-06 3.58221e-06 1.92933e-06 -3.58212e-06 5.09796e-06 
-0.636637 0.000202946 -7.97132 8.42333e-07 -1.88667e-06 3.5213e-06 1.88667e-06 -3.52132e-06 5.02442e-06 
-0.624625 0.000202937 -8.00741 8.19923e-07 -1.84473e-06 3.46138e-06 1.84473e-06 -3.4614e-06 4.95313e-06 
-0.612613 0.000202927 -8.04349 7.98012e-07 -1.80351e-06 3.4024e-06 1.80351e-06 -3.40232e-06 4.88401e-06 
-0.600601 0.000202918 -8.07957 7.76592e-07 -1.76299e-06 3.34404e-06 1.76299e-06 -3.34406e-06 4.81631e-06 
-0.588589 0.000202909 -8.11565 7.55655e-07 -1.72317e-06 3.28659e-06 1.72317e-06 -3.2866e-06 4.75068e-06 
-0.576577 0.0002029 -8.15173 7.35192e-07 -1.68403e-06 3.23e-06 1.68403e-06 -3.22992e-06 4.68704e-06 
-0.564565 0.000202891 -8.18781 7.15195e-07 -1.64557e-06 3.17398e-06 1.64557e-06 -3.174e-06 4.62469e-06 
-0.552553 0.000202882 -8.22389 6.95656e-07 -1.60778e-06 3.11879e-06 1.60777e-06 -3.11881e-06 4.56422e-06 
-0.540541 0.000202873 -8.25997 6.76567e-07 -1.57064e-06 3.06441e-06 1.57064e-06 -3.06434e-06 4.50554e-06 
-0.528529 0.000202865 -8.29605 6.5792e-07 -1.53416e-06 3.01055e-06 1.53415e-06 -3.01057e-06 4.44802e-06 
-0.516517 0.000202857 -8.33213 6.39708e-07 -1.49831e-06 2.95746e-06 1.49831e-06 -2.95747e-06 4.39217e-06 
-0.504505 0.000202848 -8.3682 6.21922e-07 -1.4631e-06 2.90511e-06 1.4631e-06 -2.90504e-06 4.3379e-06 
-0.492492 0.00020284 -8.40428 6.04556e-07 -1.42852e-06 2.85324e-06 1.42852e-06 -2.85326e-06 4.28464e-06 
-0.48048 0.000202832 -8.44035 5.87601e-07 -1.39455e-06 2.80209e-06 1.39455e-06 -2.8021e-06 4.23284e-06 
-0.468468 0.000202825 -8.47643 5.71051e-07 -1.3612e-06 2.75162e-06 1.3612e-06 -2.75156e-06 4.18239e-06 
-0.456456 0.000202817 -8.5125 5.54897e-07 -1.32845e-06 2.70161e-06 1.32845e-06 -2.70162e-06 4.13279e-06 
-0.444444 0.000202809 -8.54858 5.39134e-07 -1.29629e-06 2.65226e-06 1.29629e-06 -2.65227e-06 4.08444e-06 
-0.432432 0.000202802 -8.58465 5.23753e-07 -1.26473e-06 2.60355e-06 1.26473e-06 -2.60349e-06 4.0372e-06 
-0.42042 0.000202795 -8.62072 5.08748e-07 -1.23374e-06 2.55526e-06 1.23374e-06 -2.55528e-06 3.99067e-06 
-0.408408 0.000202787 -8.65679 4.94111e-07 -1.20334e-06 2.5076e-06 1.20334e-06 -2.50762e-06 3.94514e-06 
-0.396396 0.00020278 -8.69286 4.79836e-07 -1.1735e-06 2.46055e-06 1.1735e-06 -2.4605e-06 3.9005e-06 
-0.384384 0.000202774 -8.72893 4.65917e-07 -1.14422e-06 2.4139e-06 1.14422e-06 -2.41391e-06 3.85641e-06 
-0.372372 0.000202767 -8.765 4.52345e-07 -1.1155e-06 2.36783e-06 1.1155e-06 -2.36785e-06 3.8131e-06 
-0.36036 0.00020276 -8.80107 4.39116e-07 -1.08734e-06 2.32235e-06 1.08733e-06 -2.3223e-06 3.77045e-06 
-0.348348 0.000202754 -8.83714 4.26221e-07 -1.05971e-06 2.27725e-06 1.05971e-06 -2.27727e-06 3.72821e-06 
-0.336336 0.000202747 -8.87321 4.13655e-07 -1.03262e-06 2.23272e-06 1.03262e-06 -2.23273e-06 3.68652e-06 
-0.324324 0.000202741 -8.90927 4.01411e-07 -1.00607e-06 2.18875e-06 1.00607e-06 -2.1887e-06 3.64528e-06 
-0.312312 0.000202735 -8.94534 3.89483e-07 -9.80041e-07 2.14514e-06 9.8004e-07 -2.14516e-06 3.6043e-06 
-0.3003 0.000202729 -8.98141 3.77864e-07 -9.54532e-07 2.10209e-06 9.54532e-07 -2.10211e-06 3.56368e-06 
-0.288288 0.000202723 -9.01747 3.66549e-07 -9.29538e-07 2.05959e-06 9.29537e-07 -2.05954e-06 3.52331e-06 
-0.276276 0.000202717 -9.05354 3.55531e-07 -9.05052e-07 2.01745e-06 9.05051e-07 -2.01746e-06 3.48309e-06 
-0.264264 0.000202711 -9.0896 3.44804e-07 -8.81068e-07 1.97585e-06 8.81068e-07 -1.97586e-06 3.44303e-06 
-0.252252 0.000202706 -9.12566 3.34362e-07 -8.57581e-07 1.93479e-06 8.57581e-07 -1.93475e-06 3.40306e-06 
-0.24024 0.0002027 -9.16173 3.242e-07 -8.34586e-07 1.8941e-06 8.34585e-07 -1.89411e-06 3.36312e-06 
-0.228228 0.000202695 -9.19779 3.1431e-07 -8.12075e-07 1.85394e-06 8.12075e-07 -1.85395e-06 3.3232e-06 
-0.216216 0.000202689 -9.23385 3.04688e-07 -7.90044e-07 1.81432e-06 7.90044e-07 -1.81427e-06 3.28323e-06 
-0.204204 0.000202684 -9.26991 2.95328e-07 -7.68487e-07 1.77506e-06 7.68487e-07 -1.77507e-06 3.24321e-06 
-0.192192 0.000202679 -9.30597 2.86224e-07 -7.47398e-07 1.73634e-06 7.47398e-07 -1.73636e-06 3.20308e-06 
-0.18018 0.000202674 -9.34203 2.77371e-07 -7.26771e-07 1.69817e-06 7.26771e-07 -1.69812e-06 3.1628e-06 
-0.168168 0.000202669 -9.37809 2.68763e-07 -7.066e-07 1.66036e-06 7.066e-07 -1.66038e-06 3.12241e-06 
-0.156156 0.000202665 -9.41415 2.60394e-07 -6.8688e-07 1.6231e-06 6.8688e-07 -1.62311e-06 3.08182e-06 
-0.144144 0.00020266 -9.45021 2.52259e-07 -6.67604e-07 1.58639e-06 6.67604e-07 -1.58634e-06 3.04101e-06 
-0.132132 0.000202656 -9.48627 2.44354e-07 -6.48768e-07 1.55004e-06 6.48768e-07 -1.55006e-06 3.00005e-06 
-0.12012 0.000202651 -9.52233 2.36671e-07 -6.30364e-07 1.51425e-06 6.30364e-07 -1.51427e-06 2.95885e-06 
-0.108108 0.000202647 -9.55839 2.29208e-07 -6.12387e-07 1.47902e-06 6.12387e-07 -1.47897e-06 2.9174e-06 
-0.0960961 0.000202642 -9.59444 2.21958e-07 -5.94831e-07 1.44416e-06 5.94831e-07 -1.44418e-06 2.87578e-06 
-0.0840841 0.000202638 -9.6305 2.14916e-07 -5.7769e-07 1.40987e-06 5.7769e-07 -1.40989e-06 2.8339e-06 
-0.0720721 0.000202634 -9.66656 2.08078e-07 -5.60958e-07 1.37615e-06 5.60958e-07 -1.3761e-06 2.79178e-06 
-0.0600601 0.00020263 -9.70261 2.01438e-07 -5.44629e-07 1.3428e-06 5.44628e-07 -1.34282e-06 2.74949e-06 
-0.048048 0.000202626 -9.73867 1.94992e-07 -5.28696e-07 1.31003e-06 5.28696e-07 -1.31005e-06 2.70697e-06 
-0.036036 0.000202623 -9.77472 1.88735e-07 -5.13154e-07 1.27783e-06 5.13154e-07 -1.27779e-06 2.66424e-06 
-0.024024 0.000202619 -9.81078 1.82662e-07 -4.97996e-07 1.24602e-06 4.97996e-07 -1.24604e-06 2.62137e-06 
-0.012012 0.000202615 -9.84683 1.7677e-07 -4.83217e-07 1.21479e-06 4.83217e-07 -1.21481e-06 2.57831e-06 
0 0.000202612 -9.88288 1.71052e-07 -4.6881e-07 1.18415e-06 4.68809e-07 -1.1841e-06 2.5351e-06 
