
Info about cosmology class:
OmegaB:      0.05
OmegaCDM:    0.45
OmegaLambda: 0.49995
OmegaK:      0
OmegaNu:     0
OmegaR:      5.04688e-05
Neff:        0
h:           0.7
TCMB:        2.7255
H0:          2.26855e-18
The age of the Universe is 11.6137 Gyrs 
Matter-radiation equality occur at a time 50857 yrs 
Matter-dark energy equality occur at a time 8.39709 Gyrs 
The universe starts to accelerate at a time 6.12451 Gyrs 
Matter-radiation equality occur at a conformal time 3.88492e+08 yrs 
Matter-dark energy equality occur at a conformal time 33.4131 Gyrs 
The universe starts to accelerate at a conformal time 30.1277 Gyrs 
The conformal time of the Universe is 37.0608 Gyrs 


The time for when recombination happens, using Xe = 0.1, is 331504 yrs 
The conformal time for when recombination happens, using Xe = 0.1, is 868.631 Myrs 
The time for when the surface of last scattering occurs, using the peak of visibility function, is 332137 yrs 
The conformal time for when the surface of last scattering occurs, using the peak of visibility function, is 869.316 Myrs 


Info about recombination/reionization history class:
Yp:          0
Today we have a value of $X_e$ of 0.000234945
The freeze-out abundance of free electrons today is 6.46051e-05
The sound horizon at decoupling is 137.188

33.3333% x_tight_end:  -8.3
spuh-get-thee
0.001 0.666667
0.001 0.666667
0.001 0.666667
0.001 0.666667
0.001 0.666667
0.001 0.666667
0.001 0.666667
0.001 0.666667
0.001 0.666667
0.001 0.666667
0.001 0.666667
0.001 0.666667
0.001 0.666667
0.001 0.666667
0.001 0.666667
0.001 0.666667
0.001 0.666667
0.001 0.666667
0.001 0.666667
0.001 0.666667
0.001 0.666667
0.001 0.666667
0.001 0.666667
0.001 0.666667
0.001 0.666666
0.001 0.666666
0.001 0.666666
0.001 0.666666
0.001 0.666666
0.001 0.666666
0.001 0.666666
0.001 0.666666
0.001 0.666666
0.001 0.666666
0.001 0.666666
0.001 0.666666
0.001 0.666666
0.001 0.666666
0.001 0.666666
0.001 0.666666
0.001 0.666666
0.001 0.666666
0.001 0.666666
0.001 0.666666
0.001 0.666666
0.001 0.666666
0.001 0.666666
0.001 0.666666
0.001 0.666666
0.001 0.666666
0.001 0.666666
0.001 0.666666
0.001 0.666666
0.001 0.666666
0.001 0.666666
0.001 0.666666
0.001 0.666666
0.001 0.666666
0.001 0.666666
0.001 0.666666
0.001 0.666666
0.001 0.666666
0.001 0.666666
0.001 0.666666
0.001 0.666666
0.001 0.666666
0.001 0.666666
0.001 0.666666
0.001 0.666666
0.001 0.666666
0.001 0.666666
0.001 0.666666
0.001 0.666666
0.001 0.666666
0.001 0.666666
0.001 0.666666
0.001 0.666666
0.001 0.666666
0.001 0.666666
0.001 0.666666
0.001 0.666666
0.001 0.666666
0.001 0.666666
0.001 0.666666
0.001 0.666666
0.001 0.666666
0.001 0.666666
0.001 0.666666
0.001 0.666666
0.001 0.666666
0.001 0.666666
0.001 0.666666
0.001 0.666666
0.001 0.666666
0.001 0.666666
0.001 0.666666
0.001 0.666666
0.001 0.666666
0.001 0.666666
0.001 0.666666
0.001 0.666666
0.001 0.666666
0.001 0.666666
0.001 0.666666
0.001 0.666666
0.001 0.666665
0.001 0.666665
0.001 0.666665
0.001 0.666665
0.001 0.666665
0.001 0.666665
0.001 0.666665
0.001 0.666665
0.001 0.666665
0.001 0.666665
0.001 0.666665
0.001 0.666665
0.001 0.666665
0.001 0.666665
0.001 0.666665
0.001 0.666665
0.001 0.666665
0.001 0.666665
0.001 0.666665
0.001 0.666665
0.001 0.666665
0.001 0.666665
0.001 0.666665
0.001 0.666665
0.001 0.666665
0.001 0.666665
0.001 0.666665
0.001 0.666665
0.001 0.666665
0.001 0.666664
0.001 0.666664
0.001 0.666664
0.001 0.666664
0.001 0.666664
0.001 0.666664
0.001 0.666664
0.001 0.666664
0.001 0.666664
0.001 0.666664
0.001 0.666664
0.001 0.666664
0.001 0.666664
0.001 0.666664
0.001 0.666664
0.001 0.666664
0.001 0.666664
0.001 0.666663
0.001 0.666663
0.001 0.666663
0.001 0.666663
0.001 0.666663
0.001 0.666663
0.001 0.666663
0.001 0.666663
0.001 0.666663
0.001 0.666663
0.001 0.666663
0.001 0.666663
0.001 0.666662
0.001 0.666662
0.001 0.666662
0.001 0.666662
0.001 0.666662
0.001 0.666662
0.001 0.666662
0.001 0.666662
0.001 0.666662
0.001 0.666662
0.001 0.666661
0.001 0.666661
0.001 0.666661
0.001 0.666661
0.001 0.666661
0.001 0.666661
0.001 0.666661
0.001 0.666661
0.001 0.66666
0.001 0.66666
0.001 0.66666
0.001 0.66666
0.001 0.66666
0.001 0.66666
0.001 0.66666
0.001 0.666659
0.001 0.666659
0.001 0.666659
0.001 0.666659
0.001 0.666659
0.001 0.666659
0.001 0.666658
0.001 0.666658
0.001 0.666658
0.001 0.666658
0.001 0.666658
0.001 0.666657
0.001 0.666657
0.001 0.666657
0.001 0.666657
0.001 0.666657
0.001 0.666656
0.001 0.666656
0.001 0.666656
0.001 0.666656
0.001 0.666655
0.001 0.666655
0.001 0.666655
0.001 0.666655
0.001 0.666654
0.001 0.666654
0.001 0.666654
0.001 0.666653
0.001 0.666653
0.001 0.666653
0.001 0.666653
0.001 0.666652
0.001 0.666652
0.001 0.666652
0.001 0.666651
0.001 0.666651
0.001 0.666651
0.001 0.66665
0.001 0.66665
0.001 0.666649
0.001 0.666649
0.001 0.666649
0.001 0.666648
0.001 0.666648
0.001 0.666647
0.001 0.666647
0.001 0.666647
0.001 0.666646
0.001 0.666646
0.001 0.666645
0.001 0.666645
0.001 0.666644
0.001 0.666644
0.001 0.666643
0.001 0.666643
0.001 0.666642
0.001 0.666642
0.001 0.666641
0.001 0.66664
0.001 0.66664
0.001 0.666639
0.001 0.666639
0.001 0.666638
0.001 0.666637
0.001 0.666637
0.001 0.666636
0.001 0.666635
0.001 0.666635
0.001 0.666634
0.001 0.666633
0.001 0.666633
0.001 0.666632
0.001 0.666631
0.001 0.66663
0.001 0.666629
0.001 0.666629
0.001 0.666628
0.001 0.666627
0.001 0.666626
0.001 0.666625
0.001 0.666624
0.001 0.666623
0.001 0.666622
0.001 0.666621
0.001 0.66662
0.001 0.666619
0.001 0.666618
0.001 0.666617
0.001 0.666616
0.001 0.666615
0.001 0.666614
0.001 0.666612
0.001 0.666611
0.001 0.66661
0.001 0.666609
0.001 0.666607
0.001 0.666606
0.001 0.666605
0.001 0.666603
0.001 0.666602
0.001 0.666601
0.001 0.666599
0.001 0.666598
0.001 0.666596
0.001 0.666594
0.001 0.666593
0.001 0.666591
0.001 0.66659
0.001 0.666588
0.001 0.666586
0.001 0.666584
0.001 0.666582
0.001 0.666581
0.001 0.666579
0.001 0.666577
0.001 0.666575
0.001 0.666573
0.001 0.666571
0.001 0.666568
0.001 0.666566
0.001 0.666564
0.001 0.666562
0.001 0.666559
0.001 0.666557
0.001 0.666555
0.001 0.666552
0.001 0.66655
0.001 0.666547
0.001 0.666544
0.001 0.666542
0.001 0.666539
0.001 0.666536
0.001 0.666533
0.001 0.66653
0.001 0.666527
0.001 0.666524
0.001 0.666521
0.001 0.666517
0.001 0.666514
0.001 0.666511
0.001 0.666507
0.001 0.666504
0.001 0.6665
0.001 0.666496
0.001 0.666493
0.001 0.666489
0.001 0.666485
0.001 0.666481
0.001 0.666477
0.001 0.666472
0.001 0.666468
0.001 0.666464
0.001 0.666459
0.001 0.666454
0.001 0.66645
0.001 0.666445
0.001 0.66644
0.001 0.666435
0.001 0.66643
0.001 0.666425
0.001 0.666419
0.001 0.666414
0.001 0.666408
0.001 0.666402
0.001 0.666396
0.001 0.66639
0.001 0.666384
0.001 0.666378
0.001 0.666372
0.001 0.666365
0.001 0.666358
0.001 0.666352
0.001 0.666345
0.001 0.666337
0.001 0.66633
0.001 0.666323
0.001 0.666315
0.001 0.666307
0.001 0.666299
0.001 0.666291
0.001 0.666283
0.001 0.666274
0.001 0.666266
0.001 0.666257
0.001 0.666248
0.001 0.666238
0.001 0.666229
0.001 0.666219
0.001 0.666209
0.001 0.666199
0.001 0.666189
0.001 0.666178
0.001 0.666167
0.001 0.666156
0.001 0.666145
0.001 0.666134
0.001 0.666122
0.001 0.66611
0.001 0.666098
0.001 0.666085
0.001 0.666072
0.001 0.666059
0.001 0.666046
0.001 0.666032
0.001 0.666018
0.001 0.666004
0.001 0.665989
0.001 0.665974
0.001 0.665959
0.001 0.665943
0.001 0.665927
0.001 0.665911
0.001 0.665894
0.001 0.665877
0.001 0.66586
0.001 0.665842
0.001 0.665824
0.001 0.665805
0.001 0.665787
0.001 0.665767
0.001 0.665747
0.001 0.665727
0.001 0.665707
0.001 0.665686
0.001 0.665664
0.001 0.665642
0.001 0.66562
0.001 0.665597
0.001 0.665573
0.001 0.665549
0.001 0.665525
0.001 0.6655
0.001 0.665474
0.001 0.665448
0.001 0.665422
0.001 0.665395
0.001 0.665367
0.001 0.665338
0.001 0.665309
0.001 0.66528
0.001 0.66525
0.001 0.665219
0.001 0.665187
0.001 0.665155
0.001 0.665122
0.001 0.665089
0.001 0.665055
0.001 0.66502
0.001 0.664984
0.001 0.664947
0.001 0.66491
0.001 0.664872
0.001 0.664833
0.001 0.664794
0.001 0.664753
0.001 0.664712
0.001 0.66467
0.001 0.664627
0.001 0.664583
0.001 0.664538
0.001 0.664492
0.001 0.664446
0.001 0.664398
0.001 0.664349
0.001 0.6643
0.001 0.664249
0.001 0.664197
0.001 0.664144
0.001 0.664091
0.001 0.664036
0.001 0.66398
0.001 0.663922
0.001 0.663864
0.001 0.663804
0.001 0.663744
0.001 0.663682
0.001 0.663618
0.001 0.663554
0.001 0.663488
0.001 0.663421
0.001 0.663353
0.001 0.663283
0.001 0.663212
0.001 0.663139
0.001 0.663065
0.001 0.66299
0.001 0.662913
0.001 0.662834
0.001 0.662754
0.001 0.662673
0.001 0.66259
0.001 0.662505
0.001 0.662419
0.001 0.662331
0.001 0.662241
0.001 0.66215
0.001 0.662056
0.001 0.661962
0.001 0.661865
0.001 0.661767
0.001 0.661666
0.001 0.661564
0.001 0.66146
0.001 0.661354
0.001 0.661246
0.001 0.661136
0.001 0.661024
0.001 0.66091
0.001 0.660794
0.001 0.660676
0.001 0.660556
0.001 0.660433
0.001 0.660309
0.001 0.660182
0.001 0.660053
0.001 0.659922
0.001 0.659788
0.001 0.659653
0.001 0.659514
0.001 0.659374
0.001 0.659231
0.001 0.659086
0.001 0.658938
0.001 0.658788
0.001 0.658635
0.001 0.65848
0.001 0.658322
0.001 0.658162
0.001 0.657999
0.001 0.657833
0.001 0.657665
0.001 0.657494
0.001 0.657321
0.001 0.657145
0.001 0.656966
0.001 0.656784
0.001 0.6566
0.001 0.656412
0.001 0.656222
0.001 0.65603
0.001 0.655834
0.001 0.655636
0.001 0.655434
0.001 0.65523
0.001 0.655023
0.001 0.654813
0.001 0.6546
0.001 0.654384
0.001 0.654166
0.001 0.653944
0.001 0.65372
0.001 0.653492
0.001 0.653262
0.001 0.653028
0.001 0.652792
0.001 0.652553
0.001 0.65231
0.001 0.652065
0.001 0.651817
0.001 0.651566
0.001 0.651312
0.001 0.651056
0.001 0.650796
0.001 0.650533
0.001 0.650268
0.001 0.649999
0.001 0.649728
0.001 0.649454
0.001 0.649177
0.001 0.648898
0.001 0.648615
0.001 0.64833
0.001 0.648042
0.001 0.647752
0.001 0.647459
0.001 0.647163
0.001 0.646864
0.001 0.646564
0.001 0.64626
0.001 0.645954
0.001 0.645646
0.001 0.645335
0.001 0.645022
0.001 0.644707
0.001 0.644389
0.001 0.644069
0.001 0.643747
0.001 0.643423
0.001 0.643097
0.001 0.642768
0.001 0.642438
0.001 0.642106
0.001 0.641772
0.001 0.641437
0.001 0.641099
0.001 0.64076
0.001 0.640419
0.001 0.640077
0.001 0.639734
0.001 0.639389
0.001 0.639042
0.001 0.638695
0.001 0.638346
0.001 0.637996
0.001 0.637645
0.001 0.637293
0.001 0.63694
0.001 0.636586
0.001 0.636232
0.001 0.635877
0.001 0.635521
0.001 0.635165
0.001 0.634808
0.001 0.634451
0.001 0.634094
0.001 0.633736
0.001 0.633378
0.001 0.63302
0.001 0.632662
0.001 0.632305
0.001 0.631947
0.001 0.63159
0.001 0.631233
0.001 0.630876
0.001 0.63052
0.001 0.630164
0.001 0.629809
0.001 0.629454
0.001 0.6291
0.001 0.628747
0.001 0.628395
0.001 0.628044
0.001 0.627694
0.001 0.627345
0.001 0.626998
0.001 0.626651
66.6667% x_tight_end:  -8.3
spuh-get-thee
0.01 0.666667
0.01 0.666667
0.01 0.666667
0.01 0.666667
0.01 0.666667
0.01 0.666667
0.01 0.666667
0.01 0.666667
0.01 0.666667
0.01 0.666667
0.01 0.666667
0.01 0.666667
0.01 0.666667
0.01 0.666667
0.01 0.666667
0.01 0.666667
0.01 0.666667
0.01 0.666667
0.01 0.666667
0.01 0.666667
0.01 0.666667
0.01 0.666667
0.01 0.666667
0.01 0.666667
0.01 0.666666
0.01 0.666666
0.01 0.666666
0.01 0.666666
0.01 0.666666
0.01 0.666666
0.01 0.666666
0.01 0.666666
0.01 0.666666
0.01 0.666666
0.01 0.666666
0.01 0.666666
0.01 0.666666
0.01 0.666666
0.01 0.666666
0.01 0.666666
0.01 0.666666
0.01 0.666666
0.01 0.666666
0.01 0.666666
0.01 0.666666
0.01 0.666666
0.01 0.666666
0.01 0.666666
0.01 0.666666
0.01 0.666666
0.01 0.666666
0.01 0.666666
0.01 0.666666
0.01 0.666666
0.01 0.666666
0.01 0.666666
0.01 0.666666
0.01 0.666666
0.01 0.666666
0.01 0.666666
0.01 0.666666
0.01 0.666666
0.01 0.666666
0.01 0.666666
0.01 0.666666
0.01 0.666666
0.01 0.666666
0.01 0.666666
0.01 0.666666
0.01 0.666666
0.01 0.666666
0.01 0.666666
0.01 0.666666
0.01 0.666666
0.01 0.666666
0.01 0.666666
0.01 0.666666
0.01 0.666666
0.01 0.666666
0.01 0.666666
0.01 0.666666
0.01 0.666666
0.01 0.666666
0.01 0.666666
0.01 0.666666
0.01 0.666666
0.01 0.666666
0.01 0.666666
0.01 0.666666
0.01 0.666666
0.01 0.666666
0.01 0.666666
0.01 0.666666
0.01 0.666666
0.01 0.666666
0.01 0.666666
0.01 0.666666
0.01 0.666666
0.01 0.666666
0.01 0.666666
0.01 0.666666
0.01 0.666666
0.01 0.666666
0.01 0.666666
0.01 0.666666
0.01 0.666665
0.01 0.666665
0.01 0.666665
0.01 0.666665
0.01 0.666665
0.01 0.666665
0.01 0.666665
0.01 0.666665
0.01 0.666665
0.01 0.666665
0.01 0.666665
0.01 0.666665
0.01 0.666665
0.01 0.666665
0.01 0.666665
0.01 0.666665
0.01 0.666665
0.01 0.666665
0.01 0.666665
0.01 0.666665
0.01 0.666665
0.01 0.666665
0.01 0.666665
0.01 0.666665
0.01 0.666665
0.01 0.666665
0.01 0.666665
0.01 0.666665
0.01 0.666665
0.01 0.666664
0.01 0.666664
0.01 0.666664
0.01 0.666664
0.01 0.666664
0.01 0.666664
0.01 0.666664
0.01 0.666664
0.01 0.666664
0.01 0.666664
0.01 0.666664
0.01 0.666664
0.01 0.666664
0.01 0.666664
0.01 0.666664
0.01 0.666664
0.01 0.666664
0.01 0.666663
0.01 0.666663
0.01 0.666663
0.01 0.666663
0.01 0.666663
0.01 0.666663
0.01 0.666663
0.01 0.666663
0.01 0.666663
0.01 0.666663
0.01 0.666663
0.01 0.666663
0.01 0.666662
0.01 0.666662
0.01 0.666662
0.01 0.666662
0.01 0.666662
0.01 0.666662
0.01 0.666662
0.01 0.666662
0.01 0.666662
0.01 0.666662
0.01 0.666661
0.01 0.666661
0.01 0.666661
0.01 0.666661
0.01 0.666661
0.01 0.666661
0.01 0.666661
0.01 0.666661
0.01 0.66666
0.01 0.66666
0.01 0.66666
0.01 0.66666
0.01 0.66666
0.01 0.66666
0.01 0.66666
0.01 0.666659
0.01 0.666659
0.01 0.666659
0.01 0.666659
0.01 0.666659
0.01 0.666659
0.01 0.666658
0.01 0.666658
0.01 0.666658
0.01 0.666658
0.01 0.666658
0.01 0.666657
0.01 0.666657
0.01 0.666657
0.01 0.666657
0.01 0.666657
0.01 0.666656
0.01 0.666656
0.01 0.666656
0.01 0.666656
0.01 0.666655
0.01 0.666655
0.01 0.666655
0.01 0.666655
0.01 0.666654
0.01 0.666654
0.01 0.666654
0.01 0.666653
0.01 0.666653
0.01 0.666653
0.01 0.666653
0.01 0.666652
0.01 0.666652
0.01 0.666652
0.01 0.666651
0.01 0.666651
0.01 0.666651
0.01 0.66665
0.01 0.66665
0.01 0.666649
0.01 0.666649
0.01 0.666649
0.01 0.666648
0.01 0.666648
0.01 0.666647
0.01 0.666647
0.01 0.666647
0.01 0.666646
0.01 0.666646
0.01 0.666645
0.01 0.666645
0.01 0.666644
0.01 0.666644
0.01 0.666643
0.01 0.666643
0.01 0.666642
0.01 0.666642
0.01 0.666641
0.01 0.66664
0.01 0.66664
0.01 0.666639
0.01 0.666639
0.01 0.666638
0.01 0.666637
0.01 0.666637
0.01 0.666636
0.01 0.666635
0.01 0.666635
0.01 0.666634
0.01 0.666633
0.01 0.666633
0.01 0.666632
0.01 0.666631
0.01 0.66663
0.01 0.666629
0.01 0.666629
0.01 0.666628
0.01 0.666627
0.01 0.666626
0.01 0.666625
0.01 0.666624
0.01 0.666623
0.01 0.666622
0.01 0.666621
0.01 0.66662
0.01 0.666619
0.01 0.666618
0.01 0.666617
0.01 0.666616
0.01 0.666615
0.01 0.666614
0.01 0.666612
0.01 0.666611
0.01 0.66661
0.01 0.666609
0.01 0.666607
0.01 0.666606
0.01 0.666605
0.01 0.666603
0.01 0.666602
0.01 0.666601
0.01 0.666599
0.01 0.666598
0.01 0.666596
0.01 0.666594
0.01 0.666593
0.01 0.666591
0.01 0.666589
0.01 0.666588
0.01 0.666586
0.01 0.666584
0.01 0.666582
0.01 0.66658
0.01 0.666579
0.01 0.666577
0.01 0.666575
0.01 0.666573
0.01 0.66657
0.01 0.666568
0.01 0.666566
0.01 0.666564
0.01 0.666562
0.01 0.666559
0.01 0.666557
0.01 0.666554
0.01 0.666552
0.01 0.666549
0.01 0.666547
0.01 0.666544
0.01 0.666541
0.01 0.666538
0.01 0.666536
0.01 0.666533
0.01 0.66653
0.01 0.666527
0.01 0.666524
0.01 0.66652
0.01 0.666517
0.01 0.666514
0.01 0.66651
0.01 0.666507
0.01 0.666503
0.01 0.6665
0.01 0.666496
0.01 0.666492
0.01 0.666488
0.01 0.666484
0.01 0.66648
0.01 0.666476
0.01 0.666472
0.01 0.666467
0.01 0.666463
0.01 0.666458
0.01 0.666454
0.01 0.666449
0.01 0.666444
0.01 0.666439
0.01 0.666434
0.01 0.666429
0.01 0.666424
0.01 0.666418
0.01 0.666413
0.01 0.666407
0.01 0.666401
0.01 0.666395
0.01 0.666389
0.01 0.666383
0.01 0.666377
0.01 0.66637
0.01 0.666364
0.01 0.666357
0.01 0.66635
0.01 0.666343
0.01 0.666336
0.01 0.666329
0.01 0.666321
0.01 0.666313
0.01 0.666305
0.01 0.666297
0.01 0.666289
0.01 0.666281
0.01 0.666272
0.01 0.666263
0.01 0.666254
0.01 0.666245
0.01 0.666236
0.01 0.666226
0.01 0.666216
0.01 0.666206
0.01 0.666196
0.01 0.666186
0.01 0.666175
0.01 0.666164
0.01 0.666153
0.01 0.666141
0.01 0.66613
0.01 0.666118
0.01 0.666105
0.01 0.666093
0.01 0.66608
0.01 0.666067
0.01 0.666054
0.01 0.66604
0.01 0.666026
0.01 0.666012
0.01 0.665997
0.01 0.665982
0.01 0.665967
0.01 0.665952
0.01 0.665936
0.01 0.665919
0.01 0.665903
0.01 0.665886
0.01 0.665868
0.01 0.665851
0.01 0.665833
0.01 0.665814
0.01 0.665795
0.01 0.665776
0.01 0.665756
0.01 0.665735
0.01 0.665715
0.01 0.665694
0.01 0.665672
0.01 0.66565
0.01 0.665627
0.01 0.665604
0.01 0.66558
0.01 0.665556
0.01 0.665532
0.01 0.665506
0.01 0.665481
0.01 0.665454
0.01 0.665427
0.01 0.6654
0.01 0.665372
0.01 0.665343
0.01 0.665313
0.01 0.665283
0.01 0.665253
0.01 0.665221
0.01 0.665189
0.01 0.665156
0.01 0.665123
0.01 0.665089
0.01 0.665053
0.01 0.665018
0.01 0.664981
0.01 0.664944
0.01 0.664905
0.01 0.664866
0.01 0.664826
0.01 0.664786
0.01 0.664744
0.01 0.664701
0.01 0.664658
0.01 0.664613
0.01 0.664568
0.01 0.664521
0.01 0.664474
0.01 0.664425
0.01 0.664375
0.01 0.664325
0.01 0.664273
0.01 0.66422
0.01 0.664165
0.01 0.66411
0.01 0.664054
0.01 0.663996
0.01 0.663937
0.01 0.663876
0.01 0.663815
0.01 0.663752
0.01 0.663687
0.01 0.663621
0.01 0.663554
0.01 0.663485
0.01 0.663415
0.01 0.663343
0.01 0.66327
0.01 0.663195
0.01 0.663118
0.01 0.66304
0.01 0.66296
0.01 0.662879
0.01 0.662795
0.01 0.66271
0.01 0.662623
0.01 0.662534
0.01 0.662443
0.01 0.66235
0.01 0.662255
0.01 0.662158
0.01 0.662059
0.01 0.661958
0.01 0.661854
0.01 0.661749
0.01 0.661641
0.01 0.661531
0.01 0.661418
0.01 0.661303
0.01 0.661186
0.01 0.661066
0.01 0.660943
0.01 0.660818
0.01 0.66069
0.01 0.66056
0.01 0.660427
0.01 0.660291
0.01 0.660152
0.01 0.66001
0.01 0.659865
0.01 0.659717
0.01 0.659566
0.01 0.659411
0.01 0.659254
0.01 0.659093
0.01 0.658929
0.01 0.658761
0.01 0.65859
0.01 0.658415
0.01 0.658237
0.01 0.658055
0.01 0.657869
0.01 0.657679
0.01 0.657485
0.01 0.657288
0.01 0.657086
0.01 0.65688
0.01 0.65667
0.01 0.656456
0.01 0.656237
0.01 0.656014
0.01 0.655787
0.01 0.655554
0.01 0.655317
0.01 0.655076
0.01 0.654829
0.01 0.654578
0.01 0.654321
0.01 0.65406
0.01 0.653793
0.01 0.653521
0.01 0.653244
0.01 0.652961
0.01 0.652673
0.01 0.652379
0.01 0.65208
0.01 0.651774
0.01 0.651463
0.01 0.651146
0.01 0.650823
0.01 0.650493
0.01 0.650158
0.01 0.649816
0.01 0.649468
0.01 0.649113
0.01 0.648752
0.01 0.648383
0.01 0.648009
0.01 0.647627
0.01 0.647238
0.01 0.646843
0.01 0.64644
0.01 0.64603
0.01 0.645613
0.01 0.645188
0.01 0.644756
0.01 0.644316
0.01 0.643869
0.01 0.643414
0.01 0.642951
0.01 0.642481
0.01 0.642002
0.01 0.641516
0.01 0.641021
0.01 0.640518
0.01 0.640007
0.01 0.639488
0.01 0.63896
0.01 0.638424
0.01 0.637879
0.01 0.637326
0.01 0.636764
0.01 0.636193
0.01 0.635614
0.01 0.635025
0.01 0.634428
0.01 0.633823
0.01 0.633208
0.01 0.632584
0.01 0.631951
0.01 0.63131
0.01 0.630659
0.01 0.629999
0.01 0.62933
0.01 0.628652
0.01 0.627965
0.01 0.627269
0.01 0.626563
0.01 0.625849
0.01 0.625125
0.01 0.624392
0.01 0.62365
0.01 0.622899
0.01 0.622139
0.01 0.62137
0.01 0.620592
0.01 0.619805
0.01 0.619009
0.01 0.618204
0.01 0.61739
0.01 0.616568
0.01 0.615736
0.01 0.614897
0.01 0.614048
0.01 0.613191
0.01 0.612326
0.01 0.611452
0.01 0.61057
0.01 0.60968
0.01 0.608782
0.01 0.607876
0.01 0.606963
0.01 0.606041
0.01 0.605112
0.01 0.604176
0.01 0.603233
0.01 0.602282
0.01 0.601324
0.01 0.60036
0.01 0.599389
0.01 0.598411
0.01 0.597427
0.01 0.596437
0.01 0.595441
100% 
x_tight_end:  -8.3
spuh-get-thee
0.1 0.666667
0.1 0.666667
0.1 0.666667
0.1 0.666667
0.1 0.666667
0.1 0.666667
0.1 0.666667
0.1 0.666667
0.1 0.666667
0.1 0.666667
0.1 0.666667
0.1 0.666667
0.1 0.666667
0.1 0.666667
0.1 0.666667
0.1 0.666667
0.1 0.666667
0.1 0.666667
0.1 0.666667
0.1 0.666667
0.1 0.666667
0.1 0.666667
0.1 0.666667
0.1 0.666667
0.1 0.666666
0.1 0.666666
0.1 0.666666
0.1 0.666666
0.1 0.666666
0.1 0.666666
0.1 0.666666
0.1 0.666666
0.1 0.666666
0.1 0.666666
0.1 0.666666
0.1 0.666666
0.1 0.666666
0.1 0.666666
0.1 0.666666
0.1 0.666666
0.1 0.666666
0.1 0.666666
0.1 0.666666
0.1 0.666666
0.1 0.666666
0.1 0.666666
0.1 0.666666
0.1 0.666666
0.1 0.666666
0.1 0.666666
0.1 0.666666
0.1 0.666666
0.1 0.666666
0.1 0.666666
0.1 0.666666
0.1 0.666666
0.1 0.666666
0.1 0.666666
0.1 0.666666
0.1 0.666666
0.1 0.666666
0.1 0.666666
0.1 0.666666
0.1 0.666666
0.1 0.666666
0.1 0.666666
0.1 0.666666
0.1 0.666666
0.1 0.666666
0.1 0.666666
0.1 0.666666
0.1 0.666666
0.1 0.666666
0.1 0.666666
0.1 0.666666
0.1 0.666666
0.1 0.666666
0.1 0.666666
0.1 0.666666
0.1 0.666666
0.1 0.666666
0.1 0.666666
0.1 0.666666
0.1 0.666666
0.1 0.666666
0.1 0.666666
0.1 0.666666
0.1 0.666666
0.1 0.666666
0.1 0.666666
0.1 0.666666
0.1 0.666666
0.1 0.666666
0.1 0.666666
0.1 0.666666
0.1 0.666666
0.1 0.666666
0.1 0.666666
0.1 0.666666
0.1 0.666666
0.1 0.666666
0.1 0.666666
0.1 0.666666
0.1 0.666666
0.1 0.666666
0.1 0.666665
0.1 0.666665
0.1 0.666665
0.1 0.666665
0.1 0.666665
0.1 0.666665
0.1 0.666665
0.1 0.666665
0.1 0.666665
0.1 0.666665
0.1 0.666665
0.1 0.666665
0.1 0.666665
0.1 0.666665
0.1 0.666665
0.1 0.666665
0.1 0.666665
0.1 0.666665
0.1 0.666665
0.1 0.666665
0.1 0.666665
0.1 0.666665
0.1 0.666665
0.1 0.666665
0.1 0.666665
0.1 0.666665
0.1 0.666665
0.1 0.666665
0.1 0.666664
0.1 0.666664
0.1 0.666664
0.1 0.666664
0.1 0.666664
0.1 0.666664
0.1 0.666664
0.1 0.666664
0.1 0.666664
0.1 0.666664
0.1 0.666664
0.1 0.666664
0.1 0.666664
0.1 0.666664
0.1 0.666664
0.1 0.666664
0.1 0.666664
0.1 0.666664
0.1 0.666663
0.1 0.666663
0.1 0.666663
0.1 0.666663
0.1 0.666663
0.1 0.666663
0.1 0.666663
0.1 0.666663
0.1 0.666663
0.1 0.666663
0.1 0.666663
0.1 0.666663
0.1 0.666662
0.1 0.666662
0.1 0.666662
0.1 0.666662
0.1 0.666662
0.1 0.666662
0.1 0.666662
0.1 0.666662
0.1 0.666662
0.1 0.666662
0.1 0.666661
0.1 0.666661
0.1 0.666661
0.1 0.666661
0.1 0.666661
0.1 0.666661
0.1 0.666661
0.1 0.666661
0.1 0.66666
0.1 0.66666
0.1 0.66666
0.1 0.66666
0.1 0.66666
0.1 0.66666
0.1 0.666659
0.1 0.666659
0.1 0.666659
0.1 0.666659
0.1 0.666659
0.1 0.666659
0.1 0.666658
0.1 0.666658
0.1 0.666658
0.1 0.666658
0.1 0.666658
0.1 0.666657
0.1 0.666657
0.1 0.666657
0.1 0.666657
0.1 0.666657
0.1 0.666656
0.1 0.666656
0.1 0.666656
0.1 0.666656
0.1 0.666655
0.1 0.666655
0.1 0.666655
0.1 0.666655
0.1 0.666654
0.1 0.666654
0.1 0.666654
0.1 0.666654
0.1 0.666653
0.1 0.666653
0.1 0.666653
0.1 0.666652
0.1 0.666652
0.1 0.666652
0.1 0.666651
0.1 0.666651
0.1 0.666651
0.1 0.66665
0.1 0.66665
0.1 0.666649
0.1 0.666649
0.1 0.666649
0.1 0.666648
0.1 0.666648
0.1 0.666647
0.1 0.666647
0.1 0.666646
0.1 0.666646
0.1 0.666646
0.1 0.666645
0.1 0.666645
0.1 0.666644
0.1 0.666644
0.1 0.666643
0.1 0.666642
0.1 0.666642
0.1 0.666641
0.1 0.666641
0.1 0.66664
0.1 0.66664
0.1 0.666639
0.1 0.666638
0.1 0.666638
0.1 0.666637
0.1 0.666636
0.1 0.666636
0.1 0.666635
0.1 0.666634
0.1 0.666633
0.1 0.666633
0.1 0.666632
0.1 0.666631
0.1 0.66663
0.1 0.666629
0.1 0.666628
0.1 0.666627
0.1 0.666627
0.1 0.666626
0.1 0.666625
0.1 0.666624
0.1 0.666623
0.1 0.666622
0.1 0.666621
0.1 0.666619
0.1 0.666618
0.1 0.666617
0.1 0.666616
0.1 0.666615
0.1 0.666614
0.1 0.666612
0.1 0.666611
0.1 0.66661
0.1 0.666608
0.1 0.666607
0.1 0.666605
0.1 0.666604
0.1 0.666603
0.1 0.666601
0.1 0.666599
0.1 0.666598
0.1 0.666596
0.1 0.666594
0.1 0.666593
0.1 0.666591
0.1 0.666589
0.1 0.666587
0.1 0.666585
0.1 0.666583
0.1 0.666581
0.1 0.666579
0.1 0.666577
0.1 0.666575
0.1 0.666572
0.1 0.66657
0.1 0.666568
0.1 0.666565
0.1 0.666563
0.1 0.66656
0.1 0.666557
0.1 0.666555
0.1 0.666552
0.1 0.666549
0.1 0.666546
0.1 0.666543
0.1 0.66654
0.1 0.666537
0.1 0.666533
0.1 0.66653
0.1 0.666527
0.1 0.666523
0.1 0.666519
0.1 0.666516
0.1 0.666512
0.1 0.666508
0.1 0.666503
0.1 0.666499
0.1 0.666495
0.1 0.66649
0.1 0.666486
0.1 0.666481
0.1 0.666476
0.1 0.666471
0.1 0.666466
0.1 0.666461
0.1 0.666455
0.1 0.66645
0.1 0.666444
0.1 0.666438
0.1 0.666432
0.1 0.666425
0.1 0.666419
0.1 0.666412
0.1 0.666405
0.1 0.666398
0.1 0.666391
0.1 0.666383
0.1 0.666375
0.1 0.666367
0.1 0.666359
0.1 0.66635
0.1 0.666341
0.1 0.666332
0.1 0.666323
0.1 0.666313
0.1 0.666303
0.1 0.666293
0.1 0.666282
0.1 0.666271
0.1 0.66626
0.1 0.666248
0.1 0.666236
0.1 0.666223
0.1 0.666211
0.1 0.666197
0.1 0.666183
0.1 0.666169
0.1 0.666155
0.1 0.666139
0.1 0.666124
0.1 0.666107
0.1 0.666091
0.1 0.666073
0.1 0.666056
0.1 0.666037
0.1 0.666018
0.1 0.665998
0.1 0.665978
0.1 0.665956
0.1 0.665935
0.1 0.665912
0.1 0.665888
0.1 0.665864
0.1 0.665839
0.1 0.665813
0.1 0.665786
0.1 0.665758
0.1 0.665729
0.1 0.6657
0.1 0.665669
0.1 0.665637
0.1 0.665603
0.1 0.665569
0.1 0.665533
0.1 0.665496
0.1 0.665458
0.1 0.665419
0.1 0.665377
0.1 0.665335
0.1 0.665291
0.1 0.665245
0.1 0.665197
0.1 0.665148
0.1 0.665097
0.1 0.665044
0.1 0.664989
0.1 0.664932
0.1 0.664873
0.1 0.664812
0.1 0.664748
0.1 0.664682
0.1 0.664614
0.1 0.664543
0.1 0.664469
0.1 0.664392
0.1 0.664313
0.1 0.66423
0.1 0.664145
0.1 0.664056
0.1 0.663963
0.1 0.663867
0.1 0.663768
0.1 0.663664
0.1 0.663557
0.1 0.663445
0.1 0.663329
0.1 0.663209
0.1 0.663084
0.1 0.662954
0.1 0.662819
0.1 0.662678
0.1 0.662533
0.1 0.662381
0.1 0.662224
0.1 0.66206
0.1 0.66189
0.1 0.661713
0.1 0.66153
0.1 0.661339
0.1 0.661141
0.1 0.660934
0.1 0.66072
0.1 0.660497
0.1 0.660266
0.1 0.660025
0.1 0.659775
0.1 0.659515
0.1 0.659244
0.1 0.658963
0.1 0.658671
0.1 0.658367
0.1 0.658051
0.1 0.657723
0.1 0.657381
0.1 0.657026
0.1 0.656657
0.1 0.656274
0.1 0.655875
0.1 0.65546
0.1 0.65503
0.1 0.654582
0.1 0.654116
0.1 0.653632
0.1 0.653129
0.1 0.652606
0.1 0.652062
0.1 0.651497
0.1 0.65091
0.1 0.6503
0.1 0.649666
0.1 0.649007
0.1 0.648322
0.1 0.64761
0.1 0.646871
0.1 0.646103
0.1 0.645305
0.1 0.644476
0.1 0.643615
0.1 0.642721
0.1 0.641792
0.1 0.640828
0.1 0.639826
0.1 0.638786
0.1 0.637707
0.1 0.636586
0.1 0.635423
0.1 0.634216
0.1 0.632963
0.1 0.631663
0.1 0.630315
0.1 0.628916
0.1 0.627465
0.1 0.625961
0.1 0.624401
0.1 0.622783
0.1 0.621107
0.1 0.619369
0.1 0.617569
0.1 0.615704
0.1 0.613772
0.1 0.611771
0.1 0.6097
0.1 0.607555
0.1 0.605336
0.1 0.603039
0.1 0.600663
0.1 0.598206
0.1 0.595665
0.1 0.593038
0.1 0.590324
0.1 0.587519
0.1 0.584622
0.1 0.581631
0.1 0.578543
0.1 0.575357
0.1 0.57207
0.1 0.56868
0.1 0.565185
0.1 0.561583
0.1 0.557873
0.1 0.554052
0.1 0.550119
0.1 0.546071
0.1 0.541909
0.1 0.537629
0.1 0.533231
0.1 0.528713
0.1 0.524075
0.1 0.519315
0.1 0.514434
0.1 0.509429
0.1 0.504301
0.1 0.49905
0.1 0.493676
0.1 0.488178
0.1 0.482559
0.1 0.476818
0.1 0.470957
0.1 0.464977
0.1 0.458879
0.1 0.452667
0.1 0.446341
0.1 0.439906
0.1 0.433364
0.1 0.426718
0.1 0.419972
0.1 0.413131
0.1 0.406199
0.1 0.399182
0.1 0.392083
0.1 0.38491
0.1 0.377668
0.1 0.370364
0.1 0.363005
0.1 0.355599
0.1 0.348152
0.1 0.340674
0.1 0.333172
0.1 0.325655
0.1 0.318133
0.1 0.310615
0.1 0.30311
0.1 0.295628
0.1 0.28818
0.1 0.280775
0.1 0.273425
0.1 0.266139
0.1 0.258928
0.1 0.251804
0.1 0.244775
0.1 0.237854
0.1 0.23105
0.1 0.224374
0.1 0.217835
0.1 0.211444
0.1 0.20521
0.1 0.199143
0.1 0.19325
0.1 0.187541
0.1 0.182024
0.1 0.176705
0.1 0.171592
0.1 0.166691
0.1 0.162008
0.1 0.157547
0.1 0.153313
0.1 0.14931
0.1 0.14554
0.1 0.142006
0.1 0.138709
0.1 0.135649
0.1 0.132827
0.1 0.130242
0.1 0.127891
0.1 0.125773
0.1 0.123884
0.1 0.12222
0.1 0.120776
0.1 0.119546
0.1 0.118525
0.1 0.117706
0.1 0.11708
0.1 0.11664
0.1 0.116376
0.1 0.11628
0.1 0.11634
0.1 0.116547
0.1 0.116889
0.1 0.117355
0.1 0.117933
0.1 0.118611
0.1 0.119377
0.1 0.120216
0.1 0.121118
0.1 0.122069
0.1 0.123056
0.1 0.124065
0.1 0.125086
0.1 0.126104
0.1 0.127107
0.1 0.128084
0.1 0.129024
0.1 0.129914
0.1 0.130745
0.1 0.131508
0.1 0.132192
0.1 0.132791
0.1 0.133296

Info about perturbations class:
x_start:       -22
x_end:         0
n_x:     1000
k_min (1/Mpc): 5e-05
k_max (1/Mpc): 0.3
n_k:     100
We do not include polarization
We do not include neutrinos
Information about the perturbation system:
ind_deltacdm:       0
ind_deltab:         1
ind_v_cdm:          2
ind_v_b:            3
ind_Phi:            4
ind_start_theta:    5
n_ell_theta:        8
n_ell_tot_full:     13
Information about the perturbation system in tight coupling:
ind_deltacdm:       0
ind_deltab:         1
ind_v_cdm:          2
ind_v_b:            3
ind_Phi:            4
ind_start_theta:    5
n_ell_theta:        2
n_ell_tot_tc:       7

