2 57.8688 
3 59.3755 
4 64.1073 
5 80.8799 
6 105.407 
7 116.883 
8 140.099 
9 197.981 
10 273.871 
11 328.051 
12 355.228 
13 369.712 
14 376.713 
15 379.269 
16 381.53 
17 385.067 
18 390.241 
19 396.847 
20 403.987 
21 410.392 
22 415.979 
23 421.031 
24 425.816 
25 430.576 
26 435.511 
27 440.717 
28 446.205 
29 451.896 
30 457.606 
31 463.116 
32 468.45 
33 473.694 
34 478.918 
35 484.179 
36 489.514 
37 494.939 
38 500.447 
39 506.002 
40 511.541 
41 516.995 
42 522.38 
43 527.733 
44 533.082 
45 538.453 
46 543.862 
47 549.316 
48 554.817 
49 560.354 
50 565.907 
51 571.455 
52 577.011 
53 582.592 
54 588.215 
55 593.892 
56 599.632 
57 605.439 
58 611.314 
59 617.251 
60 623.242 
61 629.276 
62 635.361 
63 641.509 
64 647.729 
65 654.028 
66 660.413 
67 666.887 
68 673.449 
69 680.098 
70 686.829 
71 693.638 
72 700.53 
73 707.512 
74 714.59 
75 721.768 
76 729.048 
77 736.434 
78 743.923 
79 751.516 
80 759.209 
81 766.998 
82 774.887 
83 782.88 
84 790.978 
85 799.186 
86 807.503 
87 815.931 
88 824.468 
89 833.112 
90 841.86 
91 850.71 
92 859.662 
93 868.716 
94 877.873 
95 887.134 
96 896.496 
97 905.957 
98 915.515 
99 925.167 
100 934.907 
101 944.733 
102 954.642 
103 964.638 
104 974.719 
105 984.887 
106 995.14 
107 1005.48 
108 1015.9 
109 1026.4 
110 1036.99 
111 1047.65 
112 1058.38 
113 1069.19 
114 1080.05 
115 1090.98 
116 1101.97 
117 1113 
118 1124.08 
119 1135.19 
120 1146.33 
121 1157.48 
122 1168.66 
123 1179.84 
124 1191.04 
125 1202.25 
126 1213.46 
127 1224.68 
128 1235.9 
129 1247.11 
130 1258.32 
131 1269.51 
132 1280.69 
133 1291.85 
134 1302.98 
135 1314.09 
136 1325.15 
137 1336.18 
138 1347.16 
139 1358.08 
140 1368.94 
141 1379.74 
142 1390.46 
143 1401.11 
144 1411.68 
145 1422.17 
146 1432.57 
147 1442.88 
148 1453.09 
149 1463.2 
150 1473.21 
151 1483.1 
152 1492.89 
153 1502.55 
154 1512.09 
155 1521.49 
156 1530.76 
157 1539.89 
158 1548.87 
159 1557.69 
160 1566.36 
161 1574.85 
162 1583.18 
163 1591.33 
164 1599.31 
165 1607.11 
166 1614.73 
167 1622.15 
168 1629.39 
169 1636.44 
170 1643.29 
171 1649.95 
172 1656.4 
173 1662.64 
174 1668.68 
175 1674.51 
176 1680.12 
177 1685.51 
178 1690.68 
179 1695.63 
180 1700.35 
181 1704.84 
182 1709.1 
183 1713.12 
184 1716.9 
185 1720.45 
186 1723.75 
187 1726.81 
188 1729.63 
189 1732.21 
190 1734.53 
191 1736.61 
192 1738.44 
193 1740.01 
194 1741.34 
195 1742.41 
196 1743.22 
197 1743.78 
198 1744.08 
199 1744.12 
200 1743.91 
201 1743.43 
202 1742.69 
203 1741.69 
204 1740.44 
205 1738.92 
206 1737.15 
207 1735.12 
208 1732.83 
209 1730.29 
210 1727.49 
211 1724.44 
212 1721.14 
213 1717.59 
214 1713.79 
215 1709.74 
216 1705.45 
217 1700.91 
218 1696.14 
219 1691.12 
220 1685.87 
221 1680.38 
222 1674.67 
223 1668.72 
224 1662.55 
225 1656.15 
226 1649.54 
227 1642.71 
228 1635.67 
229 1628.41 
230 1620.95 
231 1613.28 
232 1605.41 
233 1597.35 
234 1589.09 
235 1580.64 
236 1572 
237 1563.18 
238 1554.19 
239 1545.02 
240 1535.68 
241 1526.17 
242 1516.51 
243 1506.68 
244 1496.71 
245 1486.6 
246 1476.34 
247 1465.95 
248 1455.43 
249 1444.78 
250 1434.02 
251 1423.15 
252 1412.16 
253 1401.08 
254 1389.89 
255 1378.61 
256 1367.24 
257 1355.78 
258 1344.23 
259 1332.61 
260 1320.92 
261 1309.16 
262 1297.33 
263 1285.44 
264 1273.5 
265 1261.51 
266 1249.47 
267 1237.4 
268 1225.29 
269 1213.15 
270 1200.99 
271 1188.82 
272 1176.63 
273 1164.43 
274 1152.23 
275 1140.04 
276 1127.86 
277 1115.7 
278 1103.55 
279 1091.43 
280 1079.34 
281 1067.28 
282 1055.26 
283 1043.28 
284 1031.35 
285 1019.47 
286 1007.64 
287 995.881 
288 984.184 
289 972.558 
290 961.007 
291 949.537 
292 938.152 
293 926.857 
294 915.658 
295 904.559 
296 893.566 
297 882.683 
298 871.917 
299 861.271 
300 850.752 
301 840.363 
302 830.109 
303 819.99 
304 810.01 
305 800.169 
306 790.47 
307 780.916 
308 771.507 
309 762.246 
310 753.135 
311 744.175 
312 735.368 
313 726.716 
314 718.22 
315 709.881 
316 701.702 
317 693.684 
318 685.828 
319 678.135 
320 670.607 
321 663.245 
322 656.05 
323 649.024 
324 642.166 
325 635.479 
326 628.963 
327 622.619 
328 616.447 
329 610.45 
330 604.626 
331 598.977 
332 593.504 
333 588.206 
334 583.085 
335 578.14 
336 573.372 
337 568.781 
338 564.367 
339 560.13 
340 556.071 
341 552.188 
342 548.483 
343 544.954 
344 541.602 
345 538.426 
346 535.426 
347 532.6 
348 529.95 
349 527.473 
350 525.169 
351 523.037 
352 521.077 
353 519.287 
354 517.667 
355 516.214 
356 514.929 
357 513.81 
358 512.855 
359 512.063 
360 511.433 
361 510.962 
362 510.65 
363 510.494 
364 510.493 
365 510.644 
366 510.946 
367 511.396 
368 511.992 
369 512.732 
370 513.613 
371 514.634 
372 515.791 
373 517.081 
374 518.502 
375 520.052 
376 521.726 
377 523.522 
378 525.437 
379 527.468 
380 529.61 
381 531.862 
382 534.218 
383 536.676 
384 539.232 
385 541.882 
386 544.621 
387 547.446 
388 550.353 
389 553.337 
390 556.394 
391 559.52 
392 562.709 
393 565.958 
394 569.261 
395 572.613 
396 576.01 
397 579.446 
398 582.916 
399 586.414 
400 589.936 
401 593.476 
402 597.032 
403 600.603 
404 604.187 
405 607.784 
406 611.392 
407 615.01 
408 618.636 
409 622.268 
410 625.906 
411 629.547 
412 633.191 
413 636.836 
414 640.479 
415 644.12 
416 647.757 
417 651.388 
418 655.012 
419 658.626 
420 662.23 
421 665.82 
422 669.397 
423 672.956 
424 676.498 
425 680.019 
426 683.518 
427 686.993 
428 690.442 
429 693.863 
430 697.254 
431 700.613 
432 703.937 
433 707.225 
434 710.474 
435 713.682 
436 716.848 
437 719.967 
438 723.039 
439 726.061 
440 729.031 
441 731.946 
442 734.804 
443 737.602 
444 740.337 
445 743.008 
446 745.612 
447 748.146 
448 750.607 
449 752.993 
450 755.301 
451 757.529 
452 759.677 
453 761.746 
454 763.736 
455 765.648 
456 767.483 
457 769.241 
458 770.924 
459 772.532 
460 774.066 
461 775.527 
462 776.916 
463 778.234 
464 779.482 
465 780.66 
466 781.77 
467 782.813 
468 783.789 
469 784.701 
470 785.549 
471 786.334 
472 787.057 
473 787.72 
474 788.325 
475 788.871 
476 789.361 
477 789.796 
478 790.176 
479 790.505 
480 790.783 
481 791.011 
482 791.191 
483 791.325 
484 791.414 
485 791.459 
486 791.463 
487 791.426 
488 791.351 
489 791.24 
490 791.094 
491 790.914 
492 790.703 
493 790.462 
494 790.194 
495 789.9 
496 789.582 
497 789.243 
498 788.883 
499 788.506 
500 788.113 
501 787.706 
502 787.287 
503 786.857 
504 786.419 
505 785.972 
506 785.52 
507 785.064 
508 784.604 
509 784.144 
510 783.684 
511 783.226 
512 782.773 
513 782.325 
514 781.885 
515 781.454 
516 781.034 
517 780.628 
518 780.236 
519 779.861 
520 779.505 
521 779.17 
522 778.857 
523 778.569 
524 778.308 
525 778.075 
526 777.874 
527 777.705 
528 777.572 
529 777.476 
530 777.42 
531 777.405 
532 777.434 
533 777.51 
534 777.634 
535 777.809 
536 778.037 
537 778.321 
538 778.663 
539 779.065 
540 779.531 
541 780.062 
542 780.661 
543 781.33 
544 782.073 
545 782.892 
546 783.789 
547 784.767 
548 785.828 
549 786.977 
550 788.214 
551 789.543 
552 790.964 
553 792.476 
554 794.078 
555 795.77 
556 797.552 
557 799.422 
558 801.38 
559 803.426 
560 805.559 
561 807.778 
562 810.082 
563 812.471 
564 814.944 
565 817.501 
566 820.14 
567 822.86 
568 825.662 
569 828.543 
570 831.504 
571 834.543 
572 837.66 
573 840.853 
574 844.122 
575 847.465 
576 850.882 
577 854.372 
578 857.933 
579 861.565 
580 865.267 
581 869.036 
582 872.874 
583 876.777 
584 880.746 
585 884.778 
586 888.874 
587 893.03 
588 897.247 
589 901.523 
590 905.857 
591 910.247 
592 914.693 
593 919.192 
594 923.743 
595 928.346 
596 932.998 
597 937.698 
598 942.445 
599 947.237 
600 952.073 
601 956.951 
602 961.869 
603 966.825 
604 971.818 
605 976.845 
606 981.905 
607 986.994 
608 992.112 
609 997.256 
610 1002.42 
611 1007.61 
612 1012.82 
613 1018.05 
614 1023.29 
615 1028.55 
616 1033.81 
617 1039.08 
618 1044.36 
619 1049.65 
620 1054.93 
621 1060.21 
622 1065.49 
623 1070.76 
624 1076.02 
625 1081.27 
626 1086.51 
627 1091.72 
628 1096.92 
629 1102.1 
630 1107.25 
631 1112.37 
632 1117.47 
633 1122.53 
634 1127.55 
635 1132.53 
636 1137.47 
637 1142.37 
638 1147.21 
639 1152.01 
640 1156.75 
641 1161.43 
642 1166.06 
643 1170.62 
644 1175.11 
645 1179.53 
646 1183.88 
647 1188.15 
648 1192.34 
649 1196.45 
650 1200.47 
651 1204.4 
652 1208.24 
653 1211.99 
654 1215.64 
655 1219.2 
656 1222.66 
657 1226.03 
658 1229.29 
659 1232.46 
660 1235.53 
661 1238.5 
662 1241.37 
663 1244.14 
664 1246.8 
665 1249.35 
666 1251.8 
667 1254.14 
668 1256.37 
669 1258.5 
670 1260.51 
671 1262.41 
672 1264.2 
673 1265.87 
674 1267.43 
675 1268.87 
676 1270.19 
677 1271.4 
678 1272.49 
679 1273.45 
680 1274.3 
681 1275.02 
682 1275.61 
683 1276.08 
684 1276.43 
685 1276.64 
686 1276.73 
687 1276.69 
688 1276.51 
689 1276.2 
690 1275.76 
691 1275.19 
692 1274.48 
693 1273.63 
694 1272.64 
695 1271.51 
696 1270.24 
697 1268.83 
698 1267.28 
699 1265.58 
700 1263.73 
701 1261.74 
702 1259.6 
703 1257.32 
704 1254.89 
705 1252.32 
706 1249.62 
707 1246.77 
708 1243.79 
709 1240.67 
710 1237.42 
711 1234.04 
712 1230.52 
713 1226.88 
714 1223.11 
715 1219.21 
716 1215.19 
717 1211.05 
718 1206.79 
719 1202.41 
720 1197.92 
721 1193.31 
722 1188.58 
723 1183.75 
724 1178.81 
725 1173.76 
726 1168.61 
727 1163.36 
728 1158 
729 1152.55 
730 1147 
731 1141.36 
732 1135.62 
733 1129.8 
734 1123.89 
735 1117.89 
736 1111.81 
737 1105.66 
738 1099.42 
739 1093.11 
740 1086.72 
741 1080.27 
742 1073.74 
743 1067.16 
744 1060.5 
745 1053.79 
746 1047.02 
747 1040.2 
748 1033.32 
749 1026.39 
750 1019.42 
751 1012.4 
752 1005.34 
753 998.24 
754 991.101 
755 983.927 
756 976.72 
757 969.481 
758 962.212 
759 954.917 
760 947.597 
761 940.255 
762 932.892 
763 925.512 
764 918.116 
765 910.707 
766 903.287 
767 895.859 
768 888.425 
769 880.988 
770 873.55 
771 866.114 
772 858.682 
773 851.257 
774 843.841 
775 836.437 
776 829.047 
777 821.675 
778 814.323 
779 806.993 
780 799.689 
781 792.414 
782 785.169 
783 777.958 
784 770.783 
785 763.648 
786 756.556 
787 749.509 
788 742.51 
789 735.562 
790 728.668 
791 721.832 
792 715.056 
793 708.344 
794 701.697 
795 695.121 
796 688.617 
797 682.189 
798 675.84 
799 669.574 
800 663.393 
801 657.3 
802 651.297 
803 645.383 
804 639.56 
805 633.828 
806 628.187 
807 622.638 
808 617.181 
809 611.817 
810 606.546 
811 601.369 
812 596.286 
813 591.297 
814 586.404 
815 581.606 
816 576.904 
817 572.299 
818 567.791 
819 563.38 
820 559.067 
821 554.853 
822 550.737 
823 546.721 
824 542.804 
825 538.988 
826 535.272 
827 531.658 
828 528.145 
829 524.734 
830 521.425 
831 518.219 
832 515.117 
833 512.118 
834 509.224 
835 506.434 
836 503.749 
837 501.17 
838 498.697 
839 496.33 
840 494.07 
841 491.917 
842 489.871 
843 487.934 
844 486.106 
845 484.386 
846 482.775 
847 481.274 
848 479.884 
849 478.604 
850 477.435 
851 476.377 
852 475.428 
853 474.588 
854 473.855 
855 473.226 
856 472.701 
857 472.278 
858 471.954 
859 471.729 
860 471.601 
861 471.567 
862 471.626 
863 471.776 
864 472.016 
865 472.344 
866 472.757 
867 473.254 
868 473.833 
869 474.492 
870 475.229 
871 476.043 
872 476.93 
873 477.89 
874 478.92 
875 480.017 
876 481.181 
877 482.409 
878 483.698 
879 485.047 
880 486.454 
881 487.916 
882 489.431 
883 490.997 
884 492.611 
885 494.272 
886 495.977 
887 497.723 
888 499.509 
889 501.332 
890 503.19 
891 505.08 
892 506.999 
893 508.946 
894 510.918 
895 512.912 
896 514.926 
897 516.957 
898 519.002 
899 521.06 
900 523.128 
901 525.202 
902 527.282 
903 529.367 
904 531.454 
905 533.543 
906 535.634 
907 537.723 
908 539.81 
909 541.894 
910 543.974 
911 546.048 
912 548.114 
913 550.172 
914 552.221 
915 554.257 
916 556.282 
917 558.292 
918 560.287 
919 562.264 
920 564.224 
921 566.164 
922 568.083 
923 569.979 
924 571.851 
925 573.698 
926 575.518 
927 577.309 
928 579.07 
929 580.799 
930 582.496 
931 584.157 
932 585.783 
933 587.371 
934 588.919 
935 590.426 
936 591.891 
937 593.312 
938 594.686 
939 596.013 
940 597.292 
941 598.519 
942 599.694 
943 600.814 
944 601.879 
945 602.886 
946 603.834 
947 604.72 
948 605.544 
949 606.303 
950 606.996 
951 607.621 
952 608.179 
953 608.669 
954 609.094 
955 609.452 
956 609.746 
957 609.976 
958 610.142 
959 610.245 
960 610.286 
961 610.266 
962 610.185 
963 610.043 
964 609.843 
965 609.584 
966 609.267 
967 608.894 
968 608.464 
969 607.978 
970 607.438 
971 606.844 
972 606.197 
973 605.498 
974 604.747 
975 603.945 
976 603.094 
977 602.194 
978 601.245 
979 600.25 
980 599.208 
981 598.121 
982 596.989 
983 595.813 
984 594.594 
985 593.334 
986 592.033 
987 590.691 
988 589.311 
989 587.892 
990 586.437 
991 584.945 
992 583.417 
993 581.856 
994 580.261 
995 578.634 
996 576.976 
997 575.288 
998 573.57 
999 571.825 
1000 570.052 
1001 568.253 
1002 566.429 
1003 564.581 
1004 562.711 
1005 560.818 
1006 558.905 
1007 556.972 
1008 555.021 
1009 553.053 
1010 551.068 
1011 549.067 
1012 547.053 
1013 545.026 
1014 542.988 
1015 540.938 
1016 538.88 
1017 536.813 
1018 534.739 
1019 532.659 
1020 530.575 
1021 528.487 
1022 526.398 
1023 524.307 
1024 522.217 
1025 520.128 
1026 518.042 
1027 515.961 
1028 513.884 
1029 511.815 
1030 509.754 
1031 507.702 
1032 505.66 
1033 503.631 
1034 501.615 
1035 499.614 
1036 497.629 
1037 495.662 
1038 493.713 
1039 491.785 
1040 489.878 
1041 487.995 
1042 486.136 
1043 484.303 
1044 482.497 
1045 480.721 
1046 478.974 
1047 477.26 
1048 475.578 
1049 473.932 
1050 472.321 
1051 470.749 
1052 469.214 
1053 467.718 
1054 466.26 
1055 464.841 
1056 463.461 
1057 462.121 
1058 460.82 
1059 459.559 
1060 458.338 
1061 457.158 
1062 456.018 
1063 454.919 
1064 453.861 
1065 452.845 
1066 451.87 
1067 450.937 
1068 450.046 
1069 449.198 
1070 448.393 
1071 447.63 
1072 446.911 
1073 446.235 
1074 445.604 
1075 445.016 
1076 444.472 
1077 443.973 
1078 443.519 
1079 443.11 
1080 442.747 
1081 442.429 
1082 442.157 
1083 441.931 
1084 441.751 
1085 441.619 
1086 441.533 
1087 441.495 
1088 441.504 
1089 441.561 
1090 441.666 
1091 441.82 
1092 442.022 
1093 442.273 
1094 442.573 
1095 442.923 
1096 443.322 
1097 443.772 
1098 444.272 
1099 444.822 
1100 445.423 
1101 446.076 
1102 446.778 
1103 447.53 
1104 448.331 
1105 449.179 
1106 450.074 
1107 451.015 
1108 452.001 
1109 453.032 
1110 454.106 
1111 455.222 
1112 456.379 
1113 457.577 
1114 458.815 
1115 460.091 
1116 461.405 
1117 462.756 
1118 464.142 
1119 465.564 
1120 467.019 
1121 468.507 
1122 470.027 
1123 471.577 
1124 473.158 
1125 474.767 
1126 476.404 
1127 478.067 
1128 479.757 
1129 481.471 
1130 483.208 
1131 484.968 
1132 486.749 
1133 488.551 
1134 490.372 
1135 492.211 
1136 494.067 
1137 495.939 
1138 497.825 
1139 499.725 
1140 501.638 
1141 503.562 
1142 505.496 
1143 507.439 
1144 509.39 
1145 511.348 
1146 513.311 
1147 515.278 
1148 517.248 
1149 519.22 
1150 521.193 
1151 523.165 
1152 525.135 
1153 527.102 
1154 529.065 
1155 531.023 
1156 532.974 
1157 534.919 
1158 536.854 
1159 538.78 
1160 540.694 
1161 542.597 
1162 544.486 
1163 546.361 
1164 548.22 
1165 550.062 
1166 551.885 
1167 553.69 
1168 555.473 
1169 557.235 
1170 558.973 
1171 560.688 
1172 562.376 
1173 564.038 
1174 565.671 
1175 567.275 
1176 568.847 
1177 570.388 
1178 571.895 
1179 573.368 
1180 574.804 
1181 576.203 
1182 577.563 
1183 578.883 
1184 580.161 
1185 581.397 
1186 582.588 
1187 583.733 
1188 584.831 
1189 585.881 
1190 586.881 
1191 587.83 
1192 588.726 
1193 589.567 
1194 590.353 
1195 591.082 
1196 591.752 
1197 592.363 
1198 592.912 
1199 593.397 
1200 593.818 
1201 594.174 
1202 594.464 
1203 594.688 
1204 594.848 
1205 594.943 
1206 594.974 
1207 594.941 
1208 594.844 
1209 594.685 
1210 594.462 
1211 594.178 
1212 593.831 
1213 593.423 
1214 592.953 
1215 592.423 
1216 591.833 
1217 591.182 
1218 590.473 
1219 589.704 
1220 588.876 
1221 587.99 
1222 587.046 
1223 586.045 
1224 584.987 
1225 583.873 
1226 582.702 
1227 581.476 
1228 580.194 
1229 578.858 
1230 577.468 
1231 576.024 
1232 574.527 
1233 572.977 
1234 571.375 
1235 569.72 
1236 568.015 
1237 566.258 
1238 564.452 
1239 562.595 
1240 560.689 
1241 558.734 
1242 556.731 
1243 554.68 
1244 552.582 
1245 550.438 
1246 548.246 
1247 546.01 
1248 543.728 
1249 541.402 
1250 539.031 
1251 536.617 
1252 534.161 
1253 531.664 
1254 529.126 
1255 526.549 
1256 523.934 
1257 521.283 
1258 518.595 
1259 515.873 
1260 513.118 
1261 510.33 
1262 507.511 
1263 504.662 
1264 501.785 
1265 498.879 
1266 495.948 
1267 492.991 
1268 490.01 
1269 487.006 
1270 483.981 
1271 480.935 
1272 477.87 
1273 474.788 
1274 471.688 
1275 468.574 
1276 465.445 
1277 462.303 
1278 459.15 
1279 455.987 
1280 452.815 
1281 449.635 
1282 446.45 
1283 443.259 
1284 440.064 
1285 436.867 
1286 433.67 
1287 430.473 
1288 427.277 
1289 424.085 
1290 420.898 
1291 417.716 
1292 414.542 
1293 411.377 
1294 408.221 
1295 405.078 
1296 401.948 
1297 398.832 
1298 395.732 
1299 392.65 
1300 389.586 
1301 386.543 
1302 383.521 
1303 380.52 
1304 377.542 
1305 374.586 
1306 371.652 
1307 368.743 
1308 365.858 
1309 362.997 
1310 360.162 
1311 357.352 
1312 354.569 
1313 351.812 
1314 349.083 
1315 346.383 
1316 343.71 
1317 341.067 
1318 338.454 
1319 335.87 
1320 333.318 
1321 330.797 
1322 328.308 
1323 325.852 
1324 323.429 
1325 321.039 
1326 318.684 
1327 316.364 
1328 314.08 
1329 311.831 
1330 309.62 
1331 307.445 
1332 305.309 
1333 303.211 
1334 301.153 
1335 299.134 
1336 297.155 
1337 295.218 
1338 293.322 
1339 291.469 
1340 289.658 
1341 287.891 
1342 286.168 
1343 284.49 
1344 282.857 
1345 281.271 
1346 279.731 
1347 278.239 
1348 276.794 
1349 275.398 
1350 274.052 
1351 272.756 
1352 271.508 
1353 270.31 
1354 269.16 
1355 268.058 
1356 267.003 
1357 265.995 
1358 265.032 
1359 264.115 
1360 263.242 
1361 262.414 
1362 261.63 
1363 260.888 
1364 260.189 
1365 259.531 
1366 258.915 
1367 258.339 
1368 257.802 
1369 257.305 
1370 256.847 
1371 256.426 
1372 256.043 
1373 255.696 
1374 255.385 
1375 255.11 
1376 254.869 
1377 254.662 
1378 254.488 
1379 254.347 
1380 254.237 
1381 254.159 
1382 254.111 
1383 254.093 
1384 254.104 
1385 254.144 
1386 254.211 
1387 254.305 
1388 254.425 
1389 254.57 
1390 254.74 
1391 254.935 
1392 255.152 
1393 255.392 
1394 255.654 
1395 255.936 
1396 256.239 
1397 256.561 
1398 256.902 
1399 257.261 
1400 257.637 
1401 258.029 
1402 258.437 
1403 258.861 
1404 259.299 
1405 259.752 
1406 260.219 
1407 260.7 
1408 261.193 
1409 261.7 
1410 262.219 
1411 262.749 
1412 263.291 
1413 263.843 
1414 264.406 
1415 264.979 
1416 265.561 
1417 266.152 
1418 266.751 
1419 267.358 
1420 267.973 
1421 268.595 
1422 269.223 
1423 269.857 
1424 270.496 
1425 271.14 
1426 271.789 
1427 272.441 
1428 273.097 
1429 273.755 
1430 274.416 
1431 275.079 
1432 275.743 
1433 276.408 
1434 277.073 
1435 277.737 
1436 278.401 
1437 279.063 
1438 279.723 
1439 280.381 
1440 281.035 
1441 281.686 
1442 282.333 
1443 282.975 
1444 283.611 
1445 284.242 
1446 284.866 
1447 285.483 
1448 286.093 
1449 286.694 
1450 287.287 
1451 287.87 
1452 288.443 
1453 289.007 
1454 289.559 
1455 290.1 
1456 290.629 
1457 291.147 
1458 291.651 
1459 292.143 
1460 292.62 
1461 293.084 
1462 293.533 
1463 293.968 
1464 294.386 
1465 294.789 
1466 295.175 
1467 295.544 
1468 295.896 
1469 296.229 
1470 296.544 
1471 296.84 
1472 297.117 
1473 297.373 
1474 297.609 
1475 297.824 
1476 298.017 
1477 298.188 
1478 298.337 
1479 298.462 
1480 298.564 
1481 298.641 
1482 298.694 
1483 298.721 
1484 298.723 
1485 298.698 
1486 298.647 
1487 298.568 
1488 298.461 
1489 298.325 
1490 298.16 
1491 297.966 
1492 297.742 
1493 297.486 
1494 297.2 
1495 296.882 
1496 296.531 
1497 296.147 
1498 295.729 
1499 295.278 
1500 294.791 
1501 294.27 
1502 293.714 
1503 293.124 
1504 292.501 
1505 291.845 
1506 291.158 
1507 290.441 
1508 289.693 
1509 288.916 
1510 288.111 
1511 287.278 
1512 286.418 
1513 285.532 
1514 284.621 
1515 283.686 
1516 282.726 
1517 281.744 
1518 280.74 
1519 279.715 
1520 278.669 
1521 277.604 
1522 276.521 
1523 275.419 
1524 274.3 
1525 273.165 
1526 272.015 
1527 270.851 
1528 269.673 
1529 268.482 
1530 267.28 
1531 266.066 
1532 264.843 
1533 263.61 
1534 262.369 
1535 261.121 
1536 259.866 
1537 258.606 
1538 257.341 
1539 256.073 
1540 254.802 
1541 253.528 
1542 252.254 
1543 250.98 
1544 249.707 
1545 248.436 
1546 247.168 
1547 245.903 
1548 244.644 
1549 243.39 
1550 242.143 
1551 240.903 
1552 239.671 
1553 238.448 
1554 237.234 
1555 236.029 
1556 234.833 
1557 233.647 
1558 232.472 
1559 231.307 
1560 230.153 
1561 229.01 
1562 227.879 
1563 226.761 
1564 225.654 
1565 224.561 
1566 223.481 
1567 222.414 
1568 221.361 
1569 220.323 
1570 219.3 
1571 218.292 
1572 217.299 
1573 216.322 
1574 215.362 
1575 214.418 
1576 213.492 
1577 212.583 
1578 211.692 
1579 210.819 
1580 209.965 
1581 209.13 
1582 208.315 
1583 207.52 
1584 206.745 
1585 205.991 
1586 205.258 
1587 204.547 
1588 203.858 
1589 203.191 
1590 202.547 
1591 201.927 
1592 201.33 
1593 200.758 
1594 200.21 
1595 199.687 
1596 199.189 
1597 198.718 
1598 198.273 
1599 197.854 
1600 197.463 
1601 197.1 
1602 196.763 
1603 196.453 
1604 196.17 
1605 195.913 
1606 195.681 
1607 195.473 
1608 195.291 
1609 195.132 
1610 194.997 
1611 194.885 
1612 194.795 
1613 194.728 
1614 194.682 
1615 194.658 
1616 194.654 
1617 194.67 
1618 194.706 
1619 194.761 
1620 194.835 
1621 194.927 
1622 195.036 
1623 195.163 
1624 195.307 
1625 195.466 
1626 195.642 
1627 195.832 
1628 196.037 
1629 196.256 
1630 196.489 
1631 196.735 
1632 196.993 
1633 197.263 
1634 197.545 
1635 197.838 
1636 198.141 
1637 198.453 
1638 198.776 
1639 199.106 
1640 199.445 
1641 199.792 
1642 200.146 
1643 200.506 
1644 200.872 
1645 201.243 
1646 201.62 
1647 202 
1648 202.384 
1649 202.772 
1650 203.161 
1651 203.553 
1652 203.947 
1653 204.342 
1654 204.739 
1655 205.138 
1656 205.538 
1657 205.94 
1658 206.343 
1659 206.747 
1660 207.152 
1661 207.559 
1662 207.967 
1663 208.375 
1664 208.785 
1665 209.195 
1666 209.606 
1667 210.018 
1668 210.43 
1669 210.843 
1670 211.256 
1671 211.67 
1672 212.084 
1673 212.497 
1674 212.911 
1675 213.325 
1676 213.739 
1677 214.153 
1678 214.566 
1679 214.979 
1680 215.391 
1681 215.803 
1682 216.214 
1683 216.625 
1684 217.034 
1685 217.443 
1686 217.851 
1687 218.258 
1688 218.663 
1689 219.067 
1690 219.47 
1691 219.872 
1692 220.272 
1693 220.67 
1694 221.066 
1695 221.461 
1696 221.854 
1697 222.244 
1698 222.633 
1699 223.019 
1700 223.403 
1701 223.785 
1702 224.164 
1703 224.539 
1704 224.911 
1705 225.279 
1706 225.642 
1707 226 
1708 226.352 
1709 226.699 
1710 227.039 
1711 227.372 
1712 227.698 
1713 228.016 
1714 228.326 
1715 228.627 
1716 228.92 
1717 229.202 
1718 229.475 
1719 229.737 
1720 229.987 
1721 230.227 
1722 230.454 
1723 230.669 
1724 230.871 
1725 231.06 
1726 231.234 
1727 231.395 
1728 231.54 
1729 231.67 
1730 231.784 
1731 231.882 
1732 231.963 
1733 232.027 
1734 232.073 
1735 232.1 
1736 232.109 
1737 232.098 
1738 232.067 
1739 232.016 
1740 231.944 
1741 231.851 
1742 231.735 
1743 231.598 
1744 231.437 
1745 231.253 
1746 231.044 
1747 230.811 
1748 230.553 
1749 230.27 
1750 229.96 
1751 229.624 
1752 229.261 
1753 228.872 
1754 228.458 
1755 228.018 
1756 227.554 
1757 227.065 
1758 226.552 
1759 226.015 
1760 225.454 
1761 224.871 
1762 224.265 
1763 223.636 
1764 222.986 
1765 222.314 
1766 221.621 
1767 220.907 
1768 220.173 
1769 219.419 
1770 218.645 
1771 217.852 
1772 217.041 
1773 216.21 
1774 215.362 
1775 214.496 
1776 213.613 
1777 212.714 
1778 211.797 
1779 210.865 
1780 209.917 
1781 208.954 
1782 207.977 
1783 206.985 
1784 205.979 
1785 204.96 
1786 203.927 
1787 202.882 
1788 201.825 
1789 200.756 
1790 199.675 
1791 198.584 
1792 197.482 
1793 196.37 
1794 195.249 
1795 194.118 
1796 192.979 
1797 191.832 
1798 190.676 
1799 189.513 
1800 188.344 
1801 187.168 
1802 185.986 
1803 184.798 
1804 183.605 
1805 182.408 
1806 181.206 
1807 180.001 
1808 178.793 
1809 177.581 
1810 176.368 
1811 175.153 
1812 173.936 
1813 172.719 
1814 171.501 
1815 170.283 
1816 169.066 
1817 167.85 
1818 166.636 
1819 165.424 
1820 164.214 
1821 163.007 
1822 161.804 
1823 160.605 
1824 159.411 
1825 158.222 
1826 157.038 
1827 155.86 
1828 154.689 
1829 153.525 
1830 152.369 
1831 151.221 
1832 150.081 
1833 148.951 
1834 147.83 
1835 146.72 
1836 145.621 
1837 144.532 
1838 143.456 
1839 142.392 
1840 141.341 
1841 140.303 
1842 139.28 
1843 138.271 
1844 137.277 
1845 136.298 
1846 135.336 
1847 134.391 
1848 133.463 
1849 132.552 
1850 131.66 
1851 130.787 
1852 129.933 
1853 129.098 
1854 128.28 
1855 127.481 
1856 126.701 
1857 125.938 
1858 125.192 
1859 124.465 
1860 123.754 
1861 123.061 
1862 122.385 
1863 121.726 
1864 121.083 
1865 120.456 
1866 119.846 
1867 119.252 
1868 118.673 
1869 118.111 
1870 117.563 
1871 117.031 
1872 116.514 
1873 116.012 
1874 115.524 
1875 115.051 
1876 114.592 
1877 114.147 
1878 113.716 
1879 113.299 
1880 112.895 
1881 112.504 
1882 112.126 
1883 111.761 
1884 111.409 
1885 111.069 
1886 110.741 
1887 110.425 
1888 110.121 
1889 109.829 
1890 109.547 
1891 109.277 
1892 109.018 
1893 108.769 
1894 108.531 
1895 108.303 
1896 108.085 
1897 107.877 
1898 107.678 
1899 107.489 
1900 107.308 
1901 107.137 
1902 106.975 
1903 106.821 
1904 106.675 
1905 106.538 
1906 106.41 
1907 106.289 
1908 106.177 
1909 106.072 
1910 105.976 
1911 105.887 
1912 105.806 
1913 105.733 
1914 105.666 
1915 105.607 
1916 105.556 
1917 105.511 
1918 105.473 
1919 105.442 
1920 105.418 
1921 105.401 
1922 105.389 
1923 105.385 
1924 105.386 
1925 105.393 
1926 105.407 
1927 105.426 
1928 105.451 
1929 105.482 
1930 105.518 
1931 105.559 
1932 105.606 
1933 105.658 
1934 105.714 
1935 105.776 
1936 105.842 
1937 105.913 
1938 105.988 
1939 106.068 
1940 106.152 
1941 106.239 
1942 106.331 
1943 106.427 
1944 106.526 
1945 106.629 
1946 106.735 
1947 106.844 
1948 106.957 
1949 107.072 
1950 107.191 
1951 107.312 
1952 107.436 
1953 107.562 
1954 107.691 
1955 107.822 
1956 107.956 
1957 108.093 
1958 108.232 
1959 108.373 
1960 108.516 
1961 108.662 
1962 108.81 
1963 108.96 
1964 109.112 
1965 109.266 
1966 109.423 
1967 109.581 
1968 109.741 
1969 109.903 
1970 110.067 
1971 110.233 
1972 110.4 
1973 110.569 
1974 110.74 
1975 110.912 
1976 111.086 
1977 111.261 
1978 111.438 
1979 111.616 
1980 111.796 
1981 111.976 
1982 112.158 
1983 112.341 
1984 112.526 
1985 112.711 
1986 112.897 
1987 113.084 
1988 113.273 
1989 113.462 
1990 113.652 
1991 113.842 
1992 114.034 
1993 114.226 
1994 114.418 
1995 114.612 
1996 114.805 
1997 114.999 
1998 115.194 
1999 115.389 
2000 115.584 